 Raios
  0.577386372879E-06  0.116203537227E-05  0.175403835077E-05  0.235348781004E-05
  0.296047741529E-05  0.357510200987E-05  0.419745763013E-05  0.482764152041E-05
  0.546575214821E-05  0.611188921961E-05  0.676615369486E-05  0.742864780411E-05
  0.809947506340E-05  0.877874029087E-05  0.946654962309E-05  0.101630105317E-04
  0.108682318400E-04  0.115823237404E-04  0.123053978112E-04  0.130375670341E-04
  0.137789458122E-04  0.145296499872E-04  0.152897968584E-04  0.160595052001E-04
  0.168388952809E-04  0.176280888821E-04  0.184272093167E-04  0.192363814490E-04
  0.200557317137E-04  0.208853881361E-04  0.217254803516E-04  0.225761396262E-04
  0.234374988774E-04  0.243096926941E-04  0.251928573585E-04  0.260871308668E-04
  0.269926529512E-04  0.279095651011E-04  0.288380105862E-04  0.297781344777E-04
  0.307300836721E-04  0.316940069133E-04  0.326700548163E-04  0.336583798905E-04
  0.346591365637E-04  0.356724812063E-04  0.366985721554E-04  0.377375697397E-04
  0.387896363049E-04  0.398549362383E-04  0.409336359953E-04  0.420259041249E-04
  0.431319112963E-04  0.442518303252E-04  0.453858362015E-04  0.465341061156E-04
  0.476968194873E-04  0.488741579927E-04  0.500663055935E-04  0.512734485651E-04
  0.524957755261E-04  0.537334774675E-04  0.549867477828E-04  0.562557822980E-04
  0.575407793024E-04  0.588419395794E-04  0.601594664378E-04  0.614935657440E-04
  0.628444459536E-04  0.642123181446E-04  0.655973960495E-04  0.669998960898E-04
  0.684200374089E-04  0.698580419067E-04  0.713141342744E-04  0.727885420294E-04
  0.742814955510E-04  0.757932281160E-04  0.773239759358E-04  0.788739781929E-04
  0.804434770783E-04  0.820327178294E-04  0.836419487683E-04  0.852714213405E-04
  0.869213901545E-04  0.885921130213E-04  0.902838509947E-04  0.919968684122E-04
  0.937314329363E-04  0.954878155962E-04  0.972662908303E-04  0.990671365289E-04
  0.100890634078E-03  0.102737068402E-03  0.104606728012E-03  0.106499905044E-03
  0.108416895311E-03  0.110357998348E-03  0.112323517455E-03  0.114313759749E-03
  0.116329036209E-03  0.118369661727E-03  0.120435955154E-03  0.122528239352E-03
  0.124646841246E-03  0.126792091872E-03  0.128964326428E-03  0.131163884331E-03
  0.133391109267E-03  0.135646349244E-03  0.137929956647E-03  0.140242288296E-03
  0.142583705496E-03  0.144954574099E-03  0.147355264558E-03  0.149786151985E-03
  0.152247616212E-03  0.154740041848E-03  0.157263818338E-03  0.159819340029E-03
  0.162407006226E-03  0.165027221256E-03  0.167680394535E-03  0.170366940625E-03
  0.173087279304E-03  0.175841835632E-03  0.178631040013E-03  0.181455328267E-03
  0.184315141693E-03  0.187210927144E-03  0.190143137092E-03  0.193112229700E-03
  0.196118668896E-03  0.199162924442E-03  0.202245472009E-03  0.205366793251E-03
  0.208527375880E-03  0.211727713746E-03  0.214968306906E-03  0.218249661710E-03
  0.221572290876E-03  0.224936713573E-03  0.228343455497E-03  0.231793048959E-03
  0.235286032966E-03  0.238822953303E-03  0.242404362621E-03  0.246030820522E-03
  0.249702893648E-03  0.253421155769E-03  0.257186187869E-03  0.260998578242E-03
  0.264858922584E-03  0.268767824080E-03  0.272725893503E-03  0.276733749312E-03
  0.280792017740E-03  0.284901332901E-03  0.289062336884E-03  0.293275679853E-03
  0.297542020153E-03  0.301862024408E-03  0.306236367627E-03  0.310665733310E-03
  0.315150813554E-03  0.319692309163E-03  0.324290929755E-03  0.328947393873E-03
  0.333662429099E-03  0.338436772167E-03  0.343271169078E-03  0.348166375217E-03
  0.353123155468E-03  0.358142284340E-03  0.363224546081E-03  0.368370734806E-03
  0.373581654615E-03  0.378858119727E-03  0.384200954600E-03  0.389610994062E-03
  0.395089083443E-03  0.400636078706E-03  0.406252846581E-03  0.411940264698E-03
  0.417699221728E-03  0.423530617520E-03  0.429435363241E-03  0.435414381520E-03
  0.441468606591E-03  0.447598984439E-03  0.453806472947E-03  0.460092042049E-03
  0.466456673877E-03  0.472901362918E-03  0.479427116168E-03  0.486034953288E-03
  0.492725906768E-03  0.499501022082E-03  0.506361357856E-03  0.513307986031E-03
  0.520341992031E-03  0.527464474935E-03  0.534676547646E-03  0.541979337063E-03
  0.549373984263E-03  0.556861644675E-03  0.564443488260E-03  0.572120699697E-03
  0.579894478567E-03  0.587766039537E-03  0.595736612555E-03  0.603807443040E-03
  0.611979792075E-03  0.620254936607E-03  0.628634169643E-03  0.637118800455E-03
  0.645710154785E-03  0.654409575049E-03  0.663218420550E-03  0.672138067686E-03
  0.681169910172E-03  0.690315359251E-03  0.699575843918E-03  0.708952811143E-03
  0.718447726095E-03  0.728062072375E-03  0.737797352244E-03  0.747655086859E-03
  0.757636816511E-03  0.767744100866E-03  0.777978519207E-03  0.788341670683E-03
  0.798835174558E-03  0.809460670463E-03  0.820219818654E-03  0.831114300268E-03
  0.842145817592E-03  0.853316094321E-03  0.864626875835E-03  0.876079929467E-03
  0.887677044778E-03  0.899420033842E-03  0.911310731526E-03  0.923350995773E-03
  0.935542707902E-03  0.947887772890E-03  0.960388119680E-03  0.973045701477E-03
  0.985862496052E-03  0.998840506058E-03  0.101198175933E-02  0.102528830923E-02
  0.103876223491E-02  0.105240564172E-02  0.106622066146E-02  0.108020945275E-02
  0.109437420138E-02  0.110871712061E-02  0.112324045156E-02  0.113794646352E-02
  0.115283745434E-02  0.116791575077E-02  0.118318370881E-02  0.119864371413E-02
  0.121429818238E-02  0.123014955959E-02  0.124620032259E-02  0.126245297933E-02
  0.127891006932E-02  0.129557416403E-02  0.131244786724E-02  0.132953381551E-02
  0.134683467856E-02  0.136435315967E-02  0.138209199614E-02  0.140005395971E-02
  0.141824185697E-02  0.143665852982E-02  0.145530685589E-02  0.147418974902E-02
  0.149331015972E-02  0.151267107557E-02  0.153227552176E-02  0.155212656153E-02
  0.157222729664E-02  0.159258086788E-02  0.161319045552E-02  0.163405927987E-02
  0.165519060170E-02  0.167658772285E-02  0.169825398665E-02  0.172019277850E-02
  0.174240752638E-02  0.176490170138E-02  0.178767881828E-02  0.181074243604E-02
  0.183409615840E-02  0.185774363442E-02  0.188168855907E-02  0.190593467380E-02
  0.193048576711E-02  0.195534567515E-02  0.198051828234E-02  0.200600752196E-02
  0.203181737673E-02  0.205795187952E-02  0.208441511388E-02  0.211121121476E-02
  0.213834436909E-02  0.216581881648E-02  0.219363884988E-02  0.222180881623E-02
  0.225033311713E-02  0.227921620957E-02  0.230846260658E-02  0.233807687798E-02
  0.236806365106E-02  0.239842761132E-02  0.242917350317E-02  0.246030613074E-02
  0.249183035855E-02  0.252375111234E-02  0.255607337978E-02  0.258880221129E-02
  0.262194272083E-02  0.265550008666E-02  0.268947955219E-02  0.272388642678E-02
  0.275872608657E-02  0.279400397534E-02  0.282972560532E-02  0.286589655809E-02
  0.290252248544E-02  0.293960911024E-02  0.297716222736E-02  0.301518770454E-02
  0.305369148334E-02  0.309267958005E-02  0.313215808665E-02  0.317213317174E-02
  0.321261108149E-02  0.325359814067E-02  0.329510075359E-02  0.333712540511E-02
  0.337967866168E-02  0.342276717232E-02  0.346639766970E-02  0.351057697119E-02
  0.355531197987E-02  0.360060968569E-02  0.364647716652E-02  0.369292158922E-02
  0.373995021085E-02  0.378757037971E-02  0.383578953656E-02  0.388461521574E-02
  0.393405504636E-02  0.398411675349E-02  0.403480815938E-02  0.408613718466E-02
  0.413811184960E-02  0.419074027534E-02  0.424403068519E-02  0.429799140587E-02
  0.435263086887E-02  0.440795761170E-02  0.446398027928E-02  0.452070762528E-02
  0.457814851344E-02  0.463631191904E-02  0.469520693021E-02  0.475484274943E-02
  0.481522869491E-02  0.487637420208E-02  0.493828882505E-02  0.500098223810E-02
  0.506446423721E-02  0.512874474157E-02  0.519383379514E-02  0.525974156821E-02
  0.532647835902E-02  0.539405459531E-02  0.546248083602E-02  0.553176777288E-02
  0.560192623212E-02  0.567296717614E-02  0.574490170523E-02  0.581774105930E-02
  0.589149661967E-02  0.596617991077E-02  0.604180260204E-02  0.611837650966E-02
  0.619591359846E-02  0.627442598378E-02  0.635392593334E-02  0.643442586916E-02
  0.651593836952E-02  0.659847617091E-02  0.668205217004E-02  0.676667942583E-02
  0.685237116145E-02  0.693914076642E-02  0.702700179865E-02  0.711596798663E-02
  0.720605323148E-02  0.729727160923E-02  0.738963737292E-02  0.748316495489E-02
  0.757786896902E-02  0.767376421300E-02  0.777086567066E-02  0.786918851430E-02
  0.796874810706E-02  0.806956000534E-02  0.817163996119E-02  0.827500392483E-02
  0.837966804706E-02  0.848564868189E-02  0.859296238900E-02  0.870162593638E-02
  0.881165630292E-02  0.892307068109E-02  0.903588647962E-02  0.915012132620E-02
  0.926579307026E-02  0.938291978576E-02  0.950151977396E-02  0.962161156638E-02
  0.974321392758E-02  0.986634585819E-02  0.999102659782E-02  0.101172756281E-01
  0.102451126757E-01  0.103745577154E-01  0.105056309732E-01  0.106383529297E-01
  0.107727443229E-01  0.109088261517E-01  0.110466196792E-01  0.111861464359E-01
  0.113274282231E-01  0.114704871165E-01  0.116153454692E-01  0.117620259157E-01
  0.119105513750E-01  0.120609450547E-01  0.122132304540E-01  0.123674313678E-01
  0.125235718903E-01  0.126816764188E-01  0.128417696574E-01  0.130038766211E-01
  0.131680226394E-01  0.133342333605E-01  0.135025347550E-01  0.136729531205E-01
  0.138455150851E-01  0.140202476120E-01  0.141971780036E-01  0.143763339055E-01
  0.145577433112E-01  0.147414345663E-01  0.149274363731E-01  0.151157777945E-01
  0.153064882593E-01  0.154995975665E-01  0.156951358898E-01  0.158931337824E-01
  0.160936221819E-01  0.162966324150E-01  0.165021962024E-01  0.167103456641E-01
  0.169211133236E-01  0.171345321139E-01  0.173506353822E-01  0.175694568949E-01
  0.177910308434E-01  0.180153918491E-01  0.182425749688E-01  0.184726157004E-01
  0.187055499882E-01  0.189414142287E-01  0.191802452760E-01  0.194220804481E-01
  0.196669575322E-01  0.199149147909E-01  0.201659909679E-01  0.204202252944E-01
  0.206776574951E-01  0.209383277943E-01  0.212022769221E-01  0.214695461213E-01
  0.217401771532E-01  0.220142123044E-01  0.222916943934E-01  0.225726667775E-01
  0.228571733590E-01  0.231452585929E-01  0.234369674929E-01  0.237323456391E-01
  0.240314391850E-01  0.243342948646E-01  0.246409599998E-01  0.249514825074E-01
  0.252659109074E-01  0.255842943297E-01  0.259066825225E-01  0.262331258596E-01
  0.265636753483E-01  0.268983826378E-01  0.272373000267E-01  0.275804804716E-01
  0.279279775950E-01  0.282798456942E-01  0.286361397492E-01  0.289969154317E-01
  0.293622291137E-01  0.297321378761E-01  0.301066995179E-01  0.304859725652E-01
  0.308700162802E-01  0.312588906704E-01  0.316526564983E-01  0.320513752906E-01
  0.324551093478E-01  0.328639217544E-01  0.332778763880E-01  0.336970379299E-01
  0.341214718749E-01  0.345512445418E-01  0.349864230833E-01  0.354270754970E-01
  0.358732706357E-01  0.363250782184E-01  0.367825688408E-01  0.372458139869E-01
  0.377148860396E-01  0.381898582924E-01  0.386708049607E-01  0.391578011933E-01
  0.396509230844E-01  0.401502476853E-01  0.406558530165E-01  0.411678180799E-01
  0.416862228710E-01  0.422111483917E-01  0.427426766626E-01  0.432808907361E-01
  0.438258747092E-01  0.443777137369E-01  0.449364940450E-01  0.455023029441E-01
  0.460752288430E-01  0.466553612626E-01  0.472427908497E-01  0.478376093915E-01
  0.484399098294E-01  0.490497862742E-01  0.496673340203E-01  0.502926495608E-01
  0.509258306025E-01  0.515669760813E-01  0.522161861774E-01  0.528735623312E-01
  0.535392072592E-01  0.542132249696E-01  0.548957207791E-01  0.555868013291E-01
  0.562865746023E-01  0.569951499397E-01  0.577126380576E-01  0.584391510651E-01
  0.591748024812E-01  0.599197072530E-01  0.606739817734E-01  0.614377438993E-01
  0.622111129700E-01  0.629942098262E-01  0.637871568282E-01  0.645900778757E-01
  0.654030984266E-01  0.662263455171E-01  0.670599477813E-01  0.679040354712E-01
  0.687587404771E-01  0.696241963486E-01  0.705005383148E-01  0.713879033059E-01
  0.722864299746E-01  0.731962587175E-01  0.741175316971E-01  0.750503928642E-01
  0.759949879803E-01  0.769514646404E-01  0.779199722957E-01  0.789006622776E-01
  0.798936878210E-01  0.808992040880E-01  0.819173681927E-01  0.829483392252E-01
  0.839922782769E-01  0.850493484654E-01  0.861197149600E-01  0.872035450077E-01
  0.883010079591E-01  0.894122752951E-01  0.905375206534E-01  0.916769198559E-01
  0.928306509361E-01  0.939988941667E-01  0.951818320883E-01  0.963796495371E-01
  0.975925336747E-01  0.988206740166E-01  0.100064262462      0.101323493325    
  0.102598563362      0.103889671806      0.105197020395      0.106520813404    
  0.107861257680      0.109218562669      0.110592940454      0.111984605782    
  0.113393776106      0.114820671610      0.116265515250      0.117728532786    
  0.119209952817      0.120710006818      0.122228929175      0.123766957224    
  0.125324331284      0.126901294699      0.128498093871      0.130114978304    
  0.131752200640      0.133410016697      0.135088685514      0.136788469384    
  0.138509633904      0.140252448009      0.142017184016      0.143804117669    
  0.145613528181      0.147445698275      0.149300914232      0.151179465933    
  0.153081646906      0.155007754369      0.156958089283      0.158932956389    
  0.160932664265      0.162957525371      0.165007856093      0.167083976801    
  0.169186211893      0.171314889847      0.173470343273      0.175652908966    
  0.177862927956      0.180100745563      0.182366711450      0.184661179678    
  0.186984508765      0.189337061734      0.191719206176      0.194131314306    
  0.196573763022      0.199046933961      0.201551213561      0.204086993120    
  0.206654668859      0.209254641983      0.211887318744      0.214553110501    
  0.217252433791      0.219985710387      0.222753367372      0.225555837195    
  0.228393557749      0.231266972434      0.234176530226      0.237122685750    
  0.240105899348      0.243126637154      0.246185371164      0.249282579312    
  0.252418745542      0.255594359887      0.258809918543      0.262065923948    
  0.265362884859      0.268701316434      0.272081740308      0.275504684680    
  0.278970684391      0.282480281013      0.286034022925      0.289632465408    
  0.293276170725      0.296965708213      0.300701654369      0.304484592943    
  0.308315115027      0.312193819147      0.316121311358      0.320098205341    
  0.324125122491      0.328202692024      0.332331551067      0.336512344764    
  0.340745726372      0.345032357365      0.349372907539      0.353768055112    
  0.358218486836      0.362724898100      0.367287993040      0.371908484648    
  0.376587094886      0.381324554797      0.386121604617      0.390978993896    
  0.395897481610      0.400877836284      0.405920836108      0.411027269060    
  0.416197933033      0.421433635951      0.426735195905      0.432103441273    
  0.437539210856      0.443043354004      0.448616730749      0.454260211943    
  0.459974679392      0.465761025993      0.471620155875      0.477552984537    
  0.483560438998      0.489643457933      0.495802991827      0.502040003120    
  0.508355466357      0.514750368342      0.521225708293      0.527782497992    
  0.534421761954      0.541144537575      0.547951875304      0.554844838800    
  0.561824505104      0.568891964802      0.576048322200      0.583294695492    
  0.590632216940      0.598062033045      0.605585304732      0.613203207528    
  0.620916931745      0.628727682668      0.636636680743      0.644645161767    
  0.652754377082      0.660965593768      0.669280094846      0.677699179472    
  0.686224163147      0.694856377915      0.703597172579      0.712447912905    
  0.721409981839      0.730484779723      0.739673724512      0.748978251998    
  0.758399816032      0.767939888753      0.777599960816      0.787381541628    
  0.797286159579      0.807315362288      0.817470716837      0.827753810021    
  0.838166248594      0.848709659521      0.859385690232      0.870196008878    
  0.881142304593      0.892226287758      0.903449690268      0.914814265803    
  0.926321790100      0.937974061234      0.949772899896      0.961720149679    
  0.973817677364      0.986067373214      0.998471151270       1.01103094965    
   1.02374873084       1.03662648203       1.04966621538       1.06286996839    
   1.07623980417       1.08977781178       1.10348610656       1.11736683047    
   1.13142215238       1.14565426849       1.16006540257       1.17465780641    
   1.18943376009       1.20439557239       1.21954558112       1.23488615350    
   1.25041968652       1.26614860734       1.28207537363       1.29820247397    
   1.31453242827       1.33106778810       1.34781113716       1.36476509162    
   1.38193230057       1.39931544644       1.41691724536       1.43474044765    
   1.45278783823       1.47106223704       1.48956649949       1.50830351690    
   1.52727621699       1.54648756426       1.56594056053       1.58563824537    
   1.60558369659       1.62578003070       1.64623040341       1.66693801015    
   1.68790608652       1.70913790882       1.73063679457       1.75240610301    
   1.77444923565       1.79676963675       1.81937079395       1.84225623870    
   1.86542954691       1.88889433945       1.91265428275       1.93671308935    
   1.96107451848       1.98574237666       2.01072051831       2.03601284630    
   2.06162331260       2.08755591892       2.11381471727       2.14040381065    
   2.16732735364       2.19458955312       2.22219466885       2.25014701420    
   2.27845095676       2.30711091909       2.33613137937       2.36551687211    
   2.39527198884       2.42540137886       2.45590974996       2.48680186913    
   2.51808256331       2.54975672020       2.58182928893       2.61430528091    
   2.64718977059       2.68048789622       2.71420486072       2.74834593241    
   2.78291644593       2.81792180297       2.85336747320       2.88925899508    
   2.92560197672       2.96240209680       2.99966510541       3.03739682496    
   3.07560315112       3.11429005370       3.15346357761       3.19312984379    
   3.23329505018       3.27396547267       3.31514746610       3.35684746524    
   3.39907198580       3.44182762544       3.48512106482       3.52895906864    
   3.57334848666       3.61829625482       3.66380939631       3.70989502264    
   3.75656033479       3.80381262431       3.85165927446       3.90010776138    
   3.94916565525       3.99884062145       4.04914042181       4.10007291578    
   4.15164606165       4.20386791784       4.25674664411       4.31029050288    
   4.36450786048       4.41940718849       4.47499706504       4.53128617615    
   4.58828331712       4.64599739386       4.70443742433       4.76361253988    
   4.82353198676       4.88420512750       4.94564144239       5.00785053100    
   5.07084211361       5.13462603280       5.19921225491       5.26461087170    
   5.33083210182       5.39788629247       5.46578392100       5.53453559657    
   5.60415206176       5.67464419428       5.74602300868       5.81829965803    
   5.89148543571       5.96559177715       6.04063026162       6.11661261403    
   6.19355070677       6.27145656159       6.35034235142       6.43022040234    
   6.51110319546       6.59300336886       6.67593371963       6.75990720580    
   6.84493694839       6.93103623348       7.01821851426       7.10649741313    
   7.19588672385       7.28640041368       7.37805262558       7.47085768038    
   7.56483007907       7.65998450502       7.75633582630       7.85389909801    
   7.95268956461       8.05272266230       8.15401402146       8.25657946908    
   8.36043503121       8.46559693550       8.57208161370       8.67990570426    
   8.78908605493       8.89963972534       9.01158398974       9.12493633965    
   9.23971448660       9.35593636490       9.47362013447       9.59278418363    
   9.71344713201       9.83562783344       9.95934537890       10.0846190995    
   10.2114685695       10.3399136095       10.4699742892       10.6016709308    
   10.7350241122       10.8700546702       11.0067837035       11.1452325763    
   11.2854229216       11.4273766443       11.5711159250       11.7166632233    
   11.8640412813       12.0132731270       12.1643820783       12.3173917462    
   12.4723260387       12.6292091648       12.7880656376       12.9489202790    
   13.1117982226       13.2767249185       13.4437261369       13.6128279720    
   13.7840568464       13.9574395149       14.1330030688       14.3107749404    
   14.4907829069       14.6730550949       14.8576199847       15.0445064151    
   15.2337435874       15.4253610703       15.6193888044       15.8158571069    
   16.0147966765       16.2162385978       16.4202143466       16.6267557944    
   16.8358952138       17.0476652833       17.2620990923       17.4792301467    
   17.6990923734       17.9217201265       18.1471481921       18.3754117936    
   18.6065465977       18.8405887198       19.0775747294       19.3175416561    
   19.5605269951       19.8065687134       20.0557052555       20.3079755496    
   20.5634190133       20.8220755602       21.0839856060       21.3491900747    
   21.6177304048       21.8896485565       22.1649870175       22.4437888100    
   22.7260974973       23.0119571908       23.3014125566       23.5945088226    
   23.8912917859       24.1918078192       24.4961038789       24.8042275119    
   25.1162268630       25.4321506829       25.7520483352       26.0759698047    
   26.4039657046       26.7360872851       27.0723864408       27.4129157191    
   27.7577283285       28.1068781465       28.4604197286       28.8184083164    
   29.1808998463       29.5479509583       29.9196190049       30.2959620601    
   30.6770389281       31.0629091531       31.4536330279       31.8492716041    
   32.2498867010       32.6555409155       33.0662976318       33.4822210316    
   33.9033761037       34.3298286544       34.7616453179       35.1988935664    
   35.6416417208       36.0899589614       36.5439153387       37.0035817843    
   37.4690301220       37.9403330790       38.4175642975       38.9007983457    
   39.3901107300       39.8855779064       40.3872772926       40.8952872803    
   41.4096872470       41.9305575687       42.4579796325       42.9920358492    
   43.5328096662       44.0803855804       44.6348491517       45.1962870162    
   45.7647868996       46.3404376313       46.9233291578       47.5135525571    
   48.1112000528       48.7163650286       49.3291420428       49.9496268429    
   50.5779163810       51.2141088286       51.8583035921       52.5106013282    
   53.1711039598       53.8399146917       54.5171380269       55.2028797831    
   55.8972471088       56.6003485002       57.3122938184       58.0331943062    
   58.7631626059       59.5023127765       60.2507603117       61.0086221580    
   61.7760167328       62.5530639430       63.3398852039       64.1366034579    
   64.9433431939       65.7602304665       66.5873929161       67.4249597885    
   68.2730619552       69.1318319340       70.0014039092       70.8819137535    
   71.7734990481       72.6762991052       73.5904549890       74.5161095383    
   75.4534073885       76.4024949943       77.3635206526       78.3366345255    
   79.3219886642       80.3197370321       81.3300355295       82.3530420175    
   83.3889163432       84.4378203638       85.4999179728       86.5753751252    
   87.6643598632       88.7670423430       89.8835948609       91.0141918805    
   92.1590100600       93.3182282794       94.4920276691       95.6805916375    
   96.8841059002       98.1027585087       99.3367398800       100.586242826    
   101.851462585       103.132596848       104.429845798       105.743412130    
   107.073501092       108.420320514       109.784080839       111.164995158    
   112.563279240       113.979151570       115.412833382       116.864548691    
   118.334524331       119.822989989    
Down potential follows (l on next line)
 1
  -107.966464512      -108.081932023      -107.919782295      -108.028189987    
  -107.990117143      -108.001326466      -107.990437444      -107.995556277    
  -107.993152373      -107.992685335      -107.991950301      -107.991229309    
  -107.990502621      -107.989780321      -107.989057429      -107.988335976    
  -107.987615109      -107.986895033      -107.986175625      -107.985456864    
  -107.984738706      -107.984021123      -107.983304088      -107.982587578    
  -107.981871577      -107.981156073      -107.980441058      -107.979726531    
  -107.979012493      -107.978298954      -107.977585926      -107.976873429    
  -107.976161487      -107.975450131      -107.974739396      -107.974029326    
  -107.973319969      -107.972611380      -107.971903622      -107.971196761    
  -107.970490875      -107.969786044      -107.969082360      -107.968379917    
  -107.967678821      -107.966979184      -107.966281125      -107.965584770    
  -107.964890255      -107.964197723      -107.963507324      -107.962819217    
  -107.962133567      -107.961450550      -107.960770346      -107.960093146    
  -107.959419147      -107.958748552      -107.958081574      -107.957418430    
  -107.956759346      -107.956104552      -107.955454285      -107.954808787    
  -107.954168304      -107.953533088      -107.952903393      -107.952279475    
  -107.951661594      -107.951050009      -107.950444981      -107.949846767    
  -107.949255624      -107.948671807      -107.948095563      -107.947527135    
  -107.946966759      -107.946414659      -107.945871052      -107.945336140    
  -107.944810112      -107.944293140      -107.943785379      -107.943286964    
  -107.942798008      -107.942318600      -107.941848801      -107.941388648    
  -107.940938144      -107.940497262      -107.940065939      -107.939644076    
  -107.939231537      -107.938828145      -107.938433680      -107.938047880    
  -107.937670437      -107.937300997      -107.936939157      -107.936584468    
  -107.936236427      -107.935894486      -107.935558044      -107.935226449    
  -107.934899000      -107.934574944      -107.934253483      -107.933933766    
  -107.933614898      -107.933295938      -107.932975903      -107.932653765    
  -107.932328461      -107.931998891      -107.931663920      -107.931322383    
  -107.930973089      -107.930614824      -107.930246352      -107.929866422    
  -107.929473770      -107.929067124      -107.928645206      -107.928206738    
  -107.927750444      -107.927275054      -107.926779310      -107.926261967    
  -107.925721795      -107.925157586      -107.924568156      -107.923952345    
  -107.923309022      -107.922637088      -107.921935474      -107.921203150    
  -107.920439118      -107.919642420      -107.918812135      -107.917947383    
  -107.917047323      -107.916111152      -107.915138110      -107.914127476    
  -107.913078567      -107.911990741      -107.910863392      -107.909695953    
  -107.908487892      -107.907238711      -107.905947947      -107.904615169    
  -107.903239975      -107.901821993      -107.900360878      -107.898856311    
  -107.897307994      -107.895715656      -107.894079042      -107.892397918    
  -107.890672065      -107.888901282      -107.887085377      -107.885224175    
  -107.883317507      -107.881365215      -107.879367147      -107.877323159    
  -107.875233109      -107.873096858      -107.870914272      -107.868685213    
  -107.866409547      -107.864087136      -107.861717839      -107.859301513    
  -107.856838011      -107.854327179      -107.851768859      -107.849162884    
  -107.846509082      -107.843807271      -107.841057264      -107.838258860    
  -107.835411852      -107.832516022      -107.829571143      -107.826576975    
  -107.823533268      -107.820439762      -107.817296183      -107.814102247    
  -107.810857658      -107.807562106      -107.804215272      -107.800816820    
  -107.797366405      -107.793863669      -107.790308238      -107.786699728    
  -107.783037742      -107.779321869      -107.775551684      -107.771726750    
  -107.767846618      -107.763910823      -107.759918888      -107.755870325    
  -107.751764628      -107.747601282      -107.743379756      -107.739099508    
  -107.734759979      -107.730360601      -107.725900790      -107.721379949    
  -107.716797468      -107.712152724      -107.707445079      -107.702673884    
  -107.697838474      -107.692938172      -107.687972289      -107.682940119    
  -107.677840945      -107.672674036      -107.667438647      -107.662134019    
  -107.656759382      -107.651313949      -107.645796920      -107.640207483    
  -107.634544810      -107.628808061      -107.622996380      -107.617108898    
  -107.611144734      -107.605102988      -107.598982751      -107.592783096    
  -107.586503083      -107.580141757      -107.573698150      -107.567171277    
  -107.560560140      -107.553863725      -107.547081004      -107.540210933    
  -107.533252453      -107.526204491      -107.519065956      -107.511835744    
  -107.504512733      -107.497095788      -107.489583756      -107.481975467    
  -107.474269738      -107.466465366      -107.458561135      -107.450555810    
  -107.442448139      -107.434236854      -107.425920670      -107.417498284    
  -107.408968377      -107.400329610      -107.391580628      -107.382720057    
  -107.373746506      -107.364658564      -107.355454804      -107.346133777    
  -107.336694018      -107.327134042      -107.317452343      -107.307647398    
  -107.297717664      -107.287661577      -107.277477553      -107.267163988    
  -107.256719258      -107.246141717      -107.235429701      -107.224581521    
  -107.213595470      -107.202469816      -107.191202809      -107.179792673    
  -107.168237614      -107.156535812      -107.144685427      -107.132684593    
  -107.120531423      -107.108224007      -107.095760410      -107.083138673    
  -107.070356814      -107.057412826      -107.044304677      -107.031030310    
  -107.017587645      -107.003974574      -106.990188965      -106.976228659    
  -106.962091471      -106.947775192      -106.933277582      -106.918596377    
  -106.903729287      -106.888673991      -106.873428144      -106.857989370    
  -106.842355267      -106.826523403      -106.810491318      -106.794256524    
  -106.777816503      -106.761168706      -106.744310556      -106.727239447    
  -106.709952739      -106.692447766      -106.674721828      -106.656772195    
  -106.638596106      -106.620190767      -106.601553356      -106.582681014    
  -106.563570852      -106.544219950      -106.524625352      -106.504784072    
  -106.484693088      -106.464349347      -106.443749759      -106.422891204    
  -106.401770524      -106.380384530      -106.358729994      -106.336803658    
  -106.314602224      -106.292122363      -106.269360706      -106.246313853    
  -106.222978364      -106.199350765      -106.175427544      -106.151205154    
  -106.126680010      -106.101848491      -106.076706937      -106.051251653    
  -106.025478904      -105.999384921      -105.972965893      -105.946217973    
  -105.919137277      -105.891719880      -105.863961820      -105.835859098    
  -105.807407674      -105.778603471      -105.749442371      -105.719920218    
  -105.690032820      -105.659775940      -105.629145308      -105.598136610    
  -105.566745495      -105.534967572      -105.502798411      -105.470233542    
  -105.437268458      -105.403898608      -105.370119405      -105.335926223    
  -105.301314394      -105.266279213      -105.230815933      -105.194919772    
  -105.158585904      -105.121809468      -105.084585560      -105.046909241    
  -105.008775530      -104.970179409      -104.931115821      -104.891579669    
  -104.851565820      -104.811069101      -104.770084303      -104.728606175    
  -104.686629433      -104.644148753      -104.601158773      -104.557654095    
  -104.513629284      -104.469078868      -104.423997338      -104.378379150    
  -104.332218722      -104.285510437      -104.238248643      -104.190427652    
  -104.142041741      -104.093085152      -104.043552092      -103.993436735    
  -103.942733219      -103.891435651      -103.839538100      -103.787034606    
  -103.733919174      -103.680185776      -103.625828353      -103.570840810    
  -103.515217025      -103.458950840      -103.402036068      -103.344466490    
  -103.286235854      -103.227337880      -103.167766254      -103.107514635    
  -103.046576650      -102.984945893      -102.922615933      -102.859580305    
  -102.795832516      -102.731366042      -102.666174330      -102.600250798    
  -102.533588834      -102.466181794      -102.398023007      -102.329105772    
  -102.259423357      -102.188969002      -102.117735915      -102.045717275    
  -101.972906230      -101.899295899      -101.824879370      -101.749649698    
  -101.673599909      -101.596722998      -101.519011927      -101.440459625    
  -101.361058992      -101.280802892      -101.199684157      -101.117695586    
  -101.034829944      -100.951079960      -100.866438332      -100.780897718    
  -100.694450744      -100.607089999      -100.518808034      -100.429597365    
  -100.339450469      -100.248359787      -100.156317720      -100.063316632    
  -99.9693488478      -99.8744066520      -99.7784822908      -99.6815679704    
  -99.5836558572      -99.4847380777      -99.3848067180      -99.2838538244    
  -99.1818714029      -99.0788514196      -98.9747858005      -98.8696664319    
  -98.7634851607      -98.6562337945      -98.5479041021      -98.4384878136    
  -98.3279766211      -98.2163621790      -98.1036361044      -97.9897899775    
  -97.8748153422      -97.7587037060      -97.6414465408      -97.5230352827    
  -97.4034613324      -97.2827160548      -97.1607907791      -97.0376767978    
  -96.9133653666      -96.7878477030      -96.6611149853      -96.5331583508    
  -96.4039688938      -96.2735376636      -96.1418556615      -96.0089138379    
  -95.8747030891      -95.7392142535      -95.6024381082      -95.4643653645    
  -95.3249866650      -95.1842925794      -95.0422736019      -94.8989201491    
  -94.7542225590      -94.6081710915      -94.4607559317      -94.3119671953    
  -94.1617949373      -94.0102291658      -93.8572598599      -93.7028769940    
  -93.5470705687      -93.3898306496      -93.2311474153      -93.0710112146    
  -92.9094126344      -92.7463425788      -92.5817923601      -92.4157538008    
  -92.2482193472      -92.0791821939      -91.9086364160      -91.7365771093    
  -91.5630005327      -91.3879042517      -91.2112872762      -91.0331501874    
  -90.8534952490      -90.6723264950      -90.4896497835      -90.3054728195    
  -90.1198051312      -89.9326579868      -89.7440442739      -89.5539783132    
  -89.3624756119      -89.1695525701      -88.9752261316      -88.7795133950    
  -88.5824311916      -88.3839956434      -88.1842217147      -87.9831227719    
  -87.7807101664      -87.5769928535      -87.3719770613      -87.1656660171    
  -86.9580597417      -86.7491549146      -86.5389448129      -86.3274193237    
  -86.1145650283      -85.9003653534      -85.6848007855      -85.4678491422    
  -85.2494858940      -85.0296845286      -84.8084169495      -84.5856538998    
  -84.3613653992      -84.1355211836      -83.9080911337      -83.6790456811    
  -83.4483561804      -83.2159952367      -82.9819369829      -82.7461573005    
  -82.5086339849      -82.2693468564      -82.0282778214      -81.7854108899    
  -81.5407321580      -81.2942297615      -81.0458938094      -80.7957163018    
  -80.5436910398      -80.2898135285      -80.0340808787      -79.7764917064    
  -79.5170460336      -79.2557451887      -78.9925917086      -78.7275892407    
  -78.4607424472      -78.1920569095      -77.9215390349      -77.6491959645    
  -77.3750354845      -77.0990659394      -76.8212961492      -76.5417353307    
  -76.2603930231      -75.9772790184      -75.6924032978      -75.4057759729    
  -75.1174072335      -74.8273073013      -74.5354863899      -74.2419546708    
  -73.9467222463      -73.6497991288      -73.3511952255      -73.0509203307    
  -72.7489841227      -72.4453961679      -72.1401659295      -71.8333027818    
  -71.5248160300      -71.2147149335      -70.9030087343      -70.5897066890    
  -70.2748181038      -69.9583523735      -69.6403190227      -69.3207277515    
  -68.9995884834      -68.6769114197      -68.3527070981      -68.0269864615    
  -67.6997609363      -67.3710425268      -67.0408439291      -66.7091786698    
  -66.3760612774      -66.0415074920      -65.7055345215      -65.3681613505    
  -65.0294091084      -64.6893014994      -64.3478652939      -64.0051308786    
  -63.6611328486      -63.3159106320      -62.9695090993      -62.6219791500    
  -62.2733782038      -61.9237705273      -61.5732273951      -61.2218269618    
  -60.8696538007      -60.5167980824      -60.1633543283      -59.8094197408    
  -59.4550921132      -59.1004673616      -58.7456367490      -58.3906839118    
  -58.0356818284      -57.6806899130      -57.3257514556      -56.9708916443    
  -56.6161164256      -56.2614124341      -55.9067481533      -55.5520763659    
  -55.1973377923      -54.8424656562      -54.4873907565      -54.1320465373    
  -53.7763736303      -53.4203234299      -53.0638604148      -52.7069631265    
  -52.3496239060      -51.9918476379      -51.6336498355      -51.2750544180    
  -50.9160914913      -50.5567953706      -50.1972029926      -49.8373527780    
  -49.4772839336      -49.1170361300      -48.7566494609      -48.3961645790    
  -48.0356229099      -47.6750668581      -47.3145399442      -46.9540868334    
  -46.5937532375      -46.2335856916      -45.8736312198      -45.5139369109    
  -45.1545494325      -44.7955145105      -44.4368763989      -44.0786773650    
  -43.7209572062      -43.3637528158      -43.0070978083      -42.6510222133    
  -42.2955522433      -41.9407101406      -41.5865141056      -41.2329783075    
  -40.8801129787      -40.5279245919      -40.1764161175      -39.8255873592    
  -39.4754353609      -39.1259548770      -38.7771388955      -38.4289791961    
  -38.0814669237      -37.7345931505      -37.3883493929      -37.0427280435    
  -36.6977226746      -36.3533281595      -36.0095405627      -35.6663567464    
  -35.3237736550      -34.9817872489      -34.6403911052      -34.2995747287    
  -33.9593216897      -33.6196078155      -33.2803997272      -32.9416541764    
  -32.6033187813      -32.2653348620      -31.9276432069      -31.5901935733    
  -31.2529585372      -30.9159519505      -30.5792514904      -30.2430237159    
  -29.9075487517      -29.5732402899      -29.2406554532      -28.9104885314    
  -28.5835430172      -28.2606779460      -27.9427274480      -27.6303969633    
  -27.3241462492      -27.0240781503      -26.7298610948      -26.4407169678    
  -26.1554969760      -25.8728430292      -25.5913988696      -25.3100119524    
  -25.0278699885      -24.7445446422      -24.4599514809      -24.1742597191    
  -23.8877893193      -23.6009220931      -23.3140383217      -23.0274788952    
  -22.7415273611      -22.4564052597      -22.1722753976      -21.8892494709    
  -21.6073978515      -21.3267601899      -21.0473559095      -20.7691938756    
  -20.4922806835      -20.2166271892      -19.9422531129      -19.6691897517    
  -19.3974810067      -19.1271830407      -18.8583629320      -18.5910966817    
  -18.3254668927      -18.0615603686      -17.7994658177      -17.5392717797    
  -17.2810648423      -17.0249281719      -16.7709403593      -16.5191745581    
  -16.2696978897      -16.0225710800      -15.7778482965      -15.5355771544    
  -15.2957988630      -15.0585484888      -14.8238553115      -14.5917432554    
  -14.3622313764      -14.1353343888      -13.9110632162      -13.6894255469    
  -13.4704263885      -13.2540685835      -13.0403532888      -12.8292804076    
  -12.6208489310      -12.4150571806      -12.2119029632      -12.0113836421    
  -11.8134960425      -11.6182362866      -11.4255995545      -11.2355797770    
  -11.0481693222      -10.8633587354      -10.6811366408      -10.5014898191    
  -10.3244036300      -10.1498628663      -9.97785310028      -9.80836261963    
  -9.64138494865      -9.47692190563      -9.31498703583      -9.15560914042    
  -8.99883548510      -8.84473414429      -8.69339484690      -8.54492767623    
  -8.39945907835      -8.25712487997      -8.11806041051      -7.98238832912    
  -7.85020529337      -7.72156905383      -7.59648778427      -7.47491335552    
  -7.35673979450      -7.24180739919      -7.12991206185      -7.02081850007    
  -6.91427551340      -6.81003120199      -6.70784631612      -6.60750445127    
  -6.50881849378      -6.41163338029      -6.31582573080      -6.22130119050    
  -6.12799038013      -6.03584426112      -5.94482953870      -5.85492451724    
  -5.76611562942      -5.67839470931      -5.59175697499      -5.50619962509    
  -5.42172092683      -5.33831967029      -5.25599487497      -5.17474565410    
  -5.09457116338      -5.01547058155      -4.93744308813      -4.86048781831    
  -4.78460378610      -4.70978977502      -4.63604420060      -4.56336495248    
  -4.49174922503      -4.42119334627      -4.35169261416      -4.28324114858    
  -4.21583176821      -4.14945589306      -4.08410349433      -4.01976306870    
  -3.95642166421      -3.89406497972      -3.83267747704      -3.77224257045    
  -3.71274288359      -3.65416054847      -3.59647757592      -3.53967628115    
  -3.48373976540      -3.42865244766      -3.37440063404      -3.32097311775    
  -3.26836178870      -3.21656222742      -3.16557427286      -3.11540252555    
  -3.06605675831      -3.01755221049      -2.96990973253      -2.92315575846    
  -2.87732208584      -2.83244545078      -2.78856689409      -2.74573092415    
  -2.70398449202      -2.66337580365      -2.62395300234      -2.58576276123    
  -2.54884882964      -2.51325057928      -2.47900159580      -2.44612835843    
  -2.41464904626      -2.38457250415      -2.35589739492      -2.32861155784    
  -2.30269158766      -2.27810264201      -2.25479848054      -2.23272173442    
  -2.21180440114      -2.19196855637      -2.17312727127      -2.15518572079    
  -2.13804246493      -2.12159088164      -2.10572072554      -2.09031978310    
  -2.07527559017      -2.06047717397      -2.04581677862      -2.03119153109    
  -2.01650500381      -2.00166863175      -1.98660294517      -1.97123858477    
  -1.95551707315      -1.93939132595      -1.92282589535      -1.90579694929    
  -1.88829199937      -1.87030939949      -1.85185764443      -1.83295450326    
  -1.81362602543      -1.79390545907      -1.77383211968      -1.75345024534    
  -1.73280787047      -1.71195574547      -1.69094632438      -1.66983283708    
  -1.64866845754      -1.62750557456      -1.60639516742      -1.58538628511    
  -1.56452562497      -1.54385720459      -1.52342211908      -1.50325837499    
  -1.48340079190      -1.46388096218      -1.44472726027      -1.42596489287    
  -1.40761598229      -1.38969967596      -1.37223227570      -1.35522738142    
  -1.33869604446      -1.32264692660      -1.30708646158      -1.29201901618    
  -1.27744704902      -1.26337126519      -1.24979076553      -1.23670318976    
  -1.22410485260      -1.21199087275      -1.20035529445      -1.18919120151    
  -1.17849082413      -1.16824563846      -1.15844645933      -1.14908352636    
  -1.14014658381      -1.13162495459      -1.12350760864      -1.11578322616    
  -1.10844025601      -1.10146696951      -1.09485151014      -1.08858193923    
  -1.08264627810      -1.07703254669      -1.07172879915      -1.06672315642    
  -1.06200383607      -1.05755917957      -1.05337767709      -1.04944799015    
  -1.04575897197      -1.04229968590      -1.03905942189      -1.03602771119    
  -1.03319433924      -1.03054935702      -1.02808309077      -1.02578615028    
  -1.02364943570      -1.02166414308      -1.01982176859      -1.01811411154    
  -1.01653327626      -1.01507167286      -1.01372201703      -1.01247732881    
  -1.01133093047      -1.01027644361      -1.00930778538      -1.00841916409    
  -1.00760507398      -1.00686028968      -1.00617986005      -1.00555909361    
  -1.00514849071      -1.00521326398      -1.00527882876      -1.00534522392    
  -1.00541246900      -1.00548055445      -1.00554949421      -1.00561929905    
  -1.00568998175      -1.00576155340      -1.00583402522      -1.00590740856    
  -1.00598171491      -1.00605695589      -1.00613314326      -1.00621028894    
  -1.00628840498      -1.00636750359      -1.00644759714      -1.00652869814    
  -1.00661081926      -1.00669397334      -1.00677817337      -1.00686343250    
  -1.00694976406      -1.00703718153      -1.00712569858      -1.00721532904    
  -1.00730608692      -1.00739798638      -1.00749104180      -1.00758526771    
  -1.00768067884      -1.00777729009      -1.00787511656      -1.00797417354    
  -1.00807447650      -1.00817604111      -1.00827888325      -1.00838301899    
  -1.00848846460      -1.00859523654      -1.00870335151      -1.00881282640    
  -1.00892367832      -1.00903592458      -1.00914958272      -1.00926467051    
  -1.00938120592      -1.00949920717      -1.00961869269      -1.00973968116    
  -1.00986219147      -1.00998624278      -1.01011185445      -1.01023904613    
  -1.01036783768      -1.01049824923      -1.01063030115      -1.01076401408    
  -1.01089940892      -1.01103650681      -1.01117532918      -1.01131589772    
  -1.01145823440      -1.01160236145      -1.01174830139      -1.01189607704    
  -1.01204571147      -1.01219722808      -1.01235065052      -1.01250600279    
  -1.01266330914      -1.01282259417      -1.01298388275      -1.01314720010    
  -1.01331257172      -1.01348002346      -1.01364958149      -1.01382127229    
  -1.01399512270      -1.01417115988      -1.01434941133      -1.01452990491    
  -1.01471266882      -1.01489773162      -1.01508512222      -1.01527486991    
  -1.01546700432      -1.01566155549      -1.01585855381      -1.01605803007    
  -1.01626001543      -1.01646454145      -1.01667164009      -1.01688134371    
  -1.01709368508      -1.01730869738      -1.01752641419      -1.01774686955    
  -1.01797009789      -1.01819613410      -1.01842501350      -1.01865677184    
  -1.01889144535      -1.01912907068      -1.01936968497      -1.01961332583    
  -1.01986003130      -1.02010983994      -1.02036279080      -1.02061892338    
  -1.02087827771      -1.02114089432      -1.02140681424      -1.02167607902    
  -1.02194873073      -1.02222481198      -1.02250436591      -1.02278743619    
  -1.02307406706      -1.02336430330      -1.02365819026      -1.02395577387    
  -1.02425710061      -1.02456221758      -1.02487117245      -1.02518401349    
  -1.02550078959      -1.02582155024      -1.02614634557      -1.02647522631    
  -1.02680824387      -1.02714545027      -1.02748689820      -1.02783264103    
  -1.02818273276      -1.02853722810      -1.02889618244      -1.02925965188    
  -1.02962769320      -1.03000036391      -1.03037772224      -1.03075982715    
  -1.03114673835      -1.03153851629      -1.03193522220      -1.03233691805    
  -1.03274366661      -1.03315553144      -1.03357257689      -1.03399486812    
  -1.03442247114      -1.03485545272      -1.03529388055      -1.03573782312    
  -1.03618734980      -1.03664253083      -1.03710343734      -1.03757014134    
  -1.03804271574      -1.03852123440      -1.03900577208      -1.03949640451    
  -1.03999320832      -1.04049626116      -1.04100564163      -1.04152142931    
  -1.04204370479      -1.04257254971    
Up potential follows (l on next line)
 1
  -107.966464512      -108.081932023      -107.919782295      -108.028189987    
  -107.990117143      -108.001326466      -107.990437444      -107.995556277    
  -107.993152373      -107.992685335      -107.991950301      -107.991229309    
  -107.990502621      -107.989780321      -107.989057429      -107.988335976    
  -107.987615109      -107.986895033      -107.986175625      -107.985456864    
  -107.984738706      -107.984021123      -107.983304088      -107.982587578    
  -107.981871577      -107.981156073      -107.980441058      -107.979726531    
  -107.979012493      -107.978298954      -107.977585926      -107.976873429    
  -107.976161487      -107.975450131      -107.974739396      -107.974029326    
  -107.973319969      -107.972611380      -107.971903622      -107.971196761    
  -107.970490875      -107.969786044      -107.969082360      -107.968379917    
  -107.967678821      -107.966979184      -107.966281125      -107.965584770    
  -107.964890255      -107.964197723      -107.963507324      -107.962819217    
  -107.962133567      -107.961450550      -107.960770346      -107.960093146    
  -107.959419147      -107.958748552      -107.958081574      -107.957418430    
  -107.956759346      -107.956104552      -107.955454285      -107.954808787    
  -107.954168304      -107.953533088      -107.952903393      -107.952279475    
  -107.951661594      -107.951050009      -107.950444981      -107.949846767    
  -107.949255624      -107.948671807      -107.948095563      -107.947527135    
  -107.946966759      -107.946414659      -107.945871052      -107.945336140    
  -107.944810112      -107.944293140      -107.943785379      -107.943286964    
  -107.942798008      -107.942318600      -107.941848801      -107.941388648    
  -107.940938144      -107.940497262      -107.940065939      -107.939644076    
  -107.939231537      -107.938828145      -107.938433680      -107.938047880    
  -107.937670437      -107.937300997      -107.936939157      -107.936584468    
  -107.936236427      -107.935894486      -107.935558044      -107.935226449    
  -107.934899000      -107.934574944      -107.934253483      -107.933933766    
  -107.933614898      -107.933295938      -107.932975903      -107.932653765    
  -107.932328461      -107.931998891      -107.931663920      -107.931322383    
  -107.930973089      -107.930614824      -107.930246352      -107.929866422    
  -107.929473770      -107.929067124      -107.928645206      -107.928206738    
  -107.927750444      -107.927275054      -107.926779310      -107.926261967    
  -107.925721795      -107.925157586      -107.924568156      -107.923952345    
  -107.923309022      -107.922637088      -107.921935474      -107.921203150    
  -107.920439118      -107.919642420      -107.918812135      -107.917947383    
  -107.917047323      -107.916111152      -107.915138110      -107.914127476    
  -107.913078567      -107.911990741      -107.910863392      -107.909695953    
  -107.908487892      -107.907238711      -107.905947947      -107.904615169    
  -107.903239975      -107.901821993      -107.900360878      -107.898856311    
  -107.897307994      -107.895715656      -107.894079042      -107.892397918    
  -107.890672065      -107.888901282      -107.887085377      -107.885224175    
  -107.883317507      -107.881365215      -107.879367147      -107.877323159    
  -107.875233109      -107.873096858      -107.870914272      -107.868685213    
  -107.866409547      -107.864087136      -107.861717839      -107.859301513    
  -107.856838011      -107.854327179      -107.851768859      -107.849162884    
  -107.846509082      -107.843807271      -107.841057264      -107.838258860    
  -107.835411852      -107.832516022      -107.829571143      -107.826576975    
  -107.823533268      -107.820439762      -107.817296183      -107.814102247    
  -107.810857658      -107.807562106      -107.804215272      -107.800816820    
  -107.797366405      -107.793863669      -107.790308238      -107.786699728    
  -107.783037742      -107.779321869      -107.775551684      -107.771726750    
  -107.767846618      -107.763910823      -107.759918888      -107.755870325    
  -107.751764628      -107.747601282      -107.743379756      -107.739099508    
  -107.734759979      -107.730360601      -107.725900790      -107.721379949    
  -107.716797468      -107.712152724      -107.707445079      -107.702673884    
  -107.697838474      -107.692938172      -107.687972289      -107.682940119    
  -107.677840945      -107.672674036      -107.667438647      -107.662134019    
  -107.656759382      -107.651313949      -107.645796920      -107.640207483    
  -107.634544810      -107.628808061      -107.622996380      -107.617108898    
  -107.611144734      -107.605102988      -107.598982751      -107.592783096    
  -107.586503083      -107.580141757      -107.573698150      -107.567171277    
  -107.560560140      -107.553863725      -107.547081004      -107.540210933    
  -107.533252453      -107.526204491      -107.519065956      -107.511835744    
  -107.504512733      -107.497095788      -107.489583756      -107.481975467    
  -107.474269738      -107.466465366      -107.458561135      -107.450555810    
  -107.442448139      -107.434236854      -107.425920670      -107.417498284    
  -107.408968377      -107.400329610      -107.391580628      -107.382720057    
  -107.373746506      -107.364658564      -107.355454804      -107.346133777    
  -107.336694018      -107.327134042      -107.317452343      -107.307647398    
  -107.297717664      -107.287661577      -107.277477553      -107.267163988    
  -107.256719258      -107.246141717      -107.235429701      -107.224581521    
  -107.213595470      -107.202469816      -107.191202809      -107.179792673    
  -107.168237614      -107.156535812      -107.144685427      -107.132684593    
  -107.120531423      -107.108224007      -107.095760410      -107.083138673    
  -107.070356814      -107.057412826      -107.044304677      -107.031030310    
  -107.017587645      -107.003974574      -106.990188965      -106.976228659    
  -106.962091471      -106.947775192      -106.933277582      -106.918596377    
  -106.903729287      -106.888673991      -106.873428144      -106.857989370    
  -106.842355267      -106.826523403      -106.810491318      -106.794256524    
  -106.777816503      -106.761168706      -106.744310556      -106.727239447    
  -106.709952739      -106.692447766      -106.674721828      -106.656772195    
  -106.638596106      -106.620190767      -106.601553356      -106.582681014    
  -106.563570852      -106.544219950      -106.524625352      -106.504784072    
  -106.484693088      -106.464349347      -106.443749759      -106.422891204    
  -106.401770524      -106.380384530      -106.358729994      -106.336803658    
  -106.314602224      -106.292122363      -106.269360706      -106.246313853    
  -106.222978364      -106.199350765      -106.175427544      -106.151205154    
  -106.126680010      -106.101848491      -106.076706937      -106.051251653    
  -106.025478904      -105.999384921      -105.972965893      -105.946217973    
  -105.919137277      -105.891719880      -105.863961820      -105.835859098    
  -105.807407674      -105.778603471      -105.749442371      -105.719920218    
  -105.690032820      -105.659775940      -105.629145308      -105.598136610    
  -105.566745495      -105.534967572      -105.502798411      -105.470233542    
  -105.437268458      -105.403898608      -105.370119405      -105.335926223    
  -105.301314394      -105.266279213      -105.230815933      -105.194919772    
  -105.158585904      -105.121809468      -105.084585560      -105.046909241    
  -105.008775530      -104.970179409      -104.931115821      -104.891579669    
  -104.851565820      -104.811069101      -104.770084303      -104.728606175    
  -104.686629433      -104.644148753      -104.601158773      -104.557654095    
  -104.513629284      -104.469078868      -104.423997338      -104.378379150    
  -104.332218722      -104.285510437      -104.238248643      -104.190427652    
  -104.142041741      -104.093085152      -104.043552092      -103.993436735    
  -103.942733219      -103.891435651      -103.839538100      -103.787034606    
  -103.733919174      -103.680185776      -103.625828353      -103.570840810    
  -103.515217025      -103.458950840      -103.402036068      -103.344466490    
  -103.286235854      -103.227337880      -103.167766254      -103.107514635    
  -103.046576650      -102.984945893      -102.922615933      -102.859580305    
  -102.795832516      -102.731366042      -102.666174330      -102.600250798    
  -102.533588834      -102.466181794      -102.398023007      -102.329105772    
  -102.259423357      -102.188969002      -102.117735915      -102.045717275    
  -101.972906230      -101.899295899      -101.824879370      -101.749649698    
  -101.673599909      -101.596722998      -101.519011927      -101.440459625    
  -101.361058992      -101.280802892      -101.199684157      -101.117695586    
  -101.034829944      -100.951079960      -100.866438332      -100.780897718    
  -100.694450744      -100.607089999      -100.518808034      -100.429597365    
  -100.339450469      -100.248359787      -100.156317720      -100.063316632    
  -99.9693488478      -99.8744066520      -99.7784822908      -99.6815679704    
  -99.5836558572      -99.4847380777      -99.3848067180      -99.2838538244    
  -99.1818714029      -99.0788514196      -98.9747858005      -98.8696664319    
  -98.7634851607      -98.6562337945      -98.5479041021      -98.4384878136    
  -98.3279766211      -98.2163621790      -98.1036361044      -97.9897899775    
  -97.8748153422      -97.7587037060      -97.6414465408      -97.5230352827    
  -97.4034613324      -97.2827160548      -97.1607907791      -97.0376767978    
  -96.9133653666      -96.7878477030      -96.6611149853      -96.5331583508    
  -96.4039688938      -96.2735376636      -96.1418556615      -96.0089138379    
  -95.8747030891      -95.7392142535      -95.6024381082      -95.4643653645    
  -95.3249866650      -95.1842925794      -95.0422736019      -94.8989201491    
  -94.7542225590      -94.6081710915      -94.4607559317      -94.3119671953    
  -94.1617949373      -94.0102291658      -93.8572598599      -93.7028769940    
  -93.5470705687      -93.3898306496      -93.2311474153      -93.0710112146    
  -92.9094126344      -92.7463425788      -92.5817923601      -92.4157538008    
  -92.2482193472      -92.0791821939      -91.9086364160      -91.7365771093    
  -91.5630005327      -91.3879042517      -91.2112872762      -91.0331501874    
  -90.8534952490      -90.6723264950      -90.4896497835      -90.3054728195    
  -90.1198051312      -89.9326579868      -89.7440442739      -89.5539783132    
  -89.3624756119      -89.1695525701      -88.9752261316      -88.7795133950    
  -88.5824311916      -88.3839956434      -88.1842217147      -87.9831227719    
  -87.7807101664      -87.5769928535      -87.3719770613      -87.1656660171    
  -86.9580597417      -86.7491549146      -86.5389448129      -86.3274193237    
  -86.1145650283      -85.9003653534      -85.6848007855      -85.4678491422    
  -85.2494858940      -85.0296845286      -84.8084169495      -84.5856538998    
  -84.3613653992      -84.1355211836      -83.9080911337      -83.6790456811    
  -83.4483561804      -83.2159952367      -82.9819369829      -82.7461573005    
  -82.5086339849      -82.2693468564      -82.0282778214      -81.7854108899    
  -81.5407321580      -81.2942297615      -81.0458938094      -80.7957163018    
  -80.5436910398      -80.2898135285      -80.0340808787      -79.7764917064    
  -79.5170460336      -79.2557451887      -78.9925917086      -78.7275892407    
  -78.4607424472      -78.1920569095      -77.9215390349      -77.6491959645    
  -77.3750354845      -77.0990659394      -76.8212961492      -76.5417353307    
  -76.2603930231      -75.9772790184      -75.6924032978      -75.4057759729    
  -75.1174072335      -74.8273073013      -74.5354863899      -74.2419546708    
  -73.9467222463      -73.6497991288      -73.3511952255      -73.0509203307    
  -72.7489841227      -72.4453961679      -72.1401659295      -71.8333027818    
  -71.5248160300      -71.2147149335      -70.9030087343      -70.5897066890    
  -70.2748181038      -69.9583523735      -69.6403190227      -69.3207277515    
  -68.9995884834      -68.6769114197      -68.3527070981      -68.0269864615    
  -67.6997609363      -67.3710425268      -67.0408439291      -66.7091786698    
  -66.3760612774      -66.0415074920      -65.7055345215      -65.3681613505    
  -65.0294091084      -64.6893014994      -64.3478652939      -64.0051308786    
  -63.6611328486      -63.3159106320      -62.9695090993      -62.6219791500    
  -62.2733782038      -61.9237705273      -61.5732273951      -61.2218269618    
  -60.8696538007      -60.5167980824      -60.1633543283      -59.8094197408    
  -59.4550921132      -59.1004673616      -58.7456367490      -58.3906839118    
  -58.0356818284      -57.6806899130      -57.3257514556      -56.9708916443    
  -56.6161164256      -56.2614124341      -55.9067481533      -55.5520763659    
  -55.1973377923      -54.8424656562      -54.4873907565      -54.1320465373    
  -53.7763736303      -53.4203234299      -53.0638604148      -52.7069631265    
  -52.3496239060      -51.9918476379      -51.6336498355      -51.2750544180    
  -50.9160914913      -50.5567953706      -50.1972029926      -49.8373527780    
  -49.4772839336      -49.1170361300      -48.7566494609      -48.3961645790    
  -48.0356229099      -47.6750668581      -47.3145399442      -46.9540868334    
  -46.5937532375      -46.2335856916      -45.8736312198      -45.5139369109    
  -45.1545494325      -44.7955145105      -44.4368763989      -44.0786773650    
  -43.7209572062      -43.3637528158      -43.0070978083      -42.6510222133    
  -42.2955522433      -41.9407101406      -41.5865141056      -41.2329783075    
  -40.8801129787      -40.5279245919      -40.1764161175      -39.8255873592    
  -39.4754353609      -39.1259548770      -38.7771388955      -38.4289791961    
  -38.0814669237      -37.7345931505      -37.3883493929      -37.0427280435    
  -36.6977226746      -36.3533281595      -36.0095405627      -35.6663567464    
  -35.3237736550      -34.9817872489      -34.6403911052      -34.2995747287    
  -33.9593216897      -33.6196078155      -33.2803997272      -32.9416541764    
  -32.6033187813      -32.2653348620      -31.9276432069      -31.5901935733    
  -31.2529585372      -30.9159519505      -30.5792514904      -30.2430237159    
  -29.9075487517      -29.5732402899      -29.2406554532      -28.9104885314    
  -28.5835430172      -28.2606779460      -27.9427274480      -27.6303969633    
  -27.3241462492      -27.0240781503      -26.7298610948      -26.4407169678    
  -26.1554969760      -25.8728430292      -25.5913988696      -25.3100119524    
  -25.0278699885      -24.7445446422      -24.4599514809      -24.1742597191    
  -23.8877893193      -23.6009220931      -23.3140383217      -23.0274788952    
  -22.7415273611      -22.4564052597      -22.1722753976      -21.8892494709    
  -21.6073978515      -21.3267601899      -21.0473559095      -20.7691938756    
  -20.4922806835      -20.2166271892      -19.9422531129      -19.6691897517    
  -19.3974810067      -19.1271830407      -18.8583629320      -18.5910966817    
  -18.3254668927      -18.0615603686      -17.7994658177      -17.5392717797    
  -17.2810648423      -17.0249281719      -16.7709403593      -16.5191745581    
  -16.2696978897      -16.0225710800      -15.7778482965      -15.5355771544    
  -15.2957988630      -15.0585484888      -14.8238553115      -14.5917432554    
  -14.3622313764      -14.1353343888      -13.9110632162      -13.6894255469    
  -13.4704263885      -13.2540685835      -13.0403532888      -12.8292804076    
  -12.6208489310      -12.4150571806      -12.2119029632      -12.0113836421    
  -11.8134960425      -11.6182362866      -11.4255995545      -11.2355797770    
  -11.0481693222      -10.8633587354      -10.6811366408      -10.5014898191    
  -10.3244036300      -10.1498628663      -9.97785310028      -9.80836261963    
  -9.64138494865      -9.47692190563      -9.31498703583      -9.15560914042    
  -8.99883548510      -8.84473414429      -8.69339484690      -8.54492767623    
  -8.39945907835      -8.25712487997      -8.11806041051      -7.98238832912    
  -7.85020529337      -7.72156905383      -7.59648778427      -7.47491335552    
  -7.35673979450      -7.24180739919      -7.12991206185      -7.02081850007    
  -6.91427551340      -6.81003120199      -6.70784631612      -6.60750445127    
  -6.50881849378      -6.41163338029      -6.31582573080      -6.22130119050    
  -6.12799038013      -6.03584426112      -5.94482953870      -5.85492451724    
  -5.76611562942      -5.67839470931      -5.59175697499      -5.50619962509    
  -5.42172092683      -5.33831967029      -5.25599487497      -5.17474565410    
  -5.09457116338      -5.01547058155      -4.93744308813      -4.86048781831    
  -4.78460378610      -4.70978977502      -4.63604420060      -4.56336495248    
  -4.49174922503      -4.42119334627      -4.35169261416      -4.28324114858    
  -4.21583176821      -4.14945589306      -4.08410349433      -4.01976306870    
  -3.95642166421      -3.89406497972      -3.83267747704      -3.77224257045    
  -3.71274288359      -3.65416054847      -3.59647757592      -3.53967628115    
  -3.48373976540      -3.42865244766      -3.37440063404      -3.32097311775    
  -3.26836178870      -3.21656222742      -3.16557427286      -3.11540252555    
  -3.06605675831      -3.01755221049      -2.96990973253      -2.92315575846    
  -2.87732208584      -2.83244545078      -2.78856689409      -2.74573092415    
  -2.70398449202      -2.66337580365      -2.62395300234      -2.58576276123    
  -2.54884882964      -2.51325057928      -2.47900159580      -2.44612835843    
  -2.41464904626      -2.38457250415      -2.35589739492      -2.32861155784    
  -2.30269158766      -2.27810264201      -2.25479848054      -2.23272173442    
  -2.21180440114      -2.19196855637      -2.17312727127      -2.15518572079    
  -2.13804246493      -2.12159088164      -2.10572072554      -2.09031978310    
  -2.07527559017      -2.06047717397      -2.04581677862      -2.03119153109    
  -2.01650500381      -2.00166863175      -1.98660294517      -1.97123858477    
  -1.95551707315      -1.93939132595      -1.92282589535      -1.90579694929    
  -1.88829199937      -1.87030939949      -1.85185764443      -1.83295450326    
  -1.81362602543      -1.79390545907      -1.77383211968      -1.75345024534    
  -1.73280787047      -1.71195574547      -1.69094632438      -1.66983283708    
  -1.64866845754      -1.62750557456      -1.60639516742      -1.58538628511    
  -1.56452562497      -1.54385720459      -1.52342211908      -1.50325837499    
  -1.48340079190      -1.46388096218      -1.44472726027      -1.42596489287    
  -1.40761598229      -1.38969967596      -1.37223227570      -1.35522738142    
  -1.33869604446      -1.32264692660      -1.30708646158      -1.29201901618    
  -1.27744704902      -1.26337126519      -1.24979076553      -1.23670318976    
  -1.22410485260      -1.21199087275      -1.20035529445      -1.18919120151    
  -1.17849082413      -1.16824563846      -1.15844645933      -1.14908352636    
  -1.14014658381      -1.13162495459      -1.12350760864      -1.11578322616    
  -1.10844025601      -1.10146696951      -1.09485151014      -1.08858193923    
  -1.08264627810      -1.07703254669      -1.07172879915      -1.06672315642    
  -1.06200383607      -1.05755917957      -1.05337767709      -1.04944799015    
  -1.04575897197      -1.04229968590      -1.03905942189      -1.03602771119    
  -1.03319433924      -1.03054935702      -1.02808309077      -1.02578615028    
  -1.02364943570      -1.02166414308      -1.01982176859      -1.01811411154    
  -1.01653327626      -1.01507167286      -1.01372201703      -1.01247732881    
  -1.01133093047      -1.01027644361      -1.00930778538      -1.00841916409    
  -1.00760507398      -1.00686028968      -1.00617986005      -1.00555909361    
  -1.00514849071      -1.00521326398      -1.00527882876      -1.00534522392    
  -1.00541246900      -1.00548055445      -1.00554949421      -1.00561929905    
  -1.00568998175      -1.00576155340      -1.00583402522      -1.00590740856    
  -1.00598171491      -1.00605695589      -1.00613314326      -1.00621028894    
  -1.00628840498      -1.00636750359      -1.00644759714      -1.00652869814    
  -1.00661081926      -1.00669397334      -1.00677817337      -1.00686343250    
  -1.00694976406      -1.00703718153      -1.00712569858      -1.00721532904    
  -1.00730608692      -1.00739798638      -1.00749104180      -1.00758526771    
  -1.00768067884      -1.00777729009      -1.00787511656      -1.00797417354    
  -1.00807447650      -1.00817604111      -1.00827888325      -1.00838301899    
  -1.00848846460      -1.00859523654      -1.00870335151      -1.00881282640    
  -1.00892367832      -1.00903592458      -1.00914958272      -1.00926467051    
  -1.00938120592      -1.00949920717      -1.00961869269      -1.00973968116    
  -1.00986219147      -1.00998624278      -1.01011185445      -1.01023904613    
  -1.01036783768      -1.01049824923      -1.01063030115      -1.01076401408    
  -1.01089940892      -1.01103650681      -1.01117532918      -1.01131589772    
  -1.01145823440      -1.01160236145      -1.01174830139      -1.01189607704    
  -1.01204571147      -1.01219722808      -1.01235065052      -1.01250600279    
  -1.01266330914      -1.01282259417      -1.01298388275      -1.01314720010    
  -1.01331257172      -1.01348002346      -1.01364958149      -1.01382127229    
  -1.01399512270      -1.01417115988      -1.01434941133      -1.01452990491    
  -1.01471266882      -1.01489773162      -1.01508512222      -1.01527486991    
  -1.01546700432      -1.01566155549      -1.01585855381      -1.01605803007    
  -1.01626001543      -1.01646454145      -1.01667164009      -1.01688134371    
  -1.01709368508      -1.01730869738      -1.01752641419      -1.01774686955    
  -1.01797009789      -1.01819613410      -1.01842501350      -1.01865677184    
  -1.01889144535      -1.01912907068      -1.01936968497      -1.01961332583    
  -1.01986003130      -1.02010983994      -1.02036279080      -1.02061892338    
  -1.02087827771      -1.02114089432      -1.02140681424      -1.02167607902    
  -1.02194873073      -1.02222481198      -1.02250436591      -1.02278743619    
  -1.02307406706      -1.02336430330      -1.02365819026      -1.02395577387    
  -1.02425710061      -1.02456221758      -1.02487117245      -1.02518401349    
  -1.02550078959      -1.02582155024      -1.02614634557      -1.02647522631    
  -1.02680824387      -1.02714545027      -1.02748689820      -1.02783264103    
  -1.02818273276      -1.02853722810      -1.02889618244      -1.02925965188    
  -1.02962769320      -1.03000036391      -1.03037772224      -1.03075982715    
  -1.03114673835      -1.03153851629      -1.03193522220      -1.03233691805    
  -1.03274366661      -1.03315553144      -1.03357257689      -1.03399486812    
  -1.03442247114      -1.03485545272      -1.03529388055      -1.03573782312    
  -1.03618734980      -1.03664253083      -1.03710343734      -1.03757014134    
  -1.03804271574      -1.03852123440      -1.03900577208      -1.03949640451    
  -1.03999320832      -1.04049626116      -1.04100564163      -1.04152142931    
  -1.04204370479      -1.04257254971    
