 Raios
  0.577386372879E-06  0.116203537227E-05  0.175403835077E-05  0.235348781004E-05
  0.296047741529E-05  0.357510200987E-05  0.419745763013E-05  0.482764152041E-05
  0.546575214821E-05  0.611188921961E-05  0.676615369486E-05  0.742864780411E-05
  0.809947506340E-05  0.877874029087E-05  0.946654962309E-05  0.101630105317E-04
  0.108682318400E-04  0.115823237404E-04  0.123053978112E-04  0.130375670341E-04
  0.137789458122E-04  0.145296499872E-04  0.152897968584E-04  0.160595052001E-04
  0.168388952809E-04  0.176280888821E-04  0.184272093167E-04  0.192363814490E-04
  0.200557317137E-04  0.208853881361E-04  0.217254803516E-04  0.225761396262E-04
  0.234374988774E-04  0.243096926941E-04  0.251928573585E-04  0.260871308668E-04
  0.269926529512E-04  0.279095651011E-04  0.288380105862E-04  0.297781344777E-04
  0.307300836721E-04  0.316940069133E-04  0.326700548163E-04  0.336583798905E-04
  0.346591365637E-04  0.356724812063E-04  0.366985721554E-04  0.377375697397E-04
  0.387896363049E-04  0.398549362383E-04  0.409336359953E-04  0.420259041249E-04
  0.431319112963E-04  0.442518303252E-04  0.453858362015E-04  0.465341061156E-04
  0.476968194873E-04  0.488741579927E-04  0.500663055935E-04  0.512734485651E-04
  0.524957755261E-04  0.537334774675E-04  0.549867477828E-04  0.562557822980E-04
  0.575407793024E-04  0.588419395794E-04  0.601594664378E-04  0.614935657440E-04
  0.628444459536E-04  0.642123181446E-04  0.655973960495E-04  0.669998960898E-04
  0.684200374089E-04  0.698580419067E-04  0.713141342744E-04  0.727885420294E-04
  0.742814955510E-04  0.757932281160E-04  0.773239759358E-04  0.788739781929E-04
  0.804434770783E-04  0.820327178294E-04  0.836419487683E-04  0.852714213405E-04
  0.869213901545E-04  0.885921130213E-04  0.902838509947E-04  0.919968684122E-04
  0.937314329363E-04  0.954878155962E-04  0.972662908303E-04  0.990671365289E-04
  0.100890634078E-03  0.102737068402E-03  0.104606728012E-03  0.106499905044E-03
  0.108416895311E-03  0.110357998348E-03  0.112323517455E-03  0.114313759749E-03
  0.116329036209E-03  0.118369661727E-03  0.120435955154E-03  0.122528239352E-03
  0.124646841246E-03  0.126792091872E-03  0.128964326428E-03  0.131163884331E-03
  0.133391109267E-03  0.135646349244E-03  0.137929956647E-03  0.140242288296E-03
  0.142583705496E-03  0.144954574099E-03  0.147355264558E-03  0.149786151985E-03
  0.152247616212E-03  0.154740041848E-03  0.157263818338E-03  0.159819340029E-03
  0.162407006226E-03  0.165027221256E-03  0.167680394535E-03  0.170366940625E-03
  0.173087279304E-03  0.175841835632E-03  0.178631040013E-03  0.181455328267E-03
  0.184315141693E-03  0.187210927144E-03  0.190143137092E-03  0.193112229700E-03
  0.196118668896E-03  0.199162924442E-03  0.202245472009E-03  0.205366793251E-03
  0.208527375880E-03  0.211727713746E-03  0.214968306906E-03  0.218249661710E-03
  0.221572290876E-03  0.224936713573E-03  0.228343455497E-03  0.231793048959E-03
  0.235286032966E-03  0.238822953303E-03  0.242404362621E-03  0.246030820522E-03
  0.249702893648E-03  0.253421155769E-03  0.257186187869E-03  0.260998578242E-03
  0.264858922584E-03  0.268767824080E-03  0.272725893503E-03  0.276733749312E-03
  0.280792017740E-03  0.284901332901E-03  0.289062336884E-03  0.293275679853E-03
  0.297542020153E-03  0.301862024408E-03  0.306236367627E-03  0.310665733310E-03
  0.315150813554E-03  0.319692309163E-03  0.324290929755E-03  0.328947393873E-03
  0.333662429099E-03  0.338436772167E-03  0.343271169078E-03  0.348166375217E-03
  0.353123155468E-03  0.358142284340E-03  0.363224546081E-03  0.368370734806E-03
  0.373581654615E-03  0.378858119727E-03  0.384200954600E-03  0.389610994062E-03
  0.395089083443E-03  0.400636078706E-03  0.406252846581E-03  0.411940264698E-03
  0.417699221728E-03  0.423530617520E-03  0.429435363241E-03  0.435414381520E-03
  0.441468606591E-03  0.447598984439E-03  0.453806472947E-03  0.460092042049E-03
  0.466456673877E-03  0.472901362918E-03  0.479427116168E-03  0.486034953288E-03
  0.492725906768E-03  0.499501022082E-03  0.506361357856E-03  0.513307986031E-03
  0.520341992031E-03  0.527464474935E-03  0.534676547646E-03  0.541979337063E-03
  0.549373984263E-03  0.556861644675E-03  0.564443488260E-03  0.572120699697E-03
  0.579894478567E-03  0.587766039537E-03  0.595736612555E-03  0.603807443040E-03
  0.611979792075E-03  0.620254936607E-03  0.628634169643E-03  0.637118800455E-03
  0.645710154785E-03  0.654409575049E-03  0.663218420550E-03  0.672138067686E-03
  0.681169910172E-03  0.690315359251E-03  0.699575843918E-03  0.708952811143E-03
  0.718447726095E-03  0.728062072375E-03  0.737797352244E-03  0.747655086859E-03
  0.757636816511E-03  0.767744100866E-03  0.777978519207E-03  0.788341670683E-03
  0.798835174558E-03  0.809460670463E-03  0.820219818654E-03  0.831114300268E-03
  0.842145817592E-03  0.853316094321E-03  0.864626875835E-03  0.876079929467E-03
  0.887677044778E-03  0.899420033842E-03  0.911310731526E-03  0.923350995773E-03
  0.935542707902E-03  0.947887772890E-03  0.960388119680E-03  0.973045701477E-03
  0.985862496052E-03  0.998840506058E-03  0.101198175933E-02  0.102528830923E-02
  0.103876223491E-02  0.105240564172E-02  0.106622066146E-02  0.108020945275E-02
  0.109437420138E-02  0.110871712061E-02  0.112324045156E-02  0.113794646352E-02
  0.115283745434E-02  0.116791575077E-02  0.118318370881E-02  0.119864371413E-02
  0.121429818238E-02  0.123014955959E-02  0.124620032259E-02  0.126245297933E-02
  0.127891006932E-02  0.129557416403E-02  0.131244786724E-02  0.132953381551E-02
  0.134683467856E-02  0.136435315967E-02  0.138209199614E-02  0.140005395971E-02
  0.141824185697E-02  0.143665852982E-02  0.145530685589E-02  0.147418974902E-02
  0.149331015972E-02  0.151267107557E-02  0.153227552176E-02  0.155212656153E-02
  0.157222729664E-02  0.159258086788E-02  0.161319045552E-02  0.163405927987E-02
  0.165519060170E-02  0.167658772285E-02  0.169825398665E-02  0.172019277850E-02
  0.174240752638E-02  0.176490170138E-02  0.178767881828E-02  0.181074243604E-02
  0.183409615840E-02  0.185774363442E-02  0.188168855907E-02  0.190593467380E-02
  0.193048576711E-02  0.195534567515E-02  0.198051828234E-02  0.200600752196E-02
  0.203181737673E-02  0.205795187952E-02  0.208441511388E-02  0.211121121476E-02
  0.213834436909E-02  0.216581881648E-02  0.219363884988E-02  0.222180881623E-02
  0.225033311713E-02  0.227921620957E-02  0.230846260658E-02  0.233807687798E-02
  0.236806365106E-02  0.239842761132E-02  0.242917350317E-02  0.246030613074E-02
  0.249183035855E-02  0.252375111234E-02  0.255607337978E-02  0.258880221129E-02
  0.262194272083E-02  0.265550008666E-02  0.268947955219E-02  0.272388642678E-02
  0.275872608657E-02  0.279400397534E-02  0.282972560532E-02  0.286589655809E-02
  0.290252248544E-02  0.293960911024E-02  0.297716222736E-02  0.301518770454E-02
  0.305369148334E-02  0.309267958005E-02  0.313215808665E-02  0.317213317174E-02
  0.321261108149E-02  0.325359814067E-02  0.329510075359E-02  0.333712540511E-02
  0.337967866168E-02  0.342276717232E-02  0.346639766970E-02  0.351057697119E-02
  0.355531197987E-02  0.360060968569E-02  0.364647716652E-02  0.369292158922E-02
  0.373995021085E-02  0.378757037971E-02  0.383578953656E-02  0.388461521574E-02
  0.393405504636E-02  0.398411675349E-02  0.403480815938E-02  0.408613718466E-02
  0.413811184960E-02  0.419074027534E-02  0.424403068519E-02  0.429799140587E-02
  0.435263086887E-02  0.440795761170E-02  0.446398027928E-02  0.452070762528E-02
  0.457814851344E-02  0.463631191904E-02  0.469520693021E-02  0.475484274943E-02
  0.481522869491E-02  0.487637420208E-02  0.493828882505E-02  0.500098223810E-02
  0.506446423721E-02  0.512874474157E-02  0.519383379514E-02  0.525974156821E-02
  0.532647835902E-02  0.539405459531E-02  0.546248083602E-02  0.553176777288E-02
  0.560192623212E-02  0.567296717614E-02  0.574490170523E-02  0.581774105930E-02
  0.589149661967E-02  0.596617991077E-02  0.604180260204E-02  0.611837650966E-02
  0.619591359846E-02  0.627442598378E-02  0.635392593334E-02  0.643442586916E-02
  0.651593836952E-02  0.659847617091E-02  0.668205217004E-02  0.676667942583E-02
  0.685237116145E-02  0.693914076642E-02  0.702700179865E-02  0.711596798663E-02
  0.720605323148E-02  0.729727160923E-02  0.738963737292E-02  0.748316495489E-02
  0.757786896902E-02  0.767376421300E-02  0.777086567066E-02  0.786918851430E-02
  0.796874810706E-02  0.806956000534E-02  0.817163996119E-02  0.827500392483E-02
  0.837966804706E-02  0.848564868189E-02  0.859296238900E-02  0.870162593638E-02
  0.881165630292E-02  0.892307068109E-02  0.903588647962E-02  0.915012132620E-02
  0.926579307026E-02  0.938291978576E-02  0.950151977396E-02  0.962161156638E-02
  0.974321392758E-02  0.986634585819E-02  0.999102659782E-02  0.101172756281E-01
  0.102451126757E-01  0.103745577154E-01  0.105056309732E-01  0.106383529297E-01
  0.107727443229E-01  0.109088261517E-01  0.110466196792E-01  0.111861464359E-01
  0.113274282231E-01  0.114704871165E-01  0.116153454692E-01  0.117620259157E-01
  0.119105513750E-01  0.120609450547E-01  0.122132304540E-01  0.123674313678E-01
  0.125235718903E-01  0.126816764188E-01  0.128417696574E-01  0.130038766211E-01
  0.131680226394E-01  0.133342333605E-01  0.135025347550E-01  0.136729531205E-01
  0.138455150851E-01  0.140202476120E-01  0.141971780036E-01  0.143763339055E-01
  0.145577433112E-01  0.147414345663E-01  0.149274363731E-01  0.151157777945E-01
  0.153064882593E-01  0.154995975665E-01  0.156951358898E-01  0.158931337824E-01
  0.160936221819E-01  0.162966324150E-01  0.165021962024E-01  0.167103456641E-01
  0.169211133236E-01  0.171345321139E-01  0.173506353822E-01  0.175694568949E-01
  0.177910308434E-01  0.180153918491E-01  0.182425749688E-01  0.184726157004E-01
  0.187055499882E-01  0.189414142287E-01  0.191802452760E-01  0.194220804481E-01
  0.196669575322E-01  0.199149147909E-01  0.201659909679E-01  0.204202252944E-01
  0.206776574951E-01  0.209383277943E-01  0.212022769221E-01  0.214695461213E-01
  0.217401771532E-01  0.220142123044E-01  0.222916943934E-01  0.225726667775E-01
  0.228571733590E-01  0.231452585929E-01  0.234369674929E-01  0.237323456391E-01
  0.240314391850E-01  0.243342948646E-01  0.246409599998E-01  0.249514825074E-01
  0.252659109074E-01  0.255842943297E-01  0.259066825225E-01  0.262331258596E-01
  0.265636753483E-01  0.268983826378E-01  0.272373000267E-01  0.275804804716E-01
  0.279279775950E-01  0.282798456942E-01  0.286361397492E-01  0.289969154317E-01
  0.293622291137E-01  0.297321378761E-01  0.301066995179E-01  0.304859725652E-01
  0.308700162802E-01  0.312588906704E-01  0.316526564983E-01  0.320513752906E-01
  0.324551093478E-01  0.328639217544E-01  0.332778763880E-01  0.336970379299E-01
  0.341214718749E-01  0.345512445418E-01  0.349864230833E-01  0.354270754970E-01
  0.358732706357E-01  0.363250782184E-01  0.367825688408E-01  0.372458139869E-01
  0.377148860396E-01  0.381898582924E-01  0.386708049607E-01  0.391578011933E-01
  0.396509230844E-01  0.401502476853E-01  0.406558530165E-01  0.411678180799E-01
  0.416862228710E-01  0.422111483917E-01  0.427426766626E-01  0.432808907361E-01
  0.438258747092E-01  0.443777137369E-01  0.449364940450E-01  0.455023029441E-01
  0.460752288430E-01  0.466553612626E-01  0.472427908497E-01  0.478376093915E-01
  0.484399098294E-01  0.490497862742E-01  0.496673340203E-01  0.502926495608E-01
  0.509258306025E-01  0.515669760813E-01  0.522161861774E-01  0.528735623312E-01
  0.535392072592E-01  0.542132249696E-01  0.548957207791E-01  0.555868013291E-01
  0.562865746023E-01  0.569951499397E-01  0.577126380576E-01  0.584391510651E-01
  0.591748024812E-01  0.599197072530E-01  0.606739817734E-01  0.614377438993E-01
  0.622111129700E-01  0.629942098262E-01  0.637871568282E-01  0.645900778757E-01
  0.654030984266E-01  0.662263455171E-01  0.670599477813E-01  0.679040354712E-01
  0.687587404771E-01  0.696241963486E-01  0.705005383148E-01  0.713879033059E-01
  0.722864299746E-01  0.731962587175E-01  0.741175316971E-01  0.750503928642E-01
  0.759949879803E-01  0.769514646404E-01  0.779199722957E-01  0.789006622776E-01
  0.798936878210E-01  0.808992040880E-01  0.819173681927E-01  0.829483392252E-01
  0.839922782769E-01  0.850493484654E-01  0.861197149600E-01  0.872035450077E-01
  0.883010079591E-01  0.894122752951E-01  0.905375206534E-01  0.916769198559E-01
  0.928306509361E-01  0.939988941667E-01  0.951818320883E-01  0.963796495371E-01
  0.975925336747E-01  0.988206740166E-01  0.100064262462      0.101323493325    
  0.102598563362      0.103889671806      0.105197020395      0.106520813404    
  0.107861257680      0.109218562669      0.110592940454      0.111984605782    
  0.113393776106      0.114820671610      0.116265515250      0.117728532786    
  0.119209952817      0.120710006818      0.122228929175      0.123766957224    
  0.125324331284      0.126901294699      0.128498093871      0.130114978304    
  0.131752200640      0.133410016697      0.135088685514      0.136788469384    
  0.138509633904      0.140252448009      0.142017184016      0.143804117669    
  0.145613528181      0.147445698275      0.149300914232      0.151179465933    
  0.153081646906      0.155007754369      0.156958089283      0.158932956389    
  0.160932664265      0.162957525371      0.165007856093      0.167083976801    
  0.169186211893      0.171314889847      0.173470343273      0.175652908966    
  0.177862927956      0.180100745563      0.182366711450      0.184661179678    
  0.186984508765      0.189337061734      0.191719206176      0.194131314306    
  0.196573763022      0.199046933961      0.201551213561      0.204086993120    
  0.206654668859      0.209254641983      0.211887318744      0.214553110501    
  0.217252433791      0.219985710387      0.222753367372      0.225555837195    
  0.228393557749      0.231266972434      0.234176530226      0.237122685750    
  0.240105899348      0.243126637154      0.246185371164      0.249282579312    
  0.252418745542      0.255594359887      0.258809918543      0.262065923948    
  0.265362884859      0.268701316434      0.272081740308      0.275504684680    
  0.278970684391      0.282480281013      0.286034022925      0.289632465408    
  0.293276170725      0.296965708213      0.300701654369      0.304484592943    
  0.308315115027      0.312193819147      0.316121311358      0.320098205341    
  0.324125122491      0.328202692024      0.332331551067      0.336512344764    
  0.340745726372      0.345032357365      0.349372907539      0.353768055112    
  0.358218486836      0.362724898100      0.367287993040      0.371908484648    
  0.376587094886      0.381324554797      0.386121604617      0.390978993896    
  0.395897481610      0.400877836284      0.405920836108      0.411027269060    
  0.416197933033      0.421433635951      0.426735195905      0.432103441273    
  0.437539210856      0.443043354004      0.448616730749      0.454260211943    
  0.459974679392      0.465761025993      0.471620155875      0.477552984537    
  0.483560438998      0.489643457933      0.495802991827      0.502040003120    
  0.508355466357      0.514750368342      0.521225708293      0.527782497992    
  0.534421761954      0.541144537575      0.547951875304      0.554844838800    
  0.561824505104      0.568891964802      0.576048322200      0.583294695492    
  0.590632216940      0.598062033045      0.605585304732      0.613203207528    
  0.620916931745      0.628727682668      0.636636680743      0.644645161767    
  0.652754377082      0.660965593768      0.669280094846      0.677699179472    
  0.686224163147      0.694856377915      0.703597172579      0.712447912905    
  0.721409981839      0.730484779723      0.739673724512      0.748978251998    
  0.758399816032      0.767939888753      0.777599960816      0.787381541628    
  0.797286159579      0.807315362288      0.817470716837      0.827753810021    
  0.838166248594      0.848709659521      0.859385690232      0.870196008878    
  0.881142304593      0.892226287758      0.903449690268      0.914814265803    
  0.926321790100      0.937974061234      0.949772899896      0.961720149679    
  0.973817677364      0.986067373214      0.998471151270       1.01103094965    
   1.02374873084       1.03662648203       1.04966621538       1.06286996839    
   1.07623980417       1.08977781178       1.10348610656       1.11736683047    
   1.13142215238       1.14565426849       1.16006540257       1.17465780641    
   1.18943376009       1.20439557239       1.21954558112       1.23488615350    
   1.25041968652       1.26614860734       1.28207537363       1.29820247397    
   1.31453242827       1.33106778810       1.34781113716       1.36476509162    
   1.38193230057       1.39931544644       1.41691724536       1.43474044765    
   1.45278783823       1.47106223704       1.48956649949       1.50830351690    
   1.52727621699       1.54648756426       1.56594056053       1.58563824537    
   1.60558369659       1.62578003070       1.64623040341       1.66693801015    
   1.68790608652       1.70913790882       1.73063679457       1.75240610301    
   1.77444923565       1.79676963675       1.81937079395       1.84225623870    
   1.86542954691       1.88889433945       1.91265428275       1.93671308935    
   1.96107451848       1.98574237666       2.01072051831       2.03601284630    
   2.06162331260       2.08755591892       2.11381471727       2.14040381065    
   2.16732735364       2.19458955312       2.22219466885       2.25014701420    
   2.27845095676       2.30711091909       2.33613137937       2.36551687211    
   2.39527198884       2.42540137886       2.45590974996       2.48680186913    
   2.51808256331       2.54975672020       2.58182928893       2.61430528091    
   2.64718977059       2.68048789622       2.71420486072       2.74834593241    
   2.78291644593       2.81792180297       2.85336747320       2.88925899508    
   2.92560197672       2.96240209680       2.99966510541       3.03739682496    
   3.07560315112       3.11429005370       3.15346357761       3.19312984379    
   3.23329505018       3.27396547267       3.31514746610       3.35684746524    
   3.39907198580       3.44182762544       3.48512106482       3.52895906864    
   3.57334848666       3.61829625482       3.66380939631       3.70989502264    
   3.75656033479       3.80381262431       3.85165927446       3.90010776138    
   3.94916565525       3.99884062145       4.04914042181       4.10007291578    
   4.15164606165       4.20386791784       4.25674664411       4.31029050288    
   4.36450786048       4.41940718849       4.47499706504       4.53128617615    
   4.58828331712       4.64599739386       4.70443742433       4.76361253988    
   4.82353198676       4.88420512750       4.94564144239       5.00785053100    
   5.07084211361       5.13462603280       5.19921225491       5.26461087170    
   5.33083210182       5.39788629247       5.46578392100       5.53453559657    
   5.60415206176       5.67464419428       5.74602300868       5.81829965803    
   5.89148543571       5.96559177715       6.04063026162       6.11661261403    
   6.19355070677       6.27145656159       6.35034235142       6.43022040234    
   6.51110319546       6.59300336886       6.67593371963       6.75990720580    
   6.84493694839       6.93103623348       7.01821851426       7.10649741313    
   7.19588672385       7.28640041368       7.37805262558       7.47085768038    
   7.56483007907       7.65998450502       7.75633582630       7.85389909801    
   7.95268956461       8.05272266230       8.15401402146       8.25657946908    
   8.36043503121       8.46559693550       8.57208161370       8.67990570426    
   8.78908605493       8.89963972534       9.01158398974       9.12493633965    
   9.23971448660       9.35593636490       9.47362013447       9.59278418363    
   9.71344713201       9.83562783344       9.95934537890       10.0846190995    
   10.2114685695       10.3399136095       10.4699742892       10.6016709308    
   10.7350241122       10.8700546702       11.0067837035       11.1452325763    
   11.2854229216       11.4273766443       11.5711159250       11.7166632233    
   11.8640412813       12.0132731270       12.1643820783       12.3173917462    
   12.4723260387       12.6292091648       12.7880656376       12.9489202790    
   13.1117982226       13.2767249185       13.4437261369       13.6128279720    
   13.7840568464       13.9574395149       14.1330030688       14.3107749404    
   14.4907829069       14.6730550949       14.8576199847       15.0445064151    
   15.2337435874       15.4253610703       15.6193888044       15.8158571069    
   16.0147966765       16.2162385978       16.4202143466       16.6267557944    
   16.8358952138       17.0476652833       17.2620990923       17.4792301467    
   17.6990923734       17.9217201265       18.1471481921       18.3754117936    
   18.6065465977       18.8405887198       19.0775747294       19.3175416561    
   19.5605269951       19.8065687134       20.0557052555       20.3079755496    
   20.5634190133       20.8220755602       21.0839856060       21.3491900747    
   21.6177304048       21.8896485565       22.1649870175       22.4437888100    
   22.7260974973       23.0119571908       23.3014125566       23.5945088226    
   23.8912917859       24.1918078192       24.4961038789       24.8042275119    
   25.1162268630       25.4321506829       25.7520483352       26.0759698047    
   26.4039657046       26.7360872851       27.0723864408       27.4129157191    
   27.7577283285       28.1068781465       28.4604197286       28.8184083164    
   29.1808998463       29.5479509583       29.9196190049       30.2959620601    
   30.6770389281       31.0629091531       31.4536330279       31.8492716041    
   32.2498867010       32.6555409155       33.0662976318       33.4822210316    
   33.9033761037       34.3298286544       34.7616453179       35.1988935664    
   35.6416417208       36.0899589614       36.5439153387       37.0035817843    
   37.4690301220       37.9403330790       38.4175642975       38.9007983457    
   39.3901107300       39.8855779064       40.3872772926       40.8952872803    
   41.4096872470       41.9305575687       42.4579796325       42.9920358492    
   43.5328096662       44.0803855804       44.6348491517       45.1962870162    
   45.7647868996       46.3404376313       46.9233291578       47.5135525571    
   48.1112000528       48.7163650286       49.3291420428       49.9496268429    
   50.5779163810       51.2141088286       51.8583035921       52.5106013282    
   53.1711039598       53.8399146917       54.5171380269       55.2028797831    
   55.8972471088       56.6003485002       57.3122938184       58.0331943062    
   58.7631626059       59.5023127765       60.2507603117       61.0086221580    
   61.7760167328       62.5530639430       63.3398852039       64.1366034579    
   64.9433431939       65.7602304665       66.5873929161       67.4249597885    
   68.2730619552       69.1318319340       70.0014039092       70.8819137535    
   71.7734990481       72.6762991052       73.5904549890       74.5161095383    
   75.4534073885       76.4024949943       77.3635206526       78.3366345255    
   79.3219886642       80.3197370321       81.3300355295       82.3530420175    
   83.3889163432       84.4378203638       85.4999179728       86.5753751252    
   87.6643598632       88.7670423430       89.8835948609       91.0141918805    
   92.1590100600       93.3182282794       94.4920276691       95.6805916375    
   96.8841059002       98.1027585087       99.3367398800       100.586242826    
   101.851462585       103.132596848       104.429845798       105.743412130    
   107.073501092       108.420320514       109.784080839       111.164995158    
   112.563279240       113.979151570       115.412833382       116.864548691    
   118.334524331       119.822989989    
Down potential follows (l on next line)
 1
  -107.966464164      -108.081931955      -107.919781331      -108.028189267    
  -107.990116046      -108.001325196      -107.990435906      -107.995554536    
  -107.993150395      -107.992683124      -107.991947854      -107.991226622    
  -107.990499692      -107.989777147      -107.989054006      -107.988332302    
  -107.987611181      -107.986890846      -107.986171178      -107.985452152    
  -107.984733727      -107.984015873      -107.983298564      -107.982581776    
  -107.981865495      -107.981149706      -107.980434403      -107.979719584    
  -107.979005251      -107.978291412      -107.977578082      -107.976865278    
  -107.976153026      -107.975441356      -107.974730303      -107.974019911    
  -107.973310228      -107.972601310      -107.971893217      -107.971186018    
  -107.970479789      -107.969774612      -107.969070576      -107.968367778    
  -107.967666322      -107.966966321      -107.966267892      -107.965571164    
  -107.964876271      -107.964183356      -107.963492569      -107.962804069    
  -107.962118023      -107.961434603      -107.960753992      -107.960076379    
  -107.959401962      -107.958730945      -107.958063539      -107.957399961    
  -107.956740438      -107.956085200      -107.955434483      -107.954788530    
  -107.954147586      -107.953511904      -107.952881736      -107.952257340    
  -107.951638974      -107.951026899      -107.950421373      -107.949822657    
  -107.949231005      -107.948646673      -107.948069907      -107.947500951    
  -107.946940039      -107.946387398      -107.945843243      -107.945307775    
  -107.944781185      -107.944263644      -107.943755307      -107.943256309    
  -107.942766763      -107.942286756      -107.941816352      -107.941355586    
  -107.940904462      -107.940462951      -107.940030991      -107.939608485    
  -107.939195294      -107.938791241      -107.938396108      -107.938009631    
  -107.937631502      -107.937261368      -107.936898826      -107.936543425    
  -107.936194664      -107.935851994      -107.935514813      -107.935182470    
  -107.934854264      -107.934529442      -107.934207204      -107.933886701    
  -107.933567037      -107.933247272      -107.932926420      -107.932603457    
  -107.932277316      -107.931946899      -107.931611070      -107.931268664    
  -107.930918491      -107.930559335      -107.930189961      -107.929809118    
  -107.929415542      -107.929007959      -107.928585093      -107.928145665    
  -107.927688398      -107.927212024      -107.926715283      -107.926196930    
  -107.925655736      -107.925090492      -107.924500013      -107.923883140    
  -107.923238742      -107.922565719      -107.921863003      -107.921129562    
  -107.920364399      -107.919566556      -107.918735112      -107.917869186    
  -107.916967936      -107.916030561      -107.915056300      -107.914044431    
  -107.912994272      -107.911905179      -107.910776548      -107.909607811    
  -107.908398434      -107.907147922      -107.905855810      -107.904521666    
  -107.903145089      -107.901725707      -107.900263174      -107.898757170    
  -107.897207400      -107.895613589      -107.893975484      -107.892292849    
  -107.890565468      -107.888793135      -107.886975663      -107.885112873    
  -107.883204597      -107.881250676      -107.879250960      -107.877205302    
  -107.875113561      -107.872975599      -107.870791278      -107.868560464    
  -107.866283020      -107.863958809      -107.861587689      -107.859169518    
  -107.856704146      -107.854191422      -107.851631184      -107.849023269    
  -107.846367501      -107.843663701      -107.840911678      -107.838111233    
  -107.835262159      -107.832364238      -107.829417239      -107.826420926    
  -107.823375047      -107.820279341      -107.817133534      -107.813937343    
  -107.810690470      -107.807392605      -107.804043429      -107.800642606    
  -107.797189790      -107.793684621      -107.790126729      -107.786515726    
  -107.782851215      -107.779132785      -107.775360012      -107.771532457    
  -107.767649671      -107.763711188      -107.759716533      -107.755665214    
  -107.751556727      -107.747390555      -107.743166169      -107.738883023    
  -107.734540561      -107.730138213      -107.725675394      -107.721151508    
  -107.716565943      -107.711918076      -107.707207269      -107.702432872    
  -107.697594220      -107.692690636      -107.687721428      -107.682685892    
  -107.677583309      -107.672412949      -107.667174066      -107.661865900    
  -107.656487679      -107.651038618      -107.645517915      -107.639924758    
  -107.634258318      -107.628517754      -107.622702211      -107.616810819    
  -107.610842694      -107.604796939      -107.598672642      -107.592468875    
  -107.586184699      -107.579819158      -107.573371282      -107.566840087    
  -107.560224573      -107.553523727      -107.546736518      -107.539861903    
  -107.532898822      -107.525846201      -107.518702949      -107.511467960    
  -107.504140112      -107.496718269      -107.489201278      -107.481587967    
  -107.473877153      -107.466067632      -107.458158188      -107.450147583    
  -107.442034566      -107.433817868      -107.425496203      -107.417068268    
  -107.408532741      -107.399888283      -107.391133539      -107.382267133    
  -107.373287674      -107.364193750      -107.354983932      -107.345656772    
  -107.336210802      -107.326644537      -107.316956470      -107.307145077    
  -107.297208814      -107.287146115      -107.276955396      -107.266635052    
  -107.256183458      -107.245598967      -107.234879913      -107.224024606    
  -107.213031339      -107.201898378      -107.190623972      -107.179206345    
  -107.167643699      -107.155934216      -107.144076052      -107.132067342    
  -107.119906197      -107.107590706      -107.095118931      -107.082488914    
  -107.069698671      -107.056746193      -107.043629448      -107.030346377    
  -107.016894898      -107.003272902      -106.989478255      -106.975508798    
  -106.961362345      -106.947036682      -106.932529572      -106.917838747    
  -106.902961916      -106.887896756      -106.872640921      -106.857192033    
  -106.841547689      -106.825705456      -106.809662871      -106.793417445    
  -106.776966657      -106.760307959      -106.743438771      -106.726356484    
  -106.709058458      -106.691542024      -106.673804481      -106.655843097    
  -106.637655110      -106.619237723      -106.600588111      -106.581703416    
  -106.562580746      -106.543217177      -106.523609754      -106.503755486    
  -106.483651352      -106.463294294      -106.442681223      -106.421809015    
  -106.400674510      -106.379274516      -106.357605805      -106.335665115    
  -106.313449147      -106.290954569      -106.268178010      -106.245116067    
  -106.221765298      -106.198122227      -106.174183339      -106.149945085    
  -106.125403877      -106.100556092      -106.075398067      -106.049926105    
  -106.024136469      -105.998025385      -105.971589041      -105.944823588    
  -105.917725137      -105.890289762      -105.862513499      -105.834392343    
  -105.805922254      -105.777099150      -105.747918912      -105.718377380    
  -105.688470358      -105.658193609      -105.627542856      -105.596513784    
  -105.565102039      -105.533303226      -105.501112912      -105.468526625    
  -105.435539851      -105.402148039      -105.368346598      -105.334130897    
  -105.299496266      -105.264437995      -105.228951336      -105.193031500    
  -105.156673660      -105.119872949      -105.082624461      -105.044923253    
  -105.006764339      -104.968142697      -104.929053266      -104.889490947    
  -104.849450601      -104.808927052      -104.767915084      -104.726409446    
  -104.684404846      -104.641895958      -104.598877414      -104.555343813    
  -104.511289714      -104.466709641      -104.421598081      -104.375949484    
  -104.329758264      -104.283018800      -104.235725434      -104.187872472    
  -104.139454188      -104.090464818      -104.040898565      -103.990749596    
  -103.940012045      -103.888680012      -103.836747563      -103.784208730    
  -103.731057515      -103.677287882      -103.622893768      -103.567869072    
  -103.512207665      -103.455903385      -103.398950038      -103.341341397    
  -103.283071208      -103.224133181      -103.164520999      -103.104228312    
  -103.043248740      -102.981575875      -102.919203274      -102.856124469    
  -102.792332958      -102.727822212      -102.662585670      -102.596616743    
  -102.529908811      -102.462455224      -102.394249305      -102.325284343    
  -102.255553600      -102.185050308      -102.113767667      -102.041698849    
  -101.968836995      -101.895175214      -101.820706586      -101.745424159    
  -101.669320952      -101.592389949      -101.514624104      -101.436016339    
  -101.356559544      -101.276246575      -101.195070255      -101.113023374    
  -101.030098688      -100.946288917      -100.861586748      -100.775984831    
  -100.689475783      -100.602052182      -100.513706571      -100.424431454    
  -100.334219299      -100.243062537      -100.150953560      -100.057884719    
  -99.9638483294      -99.8688366657      -99.7728419629      -99.6758564165    
  -99.5778721818      -99.4788813740      -99.3788760681      -99.2778482990    
  -99.1757900610      -99.0726933085      -98.9685499557      -98.8633518771    
  -98.7570909072      -98.6497588414      -98.5413474361      -98.4318484089    
  -98.3212534391      -98.2095541682      -98.0967422002      -97.9828091023    
  -97.8677464047      -97.7515456017      -97.6341981514      -97.5156954760    
  -97.3960289622      -97.2751899608      -97.1531697863      -97.0299597170    
  -96.9055509936      -96.7799348190      -96.6531023561      -96.5250447270    
  -96.3957530105      -96.2652182404      -96.1334314019      -96.0003834296    
  -95.8660652034      -95.7304675455      -95.5935812160      -95.4553969099    
  -95.3159052523      -95.1750967961      -95.0329620179      -94.8894913170    
  -94.7446750134      -94.5985033494      -94.4509664920      -94.3020545384    
  -94.1517575256      -94.0000654431      -93.8469682512      -93.6924559057    
  -93.5365183882      -93.3791457453      -93.2203281365      -93.0600558913    
  -92.8983195772      -92.7351100790      -92.5704186891      -92.4042372103    
  -92.2365580691      -92.0673744398      -91.8966803773      -91.7244709565    
  -91.5507424155      -91.3754922984      -91.1987195930      -91.0204248585    
  -90.8406103352      -90.6592800334      -90.4764397866      -90.2920972745    
  -90.1062619987      -89.9189452000      -89.7301597374      -89.5399199019    
  -89.3482411701      -89.1551399102      -88.9606330330      -88.7647376036    
  -88.5674704183      -88.3688475640      -88.1688839689      -87.9675929631    
  -87.7649858614      -87.5610715827      -87.3558563182      -87.1493432591    
  -86.9415323901      -86.7324203553      -86.5220003966      -86.3102623668    
  -86.0971928133      -85.8827751295      -85.6669897692      -85.4498145179    
  -85.2312248145      -85.0111941153      -84.7896942929      -84.5666960593    
  -84.3421694036      -84.1160840304      -83.8884097893      -83.6591170801    
  -83.4281772250      -83.1955627961      -82.9612478923      -82.7252083600    
  -82.4874219591      -82.2478684729      -82.0065297695      -81.7633898201    
  -81.5184346805      -81.2716524457      -81.0230331822      -80.7725688474    
  -80.5202531983      -80.2660816950      -80.0100514027      -79.7521608908    
  -79.4924101339      -79.2308004121      -78.9673342131      -78.7020151347    
  -78.4348477882      -78.1658377036      -77.8949912357      -77.6223154729    
  -77.3478181473      -77.0715075487      -76.7933924417      -76.5134819870    
  -76.2317856667      -75.9483132152      -75.6630745550      -75.3760797386    
  -75.0873388957      -74.7968621874      -74.5046597656      -74.2107417398    
  -73.9151181492      -73.6177989425      -73.3187939626      -73.0181129383    
  -72.7157654824      -72.4117610944      -72.1061091701      -71.7988190159    
  -71.4898998680      -71.1793609161      -70.8672113321      -70.5534603012    
  -70.2381170579      -69.9211909241      -69.6026913513      -69.2826279651    
  -68.9610106142      -68.6378494237      -68.3131548550      -67.9869377733    
  -67.6592095268      -67.3299820409      -66.9992679317      -66.6670806454    
  -66.3334346292      -65.9983455416      -65.6618305079      -65.3239084301    
  -64.9846003547      -64.6439299024      -64.3019237606      -63.9586122326    
  -63.6140298309      -63.2682159004      -62.9212152295      -62.5730786357    
  -62.2238634559      -61.8736338749      -61.5224610848      -61.1704231561    
  -60.8176045771      -60.4640954305      -60.1099901471      -59.7553858344    
  -59.4003801863      -59.0450690138      -58.6895434684      -58.3338870682    
  -57.9781726659      -57.6224595433      -57.2667908509      -56.9111916316    
  -56.5556676821      -56.2002054843      -55.8447733691      -55.4893239679    
  -55.1337978548      -54.7781281128      -54.4222454083      -54.0660830604    
  -53.7095815832      -53.3526922593      -52.9953794595      -52.6376216187    
  -52.2794109706      -51.9207522898      -51.5616609756      -51.2021608280    
  -50.8422818286      -50.4820581632      -50.1215266342      -49.7607255243    
  -49.3996938987      -49.0384712833      -48.6770976248      -48.3156134271    
  -47.9540599648      -47.5924794898      -47.2309153682      -46.8694121088    
  -46.5080152648      -46.1467712106      -45.7857268068      -45.4249289765    
  -45.0644242185      -44.7042580870      -44.3444746618      -43.9851160324    
  -43.6262218158      -43.2678287216      -42.9099701779      -42.5526760244    
  -42.1959722812      -41.8398809953      -41.4844201687      -41.1296037699    
  -40.7754418276      -40.4219406083      -40.0691028738      -39.7169282169    
  -39.3654134682      -39.0145531670      -38.6643400835      -38.3147657782    
  -37.9658211747      -37.6174971219      -37.2697849106      -36.9226767065    
  -36.5761658517      -36.2302469873      -35.8849159420      -35.5401693385    
  -35.1960038771      -34.8524152687      -34.5093968341      -34.1669378148    
  -33.8250215092      -33.4836234643      -33.1427100126      -32.8022376109    
  -32.4621535789      -32.1223989401      -31.7829141968      -31.4436488420    
  -31.1045752227      -30.7657070151      -30.4271217899      -30.0889860840    
  -29.7515800932      -29.4153176702      -29.0807561691      -28.7485901428    
  -28.4196233181      -28.0947148515      -27.7746987812      -27.4602801329    
  -27.1519178331      -26.8497134344      -26.5533336636      -26.2619984748    
  -25.9745572135      -25.6896503327      -25.4059207723      -25.1222158979    
  -24.8377238989      -24.5520172123      -24.2650121923      -23.9768786549    
  -23.6879368926      -23.3985687762      -23.1091544275      -22.8200344219    
  -22.5314918914      -22.2437479012      -21.9569647475      -21.6712535960    
  -21.3866842780      -21.1032958987      -20.8211073360      -20.5401269126    
  -20.2603606867      -19.9818189828      -19.7045209955      -19.4284975001    
  -19.1537918778      -18.8804597702      -18.6085677296      -18.3381912244    
  -18.0694123146      -17.8023172486      -17.5369941658      -17.2735310219    
  -17.0120138046      -16.7525250644      -16.4951427597      -16.2399393968    
  -15.9869814345      -15.7363289227      -15.4880353411      -15.2421476069    
  -14.9987062235      -14.7577455459      -14.5192941400      -14.2833752168    
  -14.0500071230      -13.8192038708      -13.5909756932      -13.3653296021    
  -13.1422699459      -12.9217989277      -12.7039170871      -12.4886237303    
  -12.2759172725      -12.0657954750      -11.8582555952      -11.6532944485    
  -11.4509083024      -11.2510926977      -11.0538421929      -10.8591500410    
  -10.6670078594      -10.4774053584      -10.2903302383      -10.1057682745    
  -9.92370376706      -9.74412044510      -9.56700289734      -9.39233862889    
  -9.22012074695      -9.05035122402      -8.88304457183      -8.71823162926    
  -8.55596301914      -8.39631168841      -8.23937384576      -8.08526759227    
  -7.93412864843      -7.78610284736      -7.64133549364      -7.49995824190    
  -7.36207473880      -7.22774676415      -7.09698285326      -6.96973126455    
  -6.84587863277      -6.72525478770      -6.60764319841      -6.49279556557    
  -6.38044845820      -6.27033971935      -6.16222265432      -6.05587664571    
  -5.95111361594      -5.84778048214      -5.74575827838      -5.64495889777    
  -5.54532045127      -5.44680211457      -5.34937911997      -5.25303831469    
  -5.15777449757      -5.06358758538      -4.97048055273      -4.87845803021    
  -4.78752542149      -4.69768840159      -4.60895267376      -4.52132388435    
  -4.43480761923      -4.34940942707      -4.26513483406      -4.18198932977    
  -4.09997831532      -4.01910701296      -3.93938034186      -3.86080276732    
  -3.78337813251      -3.70710948181      -3.63199888438      -3.55804726561    
  -3.48525425274      -3.41361804173      -3.34313528321      -3.27380100864    
  -3.20560856797      -3.13854960660      -3.07261410301      -3.00779039726    
  -2.94406528021      -2.88142413121      -2.81985107513      -2.75932919239    
  -2.69984076524      -2.64136756648      -2.58389118486      -2.52739339505    
  -2.47185654959      -2.41726400545      -2.36360058402      -2.31085301447    
  -2.25901039331      -2.20806463121      -2.15801085540      -2.10884776971    
  -2.06057794171      -2.01320800226      -1.96674873865      -1.92121506611    
  -1.87662586578      -1.83300368173      -1.79037427539      -1.74876604149    
  -1.70820929569      -1.66873545041      -1.63037610004      -1.59316204134    
  -1.55712225722      -1.52228289410      -1.48866626229      -1.45628988809    
  -1.42516564318      -1.39529897384      -1.36668824849      -1.33932423759    
  -1.31318973629      -1.28825933590      -1.26449934713      -1.24186787503    
  -1.22031504309      -1.19978336206      -1.18020823732      -1.16151860725    
  -1.14363770338      -1.12648392190      -1.10997179401      -1.09401304094    
  -1.07851769698      -1.06339528164      -1.04855599964      -1.03391194515    
  -1.01937828492      -1.00487439368     -0.990324915147     -0.975660722470    
 -0.960819754087     -0.945747704213     -0.930398551331     -0.914734913422    
 -0.898728224487     -0.882358733118     -0.865615329955     -0.848495216498    
 -0.831003432624     -0.813152263951     -0.794960552835     -0.776452938148    
 -0.757659049110     -0.738612677525     -0.719350950802     -0.699913525646    
 -0.680341819110     -0.660678290484     -0.640965784054     -0.621246939559    
 -0.601563674208     -0.581956737493     -0.562465337796     -0.543126838059    
 -0.523976516364     -0.505047386328     -0.486370071587     -0.467972728315    
 -0.449881009667     -0.432118066133     -0.414704576108     -0.397658801318    
 -0.380996662228     -0.364731829038     -0.348875824378     -0.333438134307    
 -0.318426324721     -0.303846160690     -0.289701726711     -0.275995546171    
 -0.262728698705     -0.249900934421     -0.237510784154     -0.225555665221    
 -0.214031982264     -0.202935222939     -0.192260048344     -0.182000378160    
 -0.172149470575     -0.162699997107     -0.153644112495     -0.144973519863    
 -0.136679531366     -0.128753124570     -0.121184994786     -0.113965603611    
 -0.107085223900     -0.100533981413     -0.943018933299E-01 -0.883789038585E-01
 -0.827549171253E-01 -0.774198275176E-01 -0.723635476587E-01 -0.675760341573E-01
 -0.630473112828E-01 -0.587674926828E-01 -0.547268012801E-01 -0.509155874356E-01
 -0.473243454900E-01 -0.439437287758E-01 -0.407645631649E-01 -0.377778592525E-01
 -0.349748232203E-01 -0.323468664702E-01 -0.298856140670E-01 -0.275829120625E-01
 -0.254308337362E-01 -0.234216848278E-01 -0.215480077876E-01 -0.198025851040E-01
 -0.181784417488E-01 -0.166688467840E-01 -0.152673141832E-01 -0.139676028907E-01
 -0.127637161845E-01 -0.116499003641E-01 -0.106206428216E-01 -0.967066951722E-02
 -0.879494197255E-02 -0.798865346502E-02 -0.724722606466E-02 -0.656630699996E-02
 -0.594174274057E-02 -0.576157432666E-02 -0.583403164448E-02 -0.590739937600E-02
 -0.598171228027E-02 -0.605695305944E-02 -0.613314141627E-02 -0.621028760631E-02
 -0.628840402996E-02 -0.636750293700E-02 -0.644759668900E-02 -0.652869783009E-02
 -0.661081904884E-02 -0.669397319439E-02 -0.677817326523E-02 -0.686343242832E-02
 -0.694976400823E-02 -0.703718149812E-02 -0.712569855978E-02 -0.721532902581E-02
 -0.730608690064E-02 -0.739798637107E-02 -0.749104179123E-02 -0.758526770404E-02
 -0.768067882984E-02 -0.777729008303E-02 -0.787511655341E-02 -0.797417353091E-02
 -0.807447649150E-02 -0.817604110881E-02 -0.827888325011E-02 -0.838301898780E-02
 -0.848846459085E-02 -0.859523653567E-02 -0.870335150762E-02 -0.881282639666E-02
 -0.892367831258E-02 -0.903592457256E-02 -0.914958271593E-02 -0.926467050296E-02
 -0.938120591746E-02 -0.949920716864E-02 -0.961869268971E-02 -0.973968115554E-02
 -0.986219146669E-02 -0.998624276868E-02 -0.101118544452E-01 -0.102390461198E-01
 -0.103678376707E-01 -0.104982492187E-01 -0.106303011448E-01 -0.107640140780E-01
 -0.108994089125E-01 -0.110365068036E-01 -0.111753291736E-01 -0.113158977161E-01
 -0.114582343902E-01 -0.116023614430E-01 -0.117483013914E-01 -0.118960770350E-01
 -0.120457114663E-01 -0.121972280697E-01 -0.123506505187E-01 -0.125060027822E-01
 -0.126633091353E-01 -0.128225941612E-01 -0.129838827461E-01 -0.131472000887E-01
 -0.133125717175E-01 -0.134800234596E-01 -0.136495814870E-01 -0.138212722882E-01
 -0.139951226978E-01 -0.141711598781E-01 -0.143494113292E-01 -0.145299049091E-01
 -0.147126688180E-01 -0.148977316164E-01 -0.150851222152E-01 -0.152748698984E-01
 -0.154670043168E-01 -0.156615554877E-01 -0.158585538084E-01 -0.160580300619E-01
 -0.162600154224E-01 -0.164645414397E-01 -0.166716400824E-01 -0.168813437054E-01
 -0.170936850758E-01 -0.173086973688E-01 -0.175264141852E-01 -0.177468695427E-01
 -0.179700978894E-01 -0.181961340976E-01 -0.184250134902E-01 -0.186567718376E-01
 -0.188914453438E-01 -0.191290706802E-01 -0.193696849694E-01 -0.196133258227E-01
 -0.198600312926E-01 -0.201098399374E-01 -0.203627907916E-01 -0.206189233772E-01
 -0.208782777067E-01 -0.211408943208E-01 -0.214068142396E-01 -0.216760790178E-01
 -0.219487307330E-01 -0.222248119828E-01 -0.225043659072E-01 -0.227874361907E-01
 -0.230740670601E-01 -0.233643033014E-01 -0.236581902625E-01 -0.239557738678E-01
 -0.242571006123E-01 -0.245622175775E-01 -0.248711724461E-01 -0.251840134917E-01
 -0.255007895896E-01 -0.258215502411E-01 -0.261463455668E-01 -0.264752263118E-01
 -0.268082438676E-01 -0.271454502693E-01 -0.274868981999E-01 -0.278326410287E-01
 -0.281827327581E-01 -0.285372280998E-01 -0.288961824490E-01 -0.292596518815E-01
 -0.296276931972E-01 -0.300003639061E-01 -0.303777222400E-01 -0.307598271519E-01
 -0.311467383515E-01 -0.315385162978E-01 -0.319352221986E-01 -0.323369180554E-01
 -0.327436666078E-01 -0.331555314351E-01 -0.335725768928E-01 -0.339948681271E-01
 -0.344224711314E-01 -0.348554527228E-01 -0.352938805513E-01 -0.357378231208E-01
 -0.361873498033E-01 -0.366425308322E-01 -0.371034373442E-01 -0.375701413342E-01
 -0.380427157410E-01 -0.385212344002E-01 -0.390057720831E-01 -0.394964045114E-01
 -0.399932083259E-01 -0.404962611553E-01 -0.410056416211E-01 -0.415214293006E-01
 -0.420437047957E-01 -0.425725497004E-01
Up potential follows (l on next line)
 1
  -107.966464164      -108.081931955      -107.919781331      -108.028189267    
  -107.990116046      -108.001325196      -107.990435906      -107.995554536    
  -107.993150395      -107.992683124      -107.991947854      -107.991226622    
  -107.990499692      -107.989777147      -107.989054006      -107.988332302    
  -107.987611181      -107.986890846      -107.986171178      -107.985452152    
  -107.984733727      -107.984015873      -107.983298564      -107.982581776    
  -107.981865495      -107.981149706      -107.980434403      -107.979719584    
  -107.979005251      -107.978291412      -107.977578082      -107.976865278    
  -107.976153026      -107.975441356      -107.974730303      -107.974019911    
  -107.973310228      -107.972601310      -107.971893217      -107.971186018    
  -107.970479789      -107.969774612      -107.969070576      -107.968367778    
  -107.967666322      -107.966966321      -107.966267892      -107.965571164    
  -107.964876271      -107.964183356      -107.963492569      -107.962804069    
  -107.962118023      -107.961434603      -107.960753992      -107.960076379    
  -107.959401962      -107.958730945      -107.958063539      -107.957399961    
  -107.956740438      -107.956085200      -107.955434483      -107.954788530    
  -107.954147586      -107.953511904      -107.952881736      -107.952257340    
  -107.951638974      -107.951026899      -107.950421373      -107.949822657    
  -107.949231005      -107.948646673      -107.948069907      -107.947500951    
  -107.946940039      -107.946387398      -107.945843243      -107.945307775    
  -107.944781185      -107.944263644      -107.943755307      -107.943256309    
  -107.942766763      -107.942286756      -107.941816352      -107.941355586    
  -107.940904462      -107.940462951      -107.940030991      -107.939608485    
  -107.939195294      -107.938791241      -107.938396108      -107.938009631    
  -107.937631502      -107.937261368      -107.936898826      -107.936543425    
  -107.936194664      -107.935851994      -107.935514813      -107.935182470    
  -107.934854264      -107.934529442      -107.934207204      -107.933886701    
  -107.933567037      -107.933247272      -107.932926420      -107.932603457    
  -107.932277316      -107.931946899      -107.931611070      -107.931268664    
  -107.930918491      -107.930559335      -107.930189961      -107.929809118    
  -107.929415542      -107.929007959      -107.928585093      -107.928145665    
  -107.927688398      -107.927212024      -107.926715283      -107.926196930    
  -107.925655736      -107.925090492      -107.924500013      -107.923883140    
  -107.923238742      -107.922565719      -107.921863003      -107.921129562    
  -107.920364399      -107.919566556      -107.918735112      -107.917869186    
  -107.916967936      -107.916030561      -107.915056300      -107.914044431    
  -107.912994272      -107.911905179      -107.910776548      -107.909607811    
  -107.908398434      -107.907147922      -107.905855810      -107.904521666    
  -107.903145089      -107.901725707      -107.900263174      -107.898757170    
  -107.897207400      -107.895613589      -107.893975484      -107.892292849    
  -107.890565468      -107.888793135      -107.886975663      -107.885112873    
  -107.883204597      -107.881250676      -107.879250960      -107.877205302    
  -107.875113561      -107.872975599      -107.870791278      -107.868560464    
  -107.866283020      -107.863958809      -107.861587689      -107.859169518    
  -107.856704146      -107.854191422      -107.851631184      -107.849023269    
  -107.846367501      -107.843663701      -107.840911678      -107.838111233    
  -107.835262159      -107.832364238      -107.829417239      -107.826420926    
  -107.823375047      -107.820279341      -107.817133534      -107.813937343    
  -107.810690470      -107.807392605      -107.804043429      -107.800642606    
  -107.797189790      -107.793684621      -107.790126729      -107.786515726    
  -107.782851215      -107.779132785      -107.775360012      -107.771532457    
  -107.767649671      -107.763711188      -107.759716533      -107.755665214    
  -107.751556727      -107.747390555      -107.743166169      -107.738883023    
  -107.734540561      -107.730138213      -107.725675394      -107.721151508    
  -107.716565943      -107.711918076      -107.707207269      -107.702432872    
  -107.697594220      -107.692690636      -107.687721428      -107.682685892    
  -107.677583309      -107.672412949      -107.667174066      -107.661865900    
  -107.656487679      -107.651038618      -107.645517915      -107.639924758    
  -107.634258318      -107.628517754      -107.622702211      -107.616810819    
  -107.610842694      -107.604796939      -107.598672642      -107.592468875    
  -107.586184699      -107.579819158      -107.573371282      -107.566840087    
  -107.560224573      -107.553523727      -107.546736518      -107.539861903    
  -107.532898822      -107.525846201      -107.518702949      -107.511467960    
  -107.504140112      -107.496718269      -107.489201278      -107.481587967    
  -107.473877153      -107.466067632      -107.458158188      -107.450147583    
  -107.442034566      -107.433817868      -107.425496203      -107.417068268    
  -107.408532741      -107.399888283      -107.391133539      -107.382267133    
  -107.373287674      -107.364193750      -107.354983932      -107.345656772    
  -107.336210802      -107.326644537      -107.316956470      -107.307145077    
  -107.297208814      -107.287146115      -107.276955396      -107.266635052    
  -107.256183458      -107.245598967      -107.234879913      -107.224024606    
  -107.213031339      -107.201898378      -107.190623972      -107.179206345    
  -107.167643699      -107.155934216      -107.144076052      -107.132067342    
  -107.119906197      -107.107590706      -107.095118931      -107.082488914    
  -107.069698671      -107.056746193      -107.043629448      -107.030346377    
  -107.016894898      -107.003272902      -106.989478255      -106.975508798    
  -106.961362345      -106.947036682      -106.932529572      -106.917838747    
  -106.902961916      -106.887896756      -106.872640921      -106.857192033    
  -106.841547689      -106.825705456      -106.809662871      -106.793417445    
  -106.776966657      -106.760307959      -106.743438771      -106.726356484    
  -106.709058458      -106.691542024      -106.673804481      -106.655843097    
  -106.637655110      -106.619237723      -106.600588111      -106.581703416    
  -106.562580746      -106.543217177      -106.523609754      -106.503755486    
  -106.483651352      -106.463294294      -106.442681223      -106.421809015    
  -106.400674510      -106.379274516      -106.357605805      -106.335665115    
  -106.313449147      -106.290954569      -106.268178010      -106.245116067    
  -106.221765298      -106.198122227      -106.174183339      -106.149945085    
  -106.125403877      -106.100556092      -106.075398067      -106.049926105    
  -106.024136469      -105.998025385      -105.971589041      -105.944823588    
  -105.917725137      -105.890289762      -105.862513499      -105.834392343    
  -105.805922254      -105.777099150      -105.747918912      -105.718377380    
  -105.688470358      -105.658193609      -105.627542856      -105.596513784    
  -105.565102039      -105.533303226      -105.501112912      -105.468526625    
  -105.435539851      -105.402148039      -105.368346598      -105.334130897    
  -105.299496266      -105.264437995      -105.228951336      -105.193031500    
  -105.156673660      -105.119872949      -105.082624461      -105.044923253    
  -105.006764339      -104.968142697      -104.929053266      -104.889490947    
  -104.849450601      -104.808927052      -104.767915084      -104.726409446    
  -104.684404846      -104.641895958      -104.598877414      -104.555343813    
  -104.511289714      -104.466709641      -104.421598081      -104.375949484    
  -104.329758264      -104.283018800      -104.235725434      -104.187872472    
  -104.139454188      -104.090464818      -104.040898565      -103.990749596    
  -103.940012045      -103.888680012      -103.836747563      -103.784208730    
  -103.731057515      -103.677287882      -103.622893768      -103.567869072    
  -103.512207665      -103.455903385      -103.398950038      -103.341341397    
  -103.283071208      -103.224133181      -103.164520999      -103.104228312    
  -103.043248740      -102.981575875      -102.919203274      -102.856124469    
  -102.792332958      -102.727822212      -102.662585670      -102.596616743    
  -102.529908811      -102.462455224      -102.394249305      -102.325284343    
  -102.255553600      -102.185050308      -102.113767667      -102.041698849    
  -101.968836995      -101.895175214      -101.820706586      -101.745424159    
  -101.669320952      -101.592389949      -101.514624104      -101.436016339    
  -101.356559544      -101.276246575      -101.195070255      -101.113023374    
  -101.030098688      -100.946288917      -100.861586748      -100.775984831    
  -100.689475783      -100.602052182      -100.513706571      -100.424431454    
  -100.334219299      -100.243062537      -100.150953560      -100.057884719    
  -99.9638483294      -99.8688366657      -99.7728419629      -99.6758564165    
  -99.5778721818      -99.4788813740      -99.3788760681      -99.2778482990    
  -99.1757900610      -99.0726933085      -98.9685499557      -98.8633518771    
  -98.7570909072      -98.6497588414      -98.5413474361      -98.4318484089    
  -98.3212534391      -98.2095541682      -98.0967422002      -97.9828091023    
  -97.8677464047      -97.7515456017      -97.6341981514      -97.5156954760    
  -97.3960289622      -97.2751899608      -97.1531697863      -97.0299597170    
  -96.9055509936      -96.7799348190      -96.6531023561      -96.5250447270    
  -96.3957530105      -96.2652182404      -96.1334314019      -96.0003834296    
  -95.8660652034      -95.7304675455      -95.5935812160      -95.4553969099    
  -95.3159052523      -95.1750967961      -95.0329620179      -94.8894913170    
  -94.7446750134      -94.5985033494      -94.4509664920      -94.3020545384    
  -94.1517575256      -94.0000654431      -93.8469682512      -93.6924559057    
  -93.5365183882      -93.3791457453      -93.2203281365      -93.0600558913    
  -92.8983195772      -92.7351100790      -92.5704186891      -92.4042372103    
  -92.2365580691      -92.0673744398      -91.8966803773      -91.7244709565    
  -91.5507424155      -91.3754922984      -91.1987195930      -91.0204248585    
  -90.8406103352      -90.6592800334      -90.4764397866      -90.2920972745    
  -90.1062619987      -89.9189452000      -89.7301597374      -89.5399199019    
  -89.3482411701      -89.1551399102      -88.9606330330      -88.7647376036    
  -88.5674704183      -88.3688475640      -88.1688839689      -87.9675929631    
  -87.7649858614      -87.5610715827      -87.3558563182      -87.1493432591    
  -86.9415323901      -86.7324203553      -86.5220003966      -86.3102623668    
  -86.0971928133      -85.8827751295      -85.6669897692      -85.4498145179    
  -85.2312248145      -85.0111941153      -84.7896942929      -84.5666960593    
  -84.3421694036      -84.1160840304      -83.8884097893      -83.6591170801    
  -83.4281772250      -83.1955627961      -82.9612478923      -82.7252083600    
  -82.4874219591      -82.2478684729      -82.0065297695      -81.7633898201    
  -81.5184346805      -81.2716524457      -81.0230331822      -80.7725688474    
  -80.5202531983      -80.2660816950      -80.0100514027      -79.7521608908    
  -79.4924101339      -79.2308004121      -78.9673342131      -78.7020151347    
  -78.4348477882      -78.1658377036      -77.8949912357      -77.6223154729    
  -77.3478181473      -77.0715075487      -76.7933924417      -76.5134819870    
  -76.2317856667      -75.9483132152      -75.6630745550      -75.3760797386    
  -75.0873388957      -74.7968621874      -74.5046597656      -74.2107417398    
  -73.9151181492      -73.6177989425      -73.3187939626      -73.0181129383    
  -72.7157654824      -72.4117610944      -72.1061091701      -71.7988190159    
  -71.4898998680      -71.1793609161      -70.8672113321      -70.5534603012    
  -70.2381170579      -69.9211909241      -69.6026913513      -69.2826279651    
  -68.9610106142      -68.6378494237      -68.3131548550      -67.9869377733    
  -67.6592095268      -67.3299820409      -66.9992679317      -66.6670806454    
  -66.3334346292      -65.9983455416      -65.6618305079      -65.3239084301    
  -64.9846003547      -64.6439299024      -64.3019237606      -63.9586122326    
  -63.6140298309      -63.2682159004      -62.9212152295      -62.5730786357    
  -62.2238634559      -61.8736338749      -61.5224610848      -61.1704231561    
  -60.8176045771      -60.4640954305      -60.1099901471      -59.7553858344    
  -59.4003801863      -59.0450690138      -58.6895434684      -58.3338870682    
  -57.9781726659      -57.6224595433      -57.2667908509      -56.9111916316    
  -56.5556676821      -56.2002054843      -55.8447733691      -55.4893239679    
  -55.1337978548      -54.7781281128      -54.4222454083      -54.0660830604    
  -53.7095815832      -53.3526922593      -52.9953794595      -52.6376216187    
  -52.2794109706      -51.9207522898      -51.5616609756      -51.2021608280    
  -50.8422818286      -50.4820581632      -50.1215266342      -49.7607255243    
  -49.3996938987      -49.0384712833      -48.6770976248      -48.3156134271    
  -47.9540599648      -47.5924794898      -47.2309153682      -46.8694121088    
  -46.5080152648      -46.1467712106      -45.7857268068      -45.4249289765    
  -45.0644242185      -44.7042580870      -44.3444746618      -43.9851160324    
  -43.6262218158      -43.2678287216      -42.9099701779      -42.5526760244    
  -42.1959722812      -41.8398809953      -41.4844201687      -41.1296037699    
  -40.7754418276      -40.4219406083      -40.0691028738      -39.7169282169    
  -39.3654134682      -39.0145531670      -38.6643400835      -38.3147657782    
  -37.9658211747      -37.6174971219      -37.2697849106      -36.9226767065    
  -36.5761658517      -36.2302469873      -35.8849159420      -35.5401693385    
  -35.1960038771      -34.8524152687      -34.5093968341      -34.1669378148    
  -33.8250215092      -33.4836234643      -33.1427100126      -32.8022376109    
  -32.4621535789      -32.1223989401      -31.7829141968      -31.4436488420    
  -31.1045752227      -30.7657070151      -30.4271217899      -30.0889860840    
  -29.7515800932      -29.4153176702      -29.0807561691      -28.7485901428    
  -28.4196233181      -28.0947148515      -27.7746987812      -27.4602801329    
  -27.1519178331      -26.8497134344      -26.5533336636      -26.2619984748    
  -25.9745572135      -25.6896503327      -25.4059207723      -25.1222158979    
  -24.8377238989      -24.5520172123      -24.2650121923      -23.9768786549    
  -23.6879368926      -23.3985687762      -23.1091544275      -22.8200344219    
  -22.5314918914      -22.2437479012      -21.9569647475      -21.6712535960    
  -21.3866842780      -21.1032958987      -20.8211073360      -20.5401269126    
  -20.2603606867      -19.9818189828      -19.7045209955      -19.4284975001    
  -19.1537918778      -18.8804597702      -18.6085677296      -18.3381912244    
  -18.0694123146      -17.8023172486      -17.5369941658      -17.2735310219    
  -17.0120138046      -16.7525250644      -16.4951427597      -16.2399393968    
  -15.9869814345      -15.7363289227      -15.4880353411      -15.2421476069    
  -14.9987062235      -14.7577455459      -14.5192941400      -14.2833752168    
  -14.0500071230      -13.8192038708      -13.5909756932      -13.3653296021    
  -13.1422699459      -12.9217989277      -12.7039170871      -12.4886237303    
  -12.2759172725      -12.0657954750      -11.8582555952      -11.6532944485    
  -11.4509083024      -11.2510926977      -11.0538421929      -10.8591500410    
  -10.6670078594      -10.4774053584      -10.2903302383      -10.1057682745    
  -9.92370376706      -9.74412044510      -9.56700289734      -9.39233862889    
  -9.22012074695      -9.05035122402      -8.88304457183      -8.71823162926    
  -8.55596301914      -8.39631168841      -8.23937384576      -8.08526759227    
  -7.93412864843      -7.78610284736      -7.64133549364      -7.49995824190    
  -7.36207473880      -7.22774676415      -7.09698285326      -6.96973126455    
  -6.84587863277      -6.72525478770      -6.60764319841      -6.49279556557    
  -6.38044845820      -6.27033971935      -6.16222265432      -6.05587664571    
  -5.95111361594      -5.84778048214      -5.74575827838      -5.64495889777    
  -5.54532045127      -5.44680211457      -5.34937911997      -5.25303831469    
  -5.15777449757      -5.06358758538      -4.97048055273      -4.87845803021    
  -4.78752542149      -4.69768840159      -4.60895267376      -4.52132388435    
  -4.43480761923      -4.34940942707      -4.26513483406      -4.18198932977    
  -4.09997831532      -4.01910701296      -3.93938034186      -3.86080276732    
  -3.78337813251      -3.70710948181      -3.63199888438      -3.55804726561    
  -3.48525425274      -3.41361804173      -3.34313528321      -3.27380100864    
  -3.20560856797      -3.13854960660      -3.07261410301      -3.00779039726    
  -2.94406528021      -2.88142413121      -2.81985107513      -2.75932919239    
  -2.69984076524      -2.64136756648      -2.58389118486      -2.52739339505    
  -2.47185654959      -2.41726400545      -2.36360058402      -2.31085301447    
  -2.25901039331      -2.20806463121      -2.15801085540      -2.10884776971    
  -2.06057794171      -2.01320800226      -1.96674873865      -1.92121506611    
  -1.87662586578      -1.83300368173      -1.79037427539      -1.74876604149    
  -1.70820929569      -1.66873545041      -1.63037610004      -1.59316204134    
  -1.55712225722      -1.52228289410      -1.48866626229      -1.45628988809    
  -1.42516564318      -1.39529897384      -1.36668824849      -1.33932423759    
  -1.31318973629      -1.28825933590      -1.26449934713      -1.24186787503    
  -1.22031504309      -1.19978336206      -1.18020823732      -1.16151860725    
  -1.14363770338      -1.12648392190      -1.10997179401      -1.09401304094    
  -1.07851769698      -1.06339528164      -1.04855599964      -1.03391194515    
  -1.01937828492      -1.00487439368     -0.990324915147     -0.975660722470    
 -0.960819754087     -0.945747704213     -0.930398551331     -0.914734913422    
 -0.898728224487     -0.882358733118     -0.865615329955     -0.848495216498    
 -0.831003432624     -0.813152263951     -0.794960552835     -0.776452938148    
 -0.757659049110     -0.738612677525     -0.719350950802     -0.699913525646    
 -0.680341819110     -0.660678290484     -0.640965784054     -0.621246939559    
 -0.601563674208     -0.581956737493     -0.562465337796     -0.543126838059    
 -0.523976516364     -0.505047386328     -0.486370071587     -0.467972728315    
 -0.449881009667     -0.432118066133     -0.414704576108     -0.397658801318    
 -0.380996662228     -0.364731829038     -0.348875824378     -0.333438134307    
 -0.318426324721     -0.303846160690     -0.289701726711     -0.275995546171    
 -0.262728698705     -0.249900934421     -0.237510784154     -0.225555665221    
 -0.214031982264     -0.202935222939     -0.192260048344     -0.182000378160    
 -0.172149470575     -0.162699997107     -0.153644112495     -0.144973519863    
 -0.136679531366     -0.128753124570     -0.121184994786     -0.113965603611    
 -0.107085223900     -0.100533981413     -0.943018933299E-01 -0.883789038585E-01
 -0.827549171253E-01 -0.774198275176E-01 -0.723635476587E-01 -0.675760341573E-01
 -0.630473112828E-01 -0.587674926828E-01 -0.547268012801E-01 -0.509155874356E-01
 -0.473243454900E-01 -0.439437287758E-01 -0.407645631649E-01 -0.377778592525E-01
 -0.349748232203E-01 -0.323468664702E-01 -0.298856140670E-01 -0.275829120625E-01
 -0.254308337362E-01 -0.234216848278E-01 -0.215480077876E-01 -0.198025851040E-01
 -0.181784417488E-01 -0.166688467840E-01 -0.152673141832E-01 -0.139676028907E-01
 -0.127637161845E-01 -0.116499003641E-01 -0.106206428216E-01 -0.967066951722E-02
 -0.879494197255E-02 -0.798865346502E-02 -0.724722606466E-02 -0.656630699996E-02
 -0.594174274057E-02 -0.576157432666E-02 -0.583403164448E-02 -0.590739937600E-02
 -0.598171228027E-02 -0.605695305944E-02 -0.613314141627E-02 -0.621028760631E-02
 -0.628840402996E-02 -0.636750293700E-02 -0.644759668900E-02 -0.652869783009E-02
 -0.661081904884E-02 -0.669397319439E-02 -0.677817326523E-02 -0.686343242832E-02
 -0.694976400823E-02 -0.703718149812E-02 -0.712569855978E-02 -0.721532902581E-02
 -0.730608690064E-02 -0.739798637107E-02 -0.749104179123E-02 -0.758526770404E-02
 -0.768067882984E-02 -0.777729008303E-02 -0.787511655341E-02 -0.797417353091E-02
 -0.807447649150E-02 -0.817604110881E-02 -0.827888325011E-02 -0.838301898780E-02
 -0.848846459085E-02 -0.859523653567E-02 -0.870335150762E-02 -0.881282639666E-02
 -0.892367831258E-02 -0.903592457256E-02 -0.914958271593E-02 -0.926467050296E-02
 -0.938120591746E-02 -0.949920716864E-02 -0.961869268971E-02 -0.973968115554E-02
 -0.986219146669E-02 -0.998624276868E-02 -0.101118544452E-01 -0.102390461198E-01
 -0.103678376707E-01 -0.104982492187E-01 -0.106303011448E-01 -0.107640140780E-01
 -0.108994089125E-01 -0.110365068036E-01 -0.111753291736E-01 -0.113158977161E-01
 -0.114582343902E-01 -0.116023614430E-01 -0.117483013914E-01 -0.118960770350E-01
 -0.120457114663E-01 -0.121972280697E-01 -0.123506505187E-01 -0.125060027822E-01
 -0.126633091353E-01 -0.128225941612E-01 -0.129838827461E-01 -0.131472000887E-01
 -0.133125717175E-01 -0.134800234596E-01 -0.136495814870E-01 -0.138212722882E-01
 -0.139951226978E-01 -0.141711598781E-01 -0.143494113292E-01 -0.145299049091E-01
 -0.147126688180E-01 -0.148977316164E-01 -0.150851222152E-01 -0.152748698984E-01
 -0.154670043168E-01 -0.156615554877E-01 -0.158585538084E-01 -0.160580300619E-01
 -0.162600154224E-01 -0.164645414397E-01 -0.166716400824E-01 -0.168813437054E-01
 -0.170936850758E-01 -0.173086973688E-01 -0.175264141852E-01 -0.177468695427E-01
 -0.179700978894E-01 -0.181961340976E-01 -0.184250134902E-01 -0.186567718376E-01
 -0.188914453438E-01 -0.191290706802E-01 -0.193696849694E-01 -0.196133258227E-01
 -0.198600312926E-01 -0.201098399374E-01 -0.203627907916E-01 -0.206189233772E-01
 -0.208782777067E-01 -0.211408943208E-01 -0.214068142396E-01 -0.216760790178E-01
 -0.219487307330E-01 -0.222248119828E-01 -0.225043659072E-01 -0.227874361907E-01
 -0.230740670601E-01 -0.233643033014E-01 -0.236581902625E-01 -0.239557738678E-01
 -0.242571006123E-01 -0.245622175775E-01 -0.248711724461E-01 -0.251840134917E-01
 -0.255007895896E-01 -0.258215502411E-01 -0.261463455668E-01 -0.264752263118E-01
 -0.268082438676E-01 -0.271454502693E-01 -0.274868981999E-01 -0.278326410287E-01
 -0.281827327581E-01 -0.285372280998E-01 -0.288961824490E-01 -0.292596518815E-01
 -0.296276931972E-01 -0.300003639061E-01 -0.303777222400E-01 -0.307598271519E-01
 -0.311467383515E-01 -0.315385162978E-01 -0.319352221986E-01 -0.323369180554E-01
 -0.327436666078E-01 -0.331555314351E-01 -0.335725768928E-01 -0.339948681271E-01
 -0.344224711314E-01 -0.348554527228E-01 -0.352938805513E-01 -0.357378231208E-01
 -0.361873498033E-01 -0.366425308322E-01 -0.371034373442E-01 -0.375701413342E-01
 -0.380427157410E-01 -0.385212344002E-01 -0.390057720831E-01 -0.394964045114E-01
 -0.399932083259E-01 -0.404962611553E-01 -0.410056416211E-01 -0.415214293006E-01
 -0.420437047957E-01 -0.425725497004E-01
