 Raios
  0.311788641354E-04  0.627499101025E-04  0.947180709413E-04  0.127088341742E-03
  0.159865780426E-03  0.193055508533E-03  0.226662712027E-03  0.260692642102E-03
  0.295150616003E-03  0.330042017859E-03  0.365372299523E-03  0.401146981422E-03
  0.437371653424E-03  0.474051975707E-03  0.511193679647E-03  0.548802568709E-03
  0.586884519361E-03  0.625445481983E-03  0.664491481805E-03  0.704028619843E-03
  0.744063073857E-03  0.784601099310E-03  0.825649030352E-03  0.867213280805E-03
  0.909300345168E-03  0.951916799631E-03  0.995069303102E-03  0.103876459825E-02
  0.108300951254E-02  0.112781095935E-02  0.117317593898E-02  0.121911153982E-02
  0.126562493938E-02  0.131272340548E-02  0.136041429736E-02  0.140870506681E-02
  0.145760325936E-02  0.150711651546E-02  0.155725257165E-02  0.160801926180E-02
  0.165942451829E-02  0.171147637332E-02  0.176418296008E-02  0.181755251409E-02
  0.187159337444E-02  0.192631398514E-02  0.198172289639E-02  0.203782876595E-02
  0.209464036046E-02  0.215216655687E-02  0.221041634375E-02  0.226939882275E-02
  0.232912321000E-02  0.238959883756E-02  0.245083515488E-02  0.251284173024E-02
  0.257562825231E-02  0.263920453161E-02  0.270358050205E-02  0.276876622252E-02
  0.283477187841E-02  0.290160778324E-02  0.296928438027E-02  0.303781224409E-02
  0.310720208233E-02  0.317746473729E-02  0.324861118764E-02  0.332065255018E-02
  0.339360008150E-02  0.346746517981E-02  0.354225938667E-02  0.361799438885E-02
  0.369468202008E-02  0.377233426296E-02  0.385096325082E-02  0.393058126959E-02
  0.401120075975E-02  0.409283431826E-02  0.417549470053E-02  0.425919482242E-02
  0.434394776223E-02  0.442976676279E-02  0.451666523349E-02  0.460465675239E-02
  0.469375506834E-02  0.478397410315E-02  0.487532795371E-02  0.496783089426E-02
  0.506149737856E-02  0.515634204219E-02  0.525237970483E-02  0.534962537256E-02
  0.544809424020E-02  0.554780169373E-02  0.564876331263E-02  0.575099487235E-02
  0.585451234680E-02  0.595933191079E-02  0.606546994257E-02  0.617294302645E-02
  0.628176795531E-02  0.639196173326E-02  0.650354157831E-02  0.661652492503E-02
  0.673092942730E-02  0.684677296106E-02  0.696407362710E-02  0.708284975388E-02
  0.720311990041E-02  0.732490285916E-02  0.744821765894E-02  0.757308356797E-02
  0.769952009678E-02  0.782754700133E-02  0.795718428611E-02  0.808845220719E-02
  0.822137127545E-02  0.835596225977E-02  0.849224619027E-02  0.863024436158E-02
  0.876997833620E-02  0.891146994785E-02  0.905474130488E-02  0.919981479373E-02
  0.934671308243E-02  0.949545912414E-02  0.964607616072E-02  0.979858772640E-02
  0.995301765142E-02  0.101093900658E-01  0.102677294030E-01  0.104280604038E-01
  0.105904081204E-01  0.107547979199E-01  0.109212554885E-01  0.110898068355E-01
  0.112604782975E-01  0.114332965423E-01  0.116082885729E-01  0.117854817323E-01
  0.119649037073E-01  0.121465825329E-01  0.123305465968E-01  0.125168246438E-01
  0.127054457802E-01  0.128964394784E-01  0.130898355815E-01  0.132856643082E-01
  0.134839562570E-01  0.136847424115E-01  0.138880541449E-01  0.140939232251E-01
  0.143023818195E-01  0.145134625003E-01  0.147271982492E-01  0.149436224628E-01
  0.151627689580E-01  0.153846719766E-01  0.156093661917E-01  0.158368867121E-01
  0.160672690883E-01  0.163005493180E-01  0.165367638518E-01  0.167759495987E-01
  0.170181439319E-01  0.172633846948E-01  0.175117102068E-01  0.177631592691E-01
  0.180177711713E-01  0.182755856970E-01  0.185366431302E-01  0.188009842617E-01
  0.190686503953E-01  0.193396833544E-01  0.196141254884E-01  0.198920196795E-01
  0.201734093492E-01  0.204583384653E-01  0.207468515484E-01  0.210389936793E-01
  0.213348105059E-01  0.216343482502E-01  0.219376537154E-01  0.222447742937E-01
  0.225557579733E-01  0.228706533461E-01  0.231895096150E-01  0.235123766021E-01
  0.238393047559E-01  0.241703451597E-01  0.245055495391E-01  0.248449702706E-01
  0.251886603893E-01  0.255366735976E-01  0.258890642730E-01  0.262458874776E-01
  0.266071989655E-01  0.269730551924E-01  0.273435133242E-01  0.277186312457E-01
  0.280984675697E-01  0.284830816465E-01  0.288725335729E-01  0.292668842014E-01
  0.296661951502E-01  0.300705288124E-01  0.304799483660E-01  0.308945177837E-01
  0.313143018426E-01  0.317393661350E-01  0.321697770780E-01  0.326056019242E-01
  0.330469087721E-01  0.334937665768E-01  0.339462451607E-01  0.344044152246E-01
  0.348683483584E-01  0.353381170527E-01  0.358137947097E-01  0.362954556551E-01
  0.367831751493E-01  0.372770293996E-01  0.377770955716E-01  0.382834518017E-01
  0.387961772091E-01  0.393153519083E-01  0.398410570212E-01  0.403733746904E-01
  0.409123880916E-01  0.414581814467E-01  0.420108400372E-01  0.425704502169E-01
  0.431370994261E-01  0.437108762050E-01  0.442918702073E-01  0.448801722145E-01
  0.454758741499E-01  0.460790690933E-01  0.466898512951E-01  0.473083161912E-01
  0.479345604180E-01  0.485686818275E-01  0.492107795024E-01  0.498609537718E-01
  0.505193062267E-01  0.511859397361E-01  0.518609584627E-01  0.525444678797E-01
  0.532365747868E-01  0.539373873271E-01  0.546470150040E-01  0.553655686982E-01
  0.560931606852E-01  0.568299046528E-01  0.575759157186E-01  0.583313104486E-01
  0.590962068745E-01  0.598707245130E-01  0.606549843841E-01  0.614491090300E-01
  0.622532225343E-01  0.630674505414E-01  0.638919202759E-01  0.647267605631E-01
  0.655721018483E-01  0.664280762180E-01  0.672948174198E-01  0.681724608838E-01
  0.690611437435E-01  0.699610048576E-01  0.708721848311E-01  0.717948260377E-01
  0.727290726420E-01  0.736750706219E-01  0.746329677917E-01  0.756029138245E-01
  0.765850602765E-01  0.775795606101E-01  0.785865702179E-01  0.796062464472E-01
  0.806387486246E-01  0.816842380806E-01  0.827428781751E-01  0.838148343227E-01
  0.849002740188E-01  0.859993668654E-01  0.871122845982E-01  0.882392011127E-01
  0.893802924921E-01  0.905357370340E-01  0.917057152791E-01  0.928904100389E-01
  0.940900064243E-01  0.953046918747E-01  0.965346561872E-01  0.977800915461E-01
  0.990411925534E-01  0.100318156259      0.101611182190      0.102920472385    
  0.104246231424      0.105588666458      0.106947987247      0.108324406186    
  0.109718138344      0.111129401494      0.112558416150      0.114005405597    
  0.115470595931      0.116954216090      0.118456497894      0.119977676076    
  0.121517988325      0.123077675317      0.124656980755      0.126256151411    
  0.127875437158      0.129515091011      0.131175369171      0.132856531060    
  0.134558839362      0.136282560066      0.138027962508      0.139795319410    
  0.141584906925      0.143397004680      0.145231895818      0.147089867046    
  0.148971208675      0.150876214668      0.152805182687      0.154758414137    
  0.156736214214      0.158738891953      0.160766760277      0.162820136045    
  0.164899340100      0.167004697323      0.169136536679      0.171295191274    
  0.173480998400      0.175694299596      0.177935440694      0.180204771876    
  0.182502647731      0.184829427305      0.187185474164      0.189571156444    
  0.191986846913      0.194432923028      0.196909766992      0.199417765818    
  0.201957311386      0.204528800504      0.207132634974      0.209769221650    
  0.212438972503      0.215142304689      0.217879640607      0.220651407972    
  0.223458039878      0.226299974869      0.229177657000      0.232091535917    
  0.235042066919      0.238029711032      0.241054935081      0.244118211765    
  0.247220019726      0.250360843628      0.253541174231      0.256761508469    
  0.260022349525      0.263324206912      0.266667596553      0.270053040857    
  0.273481068809      0.276952216045      0.280467024937      0.284026044684    
  0.287629831387      0.291278948147      0.294973965145      0.298715459736    
  0.302504016534      0.306340227511      0.310224692082      0.314158017202    
  0.318140817462      0.322173715182      0.326257340510      0.330392331521    
  0.334579334317      0.338819003124      0.343112000400      0.347458996934    
  0.351860671954      0.356317713229      0.360830817182      0.365400688995    
  0.370028042718      0.374713601386      0.379458097127      0.384262271278    
  0.389126874500      0.394052666898      0.399040418138      0.404090907564    
  0.409204924327      0.414383267502      0.419626746215      0.424936179772    
  0.430312397781      0.435756240288      0.441268557904      0.446850211941    
  0.452502074542      0.458225028822      0.464019969006      0.469887800564    
  0.475829440357      0.481845816779      0.487937869899      0.494106551615    
  0.500352825794      0.506677668431      0.513082067794      0.519567024584    
  0.526133552089      0.532782676342      0.539515436283      0.546332883917    
  0.553236084487      0.560226116630      0.567304072554      0.574471058204    
  0.581728193435      0.589076612190      0.596517462674      0.604051907536    
  0.611681124047      0.619406304288      0.627228655335      0.635149399445    
  0.643169774251      0.651291032953      0.659514444514      0.667841293859    
  0.676272882075      0.684810526614      0.693455561502      0.702209337542    
  0.711073222530      0.720048601465      0.729136876770      0.738339468505    
  0.747657814594      0.757093371048      0.766647612192      0.776322030895    
  0.786118138804      0.796037466583      0.806081564145      0.816252000901    
  0.826550366004      0.836978268593      0.847537338049      0.858229224248    
  0.869055597820      0.880018150408      0.891118594932      0.902358665859    
  0.913740119474      0.925264734152      0.936934310637      0.948750672324    
  0.960715665544      0.972831159852      0.985099048317      0.997521247823    
   1.01009969936       1.02283636835       1.03573324491       1.04879234420    
   1.06201570674       1.07540539871       1.08896351227       1.10269216590    
   1.11659350474       1.13066970089       1.14492295380       1.15935549055    
   1.17396956627       1.18876746444       1.20375149724       1.21892400598    
   1.23428736139       1.24984396402       1.26559624461       1.28154666451    
   1.29769771599       1.31405192269       1.33061183999       1.34738005540    
   1.36435918900       1.38155189380       1.39896085622       1.41658879642    
   1.43443846881       1.45251266244       1.47081420144       1.48934594546    
   1.50811079013       1.52711166749       1.54635154646       1.56583343331    
   1.58556037214       1.60553544531       1.62576177397       1.64624251852    
   1.66698087913       1.68798009620       1.70924345091       1.73077426569    
   1.75257590478       1.77465177474       1.79700532495       1.81964004821    
   1.84255948125       1.86576720526       1.88926684650       1.91306207684    
   1.93715661433       1.96155422379       1.98625871741       2.01127395529    
   2.03660384614       2.06225234779       2.08822346788       2.11452126444    
   2.14114984656       2.16811337501       2.19541606289       2.22306217632    
   2.25105603504       2.27940201315       2.30810453978       2.33716809975    
   2.36659723430       2.39639654179       2.42657067843       2.45712435898    
   2.48806235752       2.51938950818       2.55111070589       2.58323090714    
   2.61575513079       2.64868845881       2.68203603710       2.71580307628    
   2.74999485254       2.78461670839       2.81967405358       2.85517236589    
   2.89111719200       2.92751414836       2.96436892207       3.00168727177    
   3.03947502852       3.07773809674       3.11648245511       3.15571415751    
   3.19543933398       3.23566419166       3.27639501576       3.31763817056    
   3.35940010038       3.40168733061       3.44450646872       3.48786420529    
   3.53176731504       3.57622265792       3.62123718019       3.66681791544    
   3.71297198576       3.75970660282       3.80702906900       3.85494677852    
   3.90346721863       3.95259797074       4.00234671164       4.05272121467    
   4.10372935094       4.15537909058       4.20767850397       4.26063576299    
   4.31425914233       4.36855702075       4.42353788241       4.47921031816    
   4.53558302695       4.59266481713       4.65046460784       4.70899143041    
   4.76825442979       4.82826286593       4.88902611528       4.95055367222    
   5.01285515055       5.07594028500       5.13981893277       5.20450107500    
   5.26999681843       5.33631639690       5.40347017296       5.47146863955    
   5.54032242155       5.61004227752       5.68063910131       5.75212392383    
   5.82450791472       5.89780238414       5.97201878449       6.04716871224    
   6.12326390971       6.20031626693       6.27833782349       6.35734077043    
   6.43733745210       6.51834036815       6.60036217546       6.68341569010    
   6.76751388935       6.85266991372       6.93889706902       7.02620882841    
   7.11461883454       7.20414090164       7.29478901773       7.38657734675    
   7.47952023083       7.57363219246       7.66892793684       7.76542235413    
   7.86313052177       7.96206770686       8.06224936854       8.16369116039    
   8.26640893291       8.37041873595       8.47573682126       8.58237964500    
   8.69036387033       8.79970637001       8.91042422902       9.02253474726    
   9.13605544221       9.25100405173       9.36739853676       9.48525708418    
   9.60459810963       9.72544026038       9.84780241827       9.97170370264    
   10.0971634733       10.2242013336       10.3528371335       10.4830909726    
   10.6149832032       10.7485344339       10.8837655323       11.0206976285    
   11.1593521184       11.2997506671       11.4419152122       11.5858679670    
   11.7316314247       11.8792283609       12.0286818381       12.1800152085    
   12.3332521185       12.4884165114       12.6455326322       12.8046250305    
   12.9657185648       13.1288384063       13.2940100429       13.4612592828    
   13.6306122593       13.8020954339       13.9757356013       14.1515598932    
   14.3295957824       14.5098710874       14.6924139766       14.8772529727    
   15.0644169571       15.2539351747       15.4458372379       15.6401531320    
   15.8369132191       16.0361482435       16.2378893359       16.4421680189    
   16.6490162114       16.8584662339       17.0705508133       17.2853030884    
   17.5027566145       17.7229453693       17.9459037576       18.1716666173    
   18.4002692241       18.6317472977       18.8661370071       19.1034749761    
   19.3437982892       19.5871444974       19.8335516242       20.0830581710    
   20.3357031239       20.5915259590       20.8505666493       21.1128656704    
   21.3784640069       21.6474031593       21.9197251498       22.1954725293    
   22.4746883838       22.7574163414       23.0437005789       23.3335858288    
   23.6271173862       23.9243411162       24.2253034604       24.5300514449    
   24.8386326872       25.1510954036       25.4674884172       25.7878611650    
   26.1122637059       26.4407467284       26.7733615587       27.1101601685    
   27.4511951833       27.7965198905       28.1461882478       28.5002548916    
   28.8587751455       29.2218050291       29.5894012664       29.9616212952    
   30.3385232756       30.7201660993       31.1066093988       31.4979135566    
   31.8941397147       32.2953497844       32.7016064555       33.1129732065    
   33.5295143142       33.9512948641       34.3783807601       34.8108387354    
   35.2487363624       35.6921420635       36.1411251217       36.5957556915    
   37.0561048099       37.5222444074       37.9942473193       38.4721872969    
   38.9561390193       39.4461781050       39.9423811236       40.4448256079    
   40.9535900657       41.4687539927       41.9903978841       42.5186032479    
   43.0534526173       43.5950295635       44.1434187092       44.6987057411    
   45.2609774241       45.8303216142       46.4068272725       46.9905844794    
   47.5816844480       48.1802195389       48.7862832745       49.3999703534    
   50.0213766654       50.6505993067       51.2877365944       51.9328880827    
   52.5861545776       53.2476381536       53.9174421686       54.5956712810    
   55.2824314654       55.9778300295       56.6819756307       57.3949782933    
   58.1169494253       58.8480018362       59.5882497544       60.3378088452    
   61.0967962287       61.8653304982       62.6435317388       63.4315215459    
   64.2294230447       65.0373609088       65.8554613802       66.6838522887    
   67.5226630722       68.3720247964       69.2320701759       70.1029335945    
   70.9847511265       71.8776605575       72.7818014065       73.6973149474    
   74.6243442310       75.5630341076       76.5135312492       77.4759841731    
   78.4505432644       79.4373608001       80.4365909723       81.4483899128    
   82.4729157172       83.5103284699       84.5607902685       85.6244652500    
   86.7015196157       87.7921216576       88.8964417844       90.0146525483    
   91.1469286722       92.2934470765       93.4543869069       94.6299295627    
   95.8202587249       97.0255603848       98.2460228731       99.4818368898    
   100.733195533       102.000294331       103.283331269       104.582506825    
   105.898023998       107.230088340       108.578907989       109.944693700    
   111.327658881       112.728019622       114.145994733       115.581805775    
   117.035677097       118.507835869       119.998512118    
Down potential follows (l on next line)
 1
  -1.99796354987      -2.03899520346      -2.01618964157      -2.03788655486    
  -2.03036847181      -2.03698640148      -2.03450138091      -2.03614859275    
  -2.03603544793      -2.03636812199      -2.03642887053      -2.03657730038    
  -2.03662861981      -2.03669550999      -2.03673270027      -2.03676520020    
  -2.03678658203      -2.03680246931      -2.03681242580      -2.03681833871    
  -2.03682056555      -2.03681990515      -2.03681674504      -2.03681149925    
  -2.03680445141      -2.03679585202      -2.03678589474      -2.03677474275    
  -2.03676252835      -2.03674936216      -2.03673533579      -2.03672052614    
  -2.03670499770      -2.03668880488      -2.03667199367      -2.03665460304    
  -2.03663666614      -2.03661821112      -2.03659926195      -2.03657983909    
  -2.03655995987      -2.03653963908      -2.03651888925      -2.03649772091    
  -2.03647614296      -2.03645416280      -2.03643178656      -2.03640901920    
  -2.03638586472      -2.03636232624      -2.03633840603      -2.03631410576    
  -2.03628942639      -2.03626436838      -2.03623893166      -2.03621311568    
  -2.03618691952      -2.03616034186      -2.03613338105      -2.03610603510    
  -2.03607830176      -2.03605017848      -2.03602166246      -2.03599275073    
  -2.03596344003      -2.03593372690      -2.03590360774      -2.03587307873    
  -2.03584213589      -2.03581077506      -2.03577899195      -2.03574678209    
  -2.03571414087      -2.03568106360      -2.03564754535      -2.03561358113    
  -2.03557916582      -2.03554429411      -2.03550896067      -2.03547315997    
  -2.03543688638      -2.03540013416      -2.03536289745      -2.03532517028    
  -2.03528694656      -2.03524822008      -2.03520898452      -2.03516923346    
  -2.03512896036      -2.03508815856      -2.03504682127      -2.03500494163    
  -2.03496251263      -2.03491952719      -2.03487597804      -2.03483185783    
  -2.03478715915      -2.03474187440      -2.03469599587      -2.03464951574    
  -2.03460242609      -2.03455471887      -2.03450638588      -2.03445741881    
  -2.03440780925      -2.03435754860      -2.03430662822      -2.03425503925    
  -2.03420277275      -2.03414981965      -2.03409617070      -2.03404181657    
  -2.03398674774      -2.03393095460      -2.03387442733      -2.03381715600    
  -2.03375913060      -2.03370034084      -2.03364077637      -2.03358042667    
  -2.03351928102      -2.03345732864      -2.03339455848      -2.03333095938    
  -2.03326652004      -2.03320122894      -2.03313507441      -2.03306804462    
  -2.03300012754      -2.03293131101      -2.03286158262      -2.03279092983    
  -2.03271933990      -2.03264679989      -2.03257329668      -2.03249881693    
  -2.03242334715      -2.03234687361      -2.03226938238      -2.03219085933    
  -2.03211129011      -2.03203066018      -2.03194895475      -2.03186615882    
  -2.03178225718      -2.03169723437      -2.03161107471      -2.03152376228    
  -2.03143528092      -2.03134561423      -2.03125474556      -2.03116265801    
  -2.03106933441      -2.03097475736      -2.03087890918      -2.03078177190    
  -2.03068332731      -2.03058355691      -2.03048244192      -2.03037996327    
  -2.03027610159      -2.03017083725      -2.03006415026      -2.02995602038    
  -2.02984642704      -2.02973534934      -2.02962276607      -2.02950865570    
  -2.02939299635      -2.02927576583      -2.02915694158      -2.02903650070    
  -2.02891441994      -2.02879067568      -2.02866524395      -2.02853810039    
  -2.02840922027      -2.02827857847      -2.02814614948      -2.02801190740    
  -2.02787582591      -2.02773787829      -2.02759803739      -2.02745627564    
  -2.02731256505      -2.02716687717      -2.02701918311      -2.02686945352    
  -2.02671765860      -2.02656376807      -2.02640775116      -2.02624957664    
  -2.02608921278      -2.02592662730      -2.02576178749      -2.02559466005    
  -2.02542521117      -2.02525340653      -2.02507921122      -2.02490258982    
  -2.02472350629      -2.02454192405      -2.02435780594      -2.02417111418    
  -2.02398181041      -2.02378985562      -2.02359521021      -2.02339783393    
  -2.02319768588      -2.02299472451      -2.02278890758      -2.02258019220    
  -2.02236853477      -2.02215389098      -2.02193621582      -2.02171546355    
  -2.02149158768      -2.02126454098      -2.02103427544      -2.02080074230    
  -2.02056389197      -2.02032367408      -2.02008003746      -2.01983293007    
  -2.01958229905      -2.01932809067      -2.01907025034      -2.01880872257    
  -2.01854345096      -2.01827437822      -2.01800144610      -2.01772459542    
  -2.01744376602      -2.01715889677      -2.01686992555      -2.01657678921    
  -2.01627942358      -2.01597776346      -2.01567174255      -2.01536129351    
  -2.01504634788      -2.01472683608      -2.01440268741      -2.01407383002    
  -2.01374019087      -2.01340169574      -2.01305826922      -2.01270983465    
  -2.01235631412      -2.01199762848      -2.01163369725      -2.01126443868    
  -2.01088976969      -2.01050960582      -2.01012386126      -2.00973244883    
  -2.00933527989      -2.00893226441      -2.00852331088      -2.00810832630    
  -2.00768721620      -2.00725988456      -2.00682623383      -2.00638616487    
  -2.00593957697      -2.00548636777      -2.00502643330      -2.00455966791    
  -2.00408596425      -2.00360521328      -2.00311730419      -2.00262212443    
  -2.00211955966      -2.00160949369      -2.00109180854      -2.00056638432    
  -2.00003309927      -1.99949182971      -1.99894245000      -1.99838483256    
  -1.99781884778      -1.99724436404      -1.99666124767      -1.99606936291    
  -1.99546857192      -1.99485873470      -1.99423970911      -1.99361135083    
  -1.99297351329      -1.99232604773      -1.99166880309      -1.99100162601    
  -1.99032436085      -1.98963684958      -1.98893893181      -1.98823044475    
  -1.98751122318      -1.98678109942      -1.98603990332      -1.98528746220    
  -1.98452360088      -1.98374814158      -1.98296090397      -1.98216170508    
  -1.98135035933      -1.98052667847      -1.97969047156      -1.97884154495    
  -1.97797970228      -1.97710474442      -1.97621646946      -1.97531467270    
  -1.97439914662      -1.97346968085      -1.97252606218      -1.97156807450    
  -1.97059549883      -1.96960811325      -1.96860569292      -1.96758801006    
  -1.96655483390      -1.96550593074      -1.96444106384      -1.96335999352    
  -1.96226247704      -1.96114826865      -1.96001711960      -1.95886877807    
  -1.95770298924      -1.95651949521      -1.95531803506      -1.95409834481    
  -1.95286015744      -1.95160320291      -1.95032720812      -1.94903189693    
  -1.94771699021      -1.94638220579      -1.94502725853      -1.94365186029    
  -1.94225571996      -1.94083854350      -1.93940003392      -1.93793989137    
  -1.93645781308      -1.93495349347      -1.93342662414      -1.93187689391    
  -1.93030398887      -1.92870759241      -1.92708738527      -1.92544304559    
  -1.92377424895      -1.92208066845      -1.92036197472      -1.91861783603    
  -1.91684791835      -1.91505188539      -1.91322939868      -1.91138011768    
  -1.90950369981      -1.90759980059      -1.90566807369      -1.90370817102    
  -1.90171974287      -1.89970243797      -1.89765590361      -1.89557978576    
  -1.89347372920      -1.89133737758      -1.88917037365      -1.88697235927    
  -1.88474297565      -1.88248186343      -1.88018866287      -1.87786301394    
  -1.87550455656      -1.87311293069      -1.87068777654      -1.86822873472    
  -1.86573544645      -1.86320755371      -1.86064469946      -1.85804652780    
  -1.85541268422      -1.85274281576      -1.85003657126      -1.84729360155    
  -1.84451355968      -1.84169610117      -1.83884088422      -1.83594756995    
  -1.83301582267      -1.83004531010      -1.82703570365      -1.82398667866    
  -1.82089791468      -1.81776909573      -1.81459991058      -1.81139005303    
  -1.80813922220      -1.80484712278      -1.80151346537      -1.79813796674    
  -1.79472035016      -1.79126034567      -1.78775769037      -1.78421212877    
  -1.78062341308      -1.77699130351      -1.77331556857      -1.76959598542    
  -1.76583234012      -1.76202442802      -1.75817205400      -1.75427503282    
  -1.75033318939      -1.74634635914      -1.74231438826      -1.73823713401    
  -1.73411446506      -1.72994626170      -1.72573241623      -1.72147283312    
  -1.71716742938      -1.71281613477      -1.70841889208      -1.70397565734    
  -1.69948640010      -1.69495110362      -1.69036976510      -1.68574239586    
  -1.68106902155      -1.67634968229      -1.67158443282      -1.66677334266    
  -1.66191649622      -1.65701399287      -1.65206594704      -1.64707248826    
  -1.64203376119      -1.63694992564      -1.63182115650      -1.62664764377    
  -1.62142959240      -1.61616722225      -1.61086076789      -1.60551047848    
  -1.60011661756      -1.59467946277      -1.58919930561      -1.58367645113    
  -1.57811121754      -1.57250393587      -1.56685494950      -1.56116461368    
  -1.55543329505      -1.54966137101      -1.54384922918      -1.53799726670    
  -1.53210588953      -1.52617551171      -1.52020655454      -1.51419944575    
  -1.50815461859      -1.50207251085      -1.49595356390      -1.48979822165    
  -1.48360692937      -1.47738013262      -1.47111827603      -1.46482180204    
  -1.45849114962      -1.45212675293      -1.44572903998      -1.43929843118    
  -1.43283533790      -1.42634016105      -1.41981328948      -1.41325509858    
  -1.40666594865      -1.40004618339      -1.39339612840      -1.38671608960    
  -1.38000635173      -1.37326717689      -1.36649880309      -1.35970144288    
  -1.35287528202      -1.34602047828      -1.33913716029      -1.33222542660    
  -1.32528534479      -1.31831695080      -1.31132024844      -1.30429520914    
  -1.29724177192      -1.29015984364      -1.28304929958      -1.27590998434    
  -1.26874171311      -1.26154427341      -1.25431742721      -1.24706091356    
  -1.23977445178      -1.23245774517      -1.22511048533      -1.21773235718    
  -1.21032304453      -1.20288223652      -1.19540963460      -1.18790496047    
  -1.18036796462      -1.17279843578      -1.16519621106      -1.15756118697    
  -1.14989333111      -1.14219269463      -1.13445942541      -1.12669378178    
  -1.11889614688      -1.11106704341      -1.10320714876      -1.09531731035    
  -1.08739856100      -1.07945213423      -1.07147947923      -1.06348227535    
  -1.05546244586      -1.04742217071      -1.03936389809      -1.03129035452    
  -1.02320455313      -1.01510979995      -1.00700969802     -0.998908148491    
 -0.990809349698     -0.982717792426     -0.974638251889     -0.966575777140    
 -0.958535675871     -0.950523495857     -0.942545002517     -0.934606152585    
 -0.926713063848     -0.918871981063     -0.911089238094     -0.903371216452    
 -0.895724300408     -0.888154828930     -0.880669044738     -0.873273040807    
 -0.865972704693     -0.858773661107     -0.851681213194     -0.844700282996    
 -0.837835351629     -0.831090399718     -0.824468848658     -0.817973503302    
 -0.811606496681     -0.805369237380     -0.799262360217     -0.793285680866    
 -0.787438155078     -0.781717843154     -0.776121880322     -0.770646453655    
 -0.765286786162     -0.760037128643     -0.754890759877     -0.749839995674    
 -0.744876207233     -0.739989849212     -0.735170497806     -0.730406899034    
 -0.725687027309     -0.720998154231     -0.716326927401     -0.711659458860    
 -0.706981422612     -0.702278160484     -0.697534795389     -0.692736350880    
 -0.687867875705     -0.682914571885     -0.677861924740     -0.672695833123    
 -0.667402738071     -0.661969748032     -0.656384758813     -0.650636566471    
 -0.644714971403     -0.638610872097     -0.632316347113     -0.625824724141    
 -0.619130635168     -0.612230057117     -0.605120337539     -0.597800205296    
 -0.590269766397     -0.582530485475     -0.574585153598     -0.566437843371    
 -0.558093852465     -0.549559636840     -0.540842735096     -0.531951685401    
 -0.522895936530     -0.513685754526     -0.504332126446     -0.494846662625    
 -0.485241498761     -0.475529199047     -0.465722661429     -0.455835025945    
 -0.445879586956     -0.435869709939     -0.425818753377     -0.415739996150    
 -0.405646570693     -0.395551402097     -0.385467153202     -0.375406175659    
 -0.365380466853     -0.355401632510     -0.345480854758     -0.335628865382    
 -0.325855923965     -0.316171800588     -0.306585762758     -0.297106566217    
 -0.287742449279     -0.278501130366     -0.269389808413     -0.260415165803    
 -0.251583373565     -0.242900098519     -0.234370512116     -0.225999300731    
 -0.217790677173     -0.209748393216     -0.201875752952     -0.194175626820    
 -0.186650466138     -0.179302318019     -0.172132840564     -0.165143318205    
 -0.158334677138     -0.151707500759     -0.145262045038     -0.138998253780    
 -0.132915773738     -0.127013969523     -0.121291938298     -0.115748524232    
 -0.110382332684     -0.105191744112     -0.100174927701     -0.953298546959E-01
 -0.906543114296E-01 -0.861459120614E-01 -0.818021110060E-01 -0.776202150622E-01
 -0.735973952396E-01 -0.697306982838E-01 -0.660170579012E-01 -0.624533056839E-01
 -0.590361817367E-01 -0.557623450050E-01 -0.526283833055E-01 -0.496308230578E-01
 -0.467661387182E-01 -0.440307619130E-01 -0.414210902713E-01 -0.389334959538E-01
 -0.365643338786E-01 -0.343099496380E-01 -0.321666871072E-01 -0.301308957406E-01
 -0.281989375532E-01 -0.263671937854E-01 -0.246320712491E-01 -0.229900083509E-01
 -0.214374807938E-01 -0.199710069530E-01 -0.185871529266E-01 -0.172825372603E-01
 -0.160538353453E-01 -0.148977834914E-01 -0.138111826760E-01 -0.127909019704E-01
 -0.118338816475E-01 -0.109371359737E-01 -0.100977556891E-01 -0.931291018236E-02
 -0.857984936865E-02 -0.789590525794E-02 -0.725849318560E-02 -0.666511393866E-02
 -0.611334812498E-02 -0.569758356491E-02 -0.576925635763E-02 -0.584181952162E-02
 -0.591531360046E-02 -0.598973135733E-02 -0.606508476023E-02 -0.614138589544E-02
 -0.621864657587E-02 -0.629687895351E-02 -0.637609527913E-02 -0.645630795352E-02
 -0.653752952738E-02 -0.661977270473E-02 -0.670305034591E-02 -0.678737547039E-02
 -0.687276125945E-02 -0.695922105870E-02 -0.704676838055E-02 -0.713541690651E-02
 -0.722518048965E-02 -0.731607315679E-02 -0.740810911091E-02 -0.750130273338E-02
 -0.759566858630E-02 -0.769122141482E-02 -0.778797614947E-02 -0.788594790851E-02
 -0.798515200034E-02 -0.808560392587E-02 -0.818731938096E-02 -0.829031425890E-02
 -0.839460465288E-02 -0.850020685848E-02 -0.860713737629E-02 -0.871541291441E-02
 -0.882505039113E-02 -0.893606693754E-02 -0.904847990020E-02 -0.916230684384E-02
 -0.927756555418E-02 -0.939427404062E-02 -0.951245053911E-02 -0.963211351496E-02
 -0.975328166575E-02 -0.987597392424E-02 -0.100002094614E-01 -0.101260076892E-01
 -0.102533882639E-01 -0.103823710890E-01 -0.105129763183E-01 -0.106452243592E-01
 -0.107791358757E-01 -0.109147317916E-01 -0.110520332943E-01 -0.111910618372E-01
 -0.113318391439E-01 -0.114743872111E-01 -0.116187283123E-01 -0.117648850011E-01
 -0.119128801146E-01 -0.120627367776E-01 -0.122144784053E-01 -0.123681287077E-01
 -0.125237116930E-01 -0.126812516714E-01 -0.128407732587E-01 -0.130023013806E-01
 -0.131658612761E-01 -0.133314785019E-01 -0.134991789359E-01 -0.136689887817E-01
 -0.138409345724E-01 -0.140150431749E-01 -0.141913417940E-01 -0.143698579767E-01
 -0.145506196167E-01 -0.147336549581E-01 -0.149189926007E-01 -0.151066615039E-01
 -0.152966909912E-01 -0.154891107553E-01 -0.156839508621E-01 -0.158812417557E-01
 -0.160810142632E-01 -0.162832995995E-01 -0.164881293722E-01 -0.166955355862E-01
 -0.169055506492E-01 -0.171182073765E-01 -0.173335389962E-01 -0.175515791542E-01
 -0.177723619197E-01 -0.179959217906E-01 -0.182222936985E-01 -0.184515130144E-01
 -0.186836155544E-01 -0.189186375850E-01 -0.191566158288E-01 -0.193975874704E-01
 -0.196415901621E-01 -0.198886620298E-01 -0.201388416791E-01 -0.203921682009E-01
 -0.206486811781E-01 -0.209084206914E-01 -0.211714273256E-01 -0.214377421759E-01
 -0.217074068548E-01 -0.219804634977E-01 -0.222569547703E-01 -0.225369238750E-01
 -0.228204145576E-01 -0.231074711139E-01 -0.233981383973E-01 -0.236924618249E-01
 -0.239904873856E-01 -0.242922616463E-01 -0.245978317599E-01 -0.249072454724E-01
 -0.252205511303E-01 -0.255377976883E-01 -0.258590347166E-01 -0.261843124094E-01
 -0.265136815919E-01 -0.268471937287E-01 -0.271849009317E-01 -0.275268559684E-01
 -0.278731122700E-01 -0.282237239397E-01 -0.285787457612E-01 -0.289382332076E-01
 -0.293022424494E-01 -0.296708303637E-01 -0.300440545434E-01 -0.304219733052E-01
 -0.308046456999E-01 -0.311921315208E-01 -0.315844913133E-01 -0.319817863844E-01
 -0.323840788123E-01 -0.327914314560E-01 -0.332039079653E-01 -0.336215727903E-01
 -0.340444911920E-01 -0.344727292524E-01 -0.349063538845E-01 -0.353454328430E-01
 -0.357900347349E-01 -0.362402290302E-01 -0.366960860726E-01 -0.371576770907E-01
 -0.376250742090E-01 -0.380983504594E-01 -0.385775797921E-01 -0.390628370878E-01
 -0.395541981688E-01 -0.400517398114E-01 -0.405555397575E-01 -0.410656767267E-01
 -0.415822304291E-01 -0.421052815772E-01 -0.426349118989E-01
Up potential follows (l on next line)
 1
  -1.99796354987      -2.03899520346      -2.01618964157      -2.03788655486    
  -2.03036847181      -2.03698640148      -2.03450138091      -2.03614859275    
  -2.03603544793      -2.03636812199      -2.03642887053      -2.03657730038    
  -2.03662861981      -2.03669550999      -2.03673270027      -2.03676520020    
  -2.03678658203      -2.03680246931      -2.03681242580      -2.03681833871    
  -2.03682056555      -2.03681990515      -2.03681674504      -2.03681149925    
  -2.03680445141      -2.03679585202      -2.03678589474      -2.03677474275    
  -2.03676252835      -2.03674936216      -2.03673533579      -2.03672052614    
  -2.03670499770      -2.03668880488      -2.03667199367      -2.03665460304    
  -2.03663666614      -2.03661821112      -2.03659926195      -2.03657983909    
  -2.03655995987      -2.03653963908      -2.03651888925      -2.03649772091    
  -2.03647614296      -2.03645416280      -2.03643178656      -2.03640901920    
  -2.03638586472      -2.03636232624      -2.03633840603      -2.03631410576    
  -2.03628942639      -2.03626436838      -2.03623893166      -2.03621311568    
  -2.03618691952      -2.03616034186      -2.03613338105      -2.03610603510    
  -2.03607830176      -2.03605017848      -2.03602166246      -2.03599275073    
  -2.03596344003      -2.03593372690      -2.03590360774      -2.03587307873    
  -2.03584213589      -2.03581077506      -2.03577899195      -2.03574678209    
  -2.03571414087      -2.03568106360      -2.03564754535      -2.03561358113    
  -2.03557916582      -2.03554429411      -2.03550896067      -2.03547315997    
  -2.03543688638      -2.03540013416      -2.03536289745      -2.03532517028    
  -2.03528694656      -2.03524822008      -2.03520898452      -2.03516923346    
  -2.03512896036      -2.03508815856      -2.03504682127      -2.03500494163    
  -2.03496251263      -2.03491952719      -2.03487597804      -2.03483185783    
  -2.03478715915      -2.03474187440      -2.03469599587      -2.03464951574    
  -2.03460242609      -2.03455471887      -2.03450638588      -2.03445741881    
  -2.03440780925      -2.03435754860      -2.03430662822      -2.03425503925    
  -2.03420277275      -2.03414981965      -2.03409617070      -2.03404181657    
  -2.03398674774      -2.03393095460      -2.03387442733      -2.03381715600    
  -2.03375913060      -2.03370034084      -2.03364077637      -2.03358042667    
  -2.03351928102      -2.03345732864      -2.03339455848      -2.03333095938    
  -2.03326652004      -2.03320122894      -2.03313507441      -2.03306804462    
  -2.03300012754      -2.03293131101      -2.03286158262      -2.03279092983    
  -2.03271933990      -2.03264679989      -2.03257329668      -2.03249881693    
  -2.03242334715      -2.03234687361      -2.03226938238      -2.03219085933    
  -2.03211129011      -2.03203066018      -2.03194895475      -2.03186615882    
  -2.03178225718      -2.03169723437      -2.03161107471      -2.03152376228    
  -2.03143528092      -2.03134561423      -2.03125474556      -2.03116265801    
  -2.03106933441      -2.03097475736      -2.03087890918      -2.03078177190    
  -2.03068332731      -2.03058355691      -2.03048244192      -2.03037996327    
  -2.03027610159      -2.03017083725      -2.03006415026      -2.02995602038    
  -2.02984642704      -2.02973534934      -2.02962276607      -2.02950865570    
  -2.02939299635      -2.02927576583      -2.02915694158      -2.02903650070    
  -2.02891441994      -2.02879067568      -2.02866524395      -2.02853810039    
  -2.02840922027      -2.02827857847      -2.02814614948      -2.02801190740    
  -2.02787582591      -2.02773787829      -2.02759803739      -2.02745627564    
  -2.02731256505      -2.02716687717      -2.02701918311      -2.02686945352    
  -2.02671765860      -2.02656376807      -2.02640775116      -2.02624957664    
  -2.02608921278      -2.02592662730      -2.02576178749      -2.02559466005    
  -2.02542521117      -2.02525340653      -2.02507921122      -2.02490258982    
  -2.02472350629      -2.02454192405      -2.02435780594      -2.02417111418    
  -2.02398181041      -2.02378985562      -2.02359521021      -2.02339783393    
  -2.02319768588      -2.02299472451      -2.02278890758      -2.02258019220    
  -2.02236853477      -2.02215389098      -2.02193621582      -2.02171546355    
  -2.02149158768      -2.02126454098      -2.02103427544      -2.02080074230    
  -2.02056389197      -2.02032367408      -2.02008003746      -2.01983293007    
  -2.01958229905      -2.01932809067      -2.01907025034      -2.01880872257    
  -2.01854345096      -2.01827437822      -2.01800144610      -2.01772459542    
  -2.01744376602      -2.01715889677      -2.01686992555      -2.01657678921    
  -2.01627942358      -2.01597776346      -2.01567174255      -2.01536129351    
  -2.01504634788      -2.01472683608      -2.01440268741      -2.01407383002    
  -2.01374019087      -2.01340169574      -2.01305826922      -2.01270983465    
  -2.01235631412      -2.01199762848      -2.01163369725      -2.01126443868    
  -2.01088976969      -2.01050960582      -2.01012386126      -2.00973244883    
  -2.00933527989      -2.00893226441      -2.00852331088      -2.00810832630    
  -2.00768721620      -2.00725988456      -2.00682623383      -2.00638616487    
  -2.00593957697      -2.00548636777      -2.00502643330      -2.00455966791    
  -2.00408596425      -2.00360521328      -2.00311730419      -2.00262212443    
  -2.00211955966      -2.00160949369      -2.00109180854      -2.00056638432    
  -2.00003309927      -1.99949182971      -1.99894245000      -1.99838483256    
  -1.99781884778      -1.99724436404      -1.99666124767      -1.99606936291    
  -1.99546857192      -1.99485873470      -1.99423970911      -1.99361135083    
  -1.99297351329      -1.99232604773      -1.99166880309      -1.99100162601    
  -1.99032436085      -1.98963684958      -1.98893893181      -1.98823044475    
  -1.98751122318      -1.98678109942      -1.98603990332      -1.98528746220    
  -1.98452360088      -1.98374814158      -1.98296090397      -1.98216170508    
  -1.98135035933      -1.98052667847      -1.97969047156      -1.97884154495    
  -1.97797970228      -1.97710474442      -1.97621646946      -1.97531467270    
  -1.97439914662      -1.97346968085      -1.97252606218      -1.97156807450    
  -1.97059549883      -1.96960811325      -1.96860569292      -1.96758801006    
  -1.96655483390      -1.96550593074      -1.96444106384      -1.96335999352    
  -1.96226247704      -1.96114826865      -1.96001711960      -1.95886877807    
  -1.95770298924      -1.95651949521      -1.95531803506      -1.95409834481    
  -1.95286015744      -1.95160320291      -1.95032720812      -1.94903189693    
  -1.94771699021      -1.94638220579      -1.94502725853      -1.94365186029    
  -1.94225571996      -1.94083854350      -1.93940003392      -1.93793989137    
  -1.93645781308      -1.93495349347      -1.93342662414      -1.93187689391    
  -1.93030398887      -1.92870759241      -1.92708738527      -1.92544304559    
  -1.92377424895      -1.92208066845      -1.92036197472      -1.91861783603    
  -1.91684791835      -1.91505188539      -1.91322939868      -1.91138011768    
  -1.90950369981      -1.90759980059      -1.90566807369      -1.90370817102    
  -1.90171974287      -1.89970243797      -1.89765590361      -1.89557978576    
  -1.89347372920      -1.89133737758      -1.88917037365      -1.88697235927    
  -1.88474297565      -1.88248186343      -1.88018866287      -1.87786301394    
  -1.87550455656      -1.87311293069      -1.87068777654      -1.86822873472    
  -1.86573544645      -1.86320755371      -1.86064469946      -1.85804652780    
  -1.85541268422      -1.85274281576      -1.85003657126      -1.84729360155    
  -1.84451355968      -1.84169610117      -1.83884088422      -1.83594756995    
  -1.83301582267      -1.83004531010      -1.82703570365      -1.82398667866    
  -1.82089791468      -1.81776909573      -1.81459991058      -1.81139005303    
  -1.80813922220      -1.80484712278      -1.80151346537      -1.79813796674    
  -1.79472035016      -1.79126034567      -1.78775769037      -1.78421212877    
  -1.78062341308      -1.77699130351      -1.77331556857      -1.76959598542    
  -1.76583234012      -1.76202442802      -1.75817205400      -1.75427503282    
  -1.75033318939      -1.74634635914      -1.74231438826      -1.73823713401    
  -1.73411446506      -1.72994626170      -1.72573241623      -1.72147283312    
  -1.71716742938      -1.71281613477      -1.70841889208      -1.70397565734    
  -1.69948640010      -1.69495110362      -1.69036976510      -1.68574239586    
  -1.68106902155      -1.67634968229      -1.67158443282      -1.66677334266    
  -1.66191649622      -1.65701399287      -1.65206594704      -1.64707248826    
  -1.64203376119      -1.63694992564      -1.63182115650      -1.62664764377    
  -1.62142959240      -1.61616722225      -1.61086076789      -1.60551047848    
  -1.60011661756      -1.59467946277      -1.58919930561      -1.58367645113    
  -1.57811121754      -1.57250393587      -1.56685494950      -1.56116461368    
  -1.55543329505      -1.54966137101      -1.54384922918      -1.53799726670    
  -1.53210588953      -1.52617551171      -1.52020655454      -1.51419944575    
  -1.50815461859      -1.50207251085      -1.49595356390      -1.48979822165    
  -1.48360692937      -1.47738013262      -1.47111827603      -1.46482180204    
  -1.45849114962      -1.45212675293      -1.44572903998      -1.43929843118    
  -1.43283533790      -1.42634016105      -1.41981328948      -1.41325509858    
  -1.40666594865      -1.40004618339      -1.39339612840      -1.38671608960    
  -1.38000635173      -1.37326717689      -1.36649880309      -1.35970144288    
  -1.35287528202      -1.34602047828      -1.33913716029      -1.33222542660    
  -1.32528534479      -1.31831695080      -1.31132024844      -1.30429520914    
  -1.29724177192      -1.29015984364      -1.28304929958      -1.27590998434    
  -1.26874171311      -1.26154427341      -1.25431742721      -1.24706091356    
  -1.23977445178      -1.23245774517      -1.22511048533      -1.21773235718    
  -1.21032304453      -1.20288223652      -1.19540963460      -1.18790496047    
  -1.18036796462      -1.17279843578      -1.16519621106      -1.15756118697    
  -1.14989333111      -1.14219269463      -1.13445942541      -1.12669378178    
  -1.11889614688      -1.11106704341      -1.10320714876      -1.09531731035    
  -1.08739856100      -1.07945213423      -1.07147947923      -1.06348227535    
  -1.05546244586      -1.04742217071      -1.03936389809      -1.03129035452    
  -1.02320455313      -1.01510979995      -1.00700969802     -0.998908148491    
 -0.990809349698     -0.982717792426     -0.974638251889     -0.966575777140    
 -0.958535675871     -0.950523495857     -0.942545002517     -0.934606152585    
 -0.926713063848     -0.918871981063     -0.911089238094     -0.903371216452    
 -0.895724300408     -0.888154828930     -0.880669044738     -0.873273040807    
 -0.865972704693     -0.858773661107     -0.851681213194     -0.844700282996    
 -0.837835351629     -0.831090399718     -0.824468848658     -0.817973503302    
 -0.811606496681     -0.805369237380     -0.799262360217     -0.793285680866    
 -0.787438155078     -0.781717843154     -0.776121880322     -0.770646453655    
 -0.765286786162     -0.760037128643     -0.754890759877     -0.749839995674    
 -0.744876207233     -0.739989849212     -0.735170497806     -0.730406899034    
 -0.725687027309     -0.720998154231     -0.716326927401     -0.711659458860    
 -0.706981422612     -0.702278160484     -0.697534795389     -0.692736350880    
 -0.687867875705     -0.682914571885     -0.677861924740     -0.672695833123    
 -0.667402738071     -0.661969748032     -0.656384758813     -0.650636566471    
 -0.644714971403     -0.638610872097     -0.632316347113     -0.625824724141    
 -0.619130635168     -0.612230057117     -0.605120337539     -0.597800205296    
 -0.590269766397     -0.582530485475     -0.574585153598     -0.566437843371    
 -0.558093852465     -0.549559636840     -0.540842735096     -0.531951685401    
 -0.522895936530     -0.513685754526     -0.504332126446     -0.494846662625    
 -0.485241498761     -0.475529199047     -0.465722661429     -0.455835025945    
 -0.445879586956     -0.435869709939     -0.425818753377     -0.415739996150    
 -0.405646570693     -0.395551402097     -0.385467153202     -0.375406175659    
 -0.365380466853     -0.355401632510     -0.345480854758     -0.335628865382    
 -0.325855923965     -0.316171800588     -0.306585762758     -0.297106566217    
 -0.287742449279     -0.278501130366     -0.269389808413     -0.260415165803    
 -0.251583373565     -0.242900098519     -0.234370512116     -0.225999300731    
 -0.217790677173     -0.209748393216     -0.201875752952     -0.194175626820    
 -0.186650466138     -0.179302318019     -0.172132840564     -0.165143318205    
 -0.158334677138     -0.151707500759     -0.145262045038     -0.138998253780    
 -0.132915773738     -0.127013969523     -0.121291938298     -0.115748524232    
 -0.110382332684     -0.105191744112     -0.100174927701     -0.953298546959E-01
 -0.906543114296E-01 -0.861459120614E-01 -0.818021110060E-01 -0.776202150622E-01
 -0.735973952396E-01 -0.697306982838E-01 -0.660170579012E-01 -0.624533056839E-01
 -0.590361817367E-01 -0.557623450050E-01 -0.526283833055E-01 -0.496308230578E-01
 -0.467661387182E-01 -0.440307619130E-01 -0.414210902713E-01 -0.389334959538E-01
 -0.365643338786E-01 -0.343099496380E-01 -0.321666871072E-01 -0.301308957406E-01
 -0.281989375532E-01 -0.263671937854E-01 -0.246320712491E-01 -0.229900083509E-01
 -0.214374807938E-01 -0.199710069530E-01 -0.185871529266E-01 -0.172825372603E-01
 -0.160538353453E-01 -0.148977834914E-01 -0.138111826760E-01 -0.127909019704E-01
 -0.118338816475E-01 -0.109371359737E-01 -0.100977556891E-01 -0.931291018236E-02
 -0.857984936865E-02 -0.789590525794E-02 -0.725849318560E-02 -0.666511393866E-02
 -0.611334812498E-02 -0.569758356491E-02 -0.576925635763E-02 -0.584181952162E-02
 -0.591531360046E-02 -0.598973135733E-02 -0.606508476023E-02 -0.614138589544E-02
 -0.621864657587E-02 -0.629687895351E-02 -0.637609527913E-02 -0.645630795352E-02
 -0.653752952738E-02 -0.661977270473E-02 -0.670305034591E-02 -0.678737547039E-02
 -0.687276125945E-02 -0.695922105870E-02 -0.704676838055E-02 -0.713541690651E-02
 -0.722518048965E-02 -0.731607315679E-02 -0.740810911091E-02 -0.750130273338E-02
 -0.759566858630E-02 -0.769122141482E-02 -0.778797614947E-02 -0.788594790851E-02
 -0.798515200034E-02 -0.808560392587E-02 -0.818731938096E-02 -0.829031425890E-02
 -0.839460465288E-02 -0.850020685848E-02 -0.860713737629E-02 -0.871541291441E-02
 -0.882505039113E-02 -0.893606693754E-02 -0.904847990020E-02 -0.916230684384E-02
 -0.927756555418E-02 -0.939427404062E-02 -0.951245053911E-02 -0.963211351496E-02
 -0.975328166575E-02 -0.987597392424E-02 -0.100002094614E-01 -0.101260076892E-01
 -0.102533882639E-01 -0.103823710890E-01 -0.105129763183E-01 -0.106452243592E-01
 -0.107791358757E-01 -0.109147317916E-01 -0.110520332943E-01 -0.111910618372E-01
 -0.113318391439E-01 -0.114743872111E-01 -0.116187283123E-01 -0.117648850011E-01
 -0.119128801146E-01 -0.120627367776E-01 -0.122144784053E-01 -0.123681287077E-01
 -0.125237116930E-01 -0.126812516714E-01 -0.128407732587E-01 -0.130023013806E-01
 -0.131658612761E-01 -0.133314785019E-01 -0.134991789359E-01 -0.136689887817E-01
 -0.138409345724E-01 -0.140150431749E-01 -0.141913417940E-01 -0.143698579767E-01
 -0.145506196167E-01 -0.147336549581E-01 -0.149189926007E-01 -0.151066615039E-01
 -0.152966909912E-01 -0.154891107553E-01 -0.156839508621E-01 -0.158812417557E-01
 -0.160810142632E-01 -0.162832995995E-01 -0.164881293722E-01 -0.166955355862E-01
 -0.169055506492E-01 -0.171182073765E-01 -0.173335389962E-01 -0.175515791542E-01
 -0.177723619197E-01 -0.179959217906E-01 -0.182222936985E-01 -0.184515130144E-01
 -0.186836155544E-01 -0.189186375850E-01 -0.191566158288E-01 -0.193975874704E-01
 -0.196415901621E-01 -0.198886620298E-01 -0.201388416791E-01 -0.203921682009E-01
 -0.206486811781E-01 -0.209084206914E-01 -0.211714273256E-01 -0.214377421759E-01
 -0.217074068548E-01 -0.219804634977E-01 -0.222569547703E-01 -0.225369238750E-01
 -0.228204145576E-01 -0.231074711139E-01 -0.233981383973E-01 -0.236924618249E-01
 -0.239904873856E-01 -0.242922616463E-01 -0.245978317599E-01 -0.249072454724E-01
 -0.252205511303E-01 -0.255377976883E-01 -0.258590347166E-01 -0.261843124094E-01
 -0.265136815919E-01 -0.268471937287E-01 -0.271849009317E-01 -0.275268559684E-01
 -0.278731122700E-01 -0.282237239397E-01 -0.285787457612E-01 -0.289382332076E-01
 -0.293022424494E-01 -0.296708303637E-01 -0.300440545434E-01 -0.304219733052E-01
 -0.308046456999E-01 -0.311921315208E-01 -0.315844913133E-01 -0.319817863844E-01
 -0.323840788123E-01 -0.327914314560E-01 -0.332039079653E-01 -0.336215727903E-01
 -0.340444911920E-01 -0.344727292524E-01 -0.349063538845E-01 -0.353454328430E-01
 -0.357900347349E-01 -0.362402290302E-01 -0.366960860726E-01 -0.371576770907E-01
 -0.376250742090E-01 -0.380983504594E-01 -0.385775797921E-01 -0.390628370878E-01
 -0.395541981688E-01 -0.400517398114E-01 -0.405555397575E-01 -0.410656767267E-01
 -0.415822304291E-01 -0.421052815772E-01 -0.426349118989E-01
