 Raios
  0.164099284923E-05  0.330262684750E-05  0.498516162849E-05  0.668886009169E-05
  0.841398844345E-05  0.101608162386E-04  0.119296164225E-04  0.137206653738E-04
  0.155342429475E-04  0.173706325189E-04  0.192301210275E-04  0.211129990222E-04
  0.230195607065E-04  0.249501039846E-04  0.269049305077E-04  0.288843457216E-04
  0.308886589137E-04  0.329181832623E-04  0.349732358845E-04  0.370541378865E-04
  0.391612144135E-04  0.412947947005E-04  0.434552121238E-04  0.456428042529E-04
  0.478579129036E-04  0.501008841911E-04  0.523720685843E-04  0.546718209603E-04
  0.570005006601E-04  0.593584715447E-04  0.617461020518E-04  0.641637652535E-04
  0.666118389146E-04  0.690907055517E-04  0.716007524926E-04  0.741423719374E-04
  0.767159610191E-04  0.793219218664E-04  0.819606616660E-04  0.846325927262E-04
  0.873381325418E-04  0.900777038589E-04  0.928517347410E-04  0.956606586361E-04
  0.985049144443E-04  0.101384946586E-03  0.104301205073E-03  0.107254145576E-03
  0.110244229498E-03  0.113271924046E-03  0.116337702302E-03  0.119442043302E-03
  0.122585432105E-03  0.125768359872E-03  0.128991323941E-03  0.132254827908E-03
  0.135559381701E-03  0.138905501663E-03  0.142293710634E-03  0.145724538027E-03
  0.149198519916E-03  0.152716199118E-03  0.156278125277E-03  0.159884854952E-03
  0.163536951702E-03  0.167234986173E-03  0.170979536192E-03  0.174771186851E-03
  0.178610530605E-03  0.182498167358E-03  0.186434704562E-03  0.190420757308E-03
  0.194456948425E-03  0.198543908577E-03  0.202682276359E-03  0.206872698399E-03
  0.211115829461E-03  0.215412332540E-03  0.219762878976E-03  0.224168148548E-03
  0.228628829591E-03  0.233145619094E-03  0.237719222815E-03  0.242350355389E-03
  0.247039740439E-03  0.251788110692E-03  0.256596208090E-03  0.261464783908E-03
  0.266394598872E-03  0.271386423273E-03  0.276441037097E-03  0.281559230135E-03
  0.286741802116E-03  0.291989562828E-03  0.297303332243E-03  0.302683940650E-03
  0.308132228779E-03  0.313649047936E-03  0.319235260136E-03  0.324891738234E-03
  0.330619366069E-03  0.336419038593E-03  0.342291662016E-03  0.348238153949E-03
  0.354259443542E-03  0.360356471635E-03  0.366530190900E-03  0.372781565994E-03
  0.379111573706E-03  0.385521203113E-03  0.392011455734E-03  0.398583345682E-03
  0.405237899830E-03  0.411976157965E-03  0.418799172953E-03  0.425708010905E-03
  0.432703751339E-03  0.439787487356E-03  0.446960325803E-03  0.454223387451E-03
  0.461577807168E-03  0.469024734097E-03  0.476565331836E-03  0.484200778617E-03
  0.491932267496E-03  0.499761006534E-03  0.507688218985E-03  0.515715143495E-03
  0.523843034285E-03  0.532073161356E-03  0.540406810682E-03  0.548845284411E-03
  0.557389901074E-03  0.566041995783E-03  0.574802920446E-03  0.583674043976E-03
  0.592656752502E-03  0.601752449593E-03  0.610962556469E-03  0.620288512228E-03
  0.629731774070E-03  0.639293817523E-03  0.648976136676E-03  0.658780244411E-03
  0.668707672641E-03  0.678759972545E-03  0.688938714817E-03  0.699245489905E-03
  0.709681908264E-03  0.720249600605E-03  0.730950218153E-03  0.741785432900E-03
  0.752756937870E-03  0.763866447384E-03  0.775115697326E-03  0.786506445412E-03
  0.798040471471E-03  0.809719577718E-03  0.821545589037E-03  0.833520353267E-03
  0.845645741488E-03  0.857923648317E-03  0.870355992202E-03  0.882944715722E-03
  0.895691785891E-03  0.908599194465E-03  0.921668958251E-03  0.934903119428E-03
  0.948303745860E-03  0.961872931423E-03  0.975612796328E-03  0.989525487458E-03
  0.100361317870E-02  0.101787807128E-02  0.103232239413E-02  0.104694840418E-02
  0.106175838680E-02  0.107675465607E-02  0.109193955518E-02  0.110731545681E-02
  0.112288476347E-02  0.113864990790E-02  0.115461335344E-02  0.117077759440E-02
  0.118714515649E-02  0.120371859716E-02  0.122050050605E-02  0.123749350537E-02
  0.125470025031E-02  0.127212342946E-02  0.128976576522E-02  0.130763001424E-02
  0.132571896786E-02  0.134403545250E-02  0.136258233016E-02  0.138136249882E-02
  0.140037889292E-02  0.141963448381E-02  0.143913228022E-02  0.145887532872E-02
  0.147886671419E-02  0.149910956034E-02  0.151960703015E-02  0.154036232639E-02
  0.156137869212E-02  0.158265941118E-02  0.160420780874E-02  0.162602725177E-02
  0.164812114961E-02  0.167049295447E-02  0.169314616200E-02  0.171608431180E-02
  0.173931098800E-02  0.176282981983E-02  0.178664448214E-02  0.181075869603E-02
  0.183517622939E-02  0.185990089751E-02  0.188493656367E-02  0.191028713974E-02
  0.193595658680E-02  0.196194891577E-02  0.198826818798E-02  0.201491851588E-02
  0.204190406364E-02  0.206922904780E-02  0.209689773796E-02  0.212491445739E-02
  0.215328358377E-02  0.218200954983E-02  0.221109684406E-02  0.224055001142E-02
  0.227037365401E-02  0.230057243184E-02  0.233115106354E-02  0.236211432708E-02
  0.239346706052E-02  0.242521416281E-02  0.245736059448E-02  0.248991137848E-02
  0.252287160095E-02  0.255624641197E-02  0.259004102644E-02  0.262426072483E-02
  0.265891085404E-02  0.269399682821E-02  0.272952412962E-02  0.276549830946E-02
  0.280192498878E-02  0.283880985932E-02  0.287615868442E-02  0.291397729990E-02
  0.295227161501E-02  0.299104761330E-02  0.303031135361E-02  0.307006897098E-02
  0.311032667760E-02  0.315109076384E-02  0.319236759916E-02  0.323416363316E-02
  0.327648539654E-02  0.331933950218E-02  0.336273264610E-02  0.340667160858E-02
  0.345116325518E-02  0.349621453779E-02  0.354183249578E-02  0.358802425704E-02
  0.363479703913E-02  0.368215815040E-02  0.373011499111E-02  0.377867505461E-02
  0.382784592853E-02  0.387763529589E-02  0.392805093640E-02  0.397910072760E-02
  0.403079264613E-02  0.408313476895E-02  0.413613527462E-02  0.418980244459E-02
  0.424414466445E-02  0.429917042530E-02  0.435488832501E-02  0.441130706962E-02
  0.446843547467E-02  0.452628246660E-02  0.458485708412E-02  0.464416847962E-02
  0.470422592063E-02  0.476503879126E-02  0.482661659364E-02  0.488896894941E-02
  0.495210560128E-02  0.501603641446E-02  0.508077137827E-02  0.514632060769E-02
  0.521269434492E-02  0.527990296098E-02  0.534795695736E-02  0.541686696764E-02
  0.548664375915E-02  0.555729823464E-02  0.562884143403E-02  0.570128453609E-02
  0.577463886019E-02  0.584891586811E-02  0.592412716577E-02  0.600028450510E-02
  0.607739978582E-02  0.615548505737E-02  0.623455252072E-02  0.631461453033E-02
  0.639568359605E-02  0.647777238508E-02  0.656089372397E-02  0.664506060059E-02
  0.673028616618E-02  0.681658373743E-02  0.690396679849E-02  0.699244900316E-02
  0.708204417694E-02  0.717276631928E-02  0.726462960569E-02  0.735764838999E-02
  0.745183720657E-02  0.754721077261E-02  0.764378399043E-02  0.774157194979E-02
  0.784058993026E-02  0.794085340359E-02  0.804237803617E-02  0.814517969142E-02
  0.824927443231E-02  0.835467852385E-02  0.846140843565E-02  0.856948084447E-02
  0.867891263685E-02  0.878972091173E-02  0.890192298312E-02  0.901553638283E-02
  0.913057886318E-02  0.924706839980E-02  0.936502319441E-02  0.948446167769E-02
  0.960540251214E-02  0.972786459502E-02  0.985186706127E-02  0.997742928653E-02
  0.101045708902E-01  0.102333117383E-01  0.103636719469E-01  0.104956718852E-01
  0.106293321782E-01  0.107646737108E-01  0.109017176302E-01  0.110404853500E-01
  0.111809985528E-01  0.113232791941E-01  0.114673495056E-01  0.116132319985E-01
  0.117609494673E-01  0.119105249931E-01  0.120619819474E-01  0.122153439956E-01
  0.123706351010E-01  0.125278795280E-01  0.126871018464E-01  0.128483269350E-01
  0.130115799856E-01  0.131768865067E-01  0.133442723280E-01  0.135137636036E-01
  0.136853868171E-01  0.138591687849E-01  0.140351366607E-01  0.142133179399E-01
  0.143937404636E-01  0.145764324234E-01  0.147614223651E-01  0.149487391939E-01
  0.151384121783E-01  0.153304709551E-01  0.155249455340E-01  0.157218663019E-01
  0.159212640281E-01  0.161231698690E-01  0.163276153727E-01  0.165346324843E-01
  0.167442535506E-01  0.169565113254E-01  0.171714389742E-01  0.173890700801E-01
  0.176094386483E-01  0.178325791118E-01  0.180585263369E-01  0.182873156281E-01
  0.185189827344E-01  0.187535638542E-01  0.189910956412E-01  0.192316152103E-01
  0.194751601431E-01  0.197217684940E-01  0.199714787962E-01  0.202243300673E-01
  0.204803618158E-01  0.207396140473E-01  0.210021272704E-01  0.212679425034E-01
  0.215371012804E-01  0.218096456580E-01  0.220856182219E-01  0.223650620933E-01
  0.226480209359E-01  0.229345389625E-01  0.232246609423E-01  0.235184322074E-01
  0.238158986601E-01  0.241171067801E-01  0.244221036319E-01  0.247309368718E-01
  0.250436547557E-01  0.253603061462E-01  0.256809405210E-01  0.260056079797E-01
  0.263343592523E-01  0.266672457069E-01  0.270043193576E-01  0.273456328729E-01
  0.276912395836E-01  0.280411934917E-01  0.283955492780E-01  0.287543623114E-01
  0.291176886572E-01  0.294855850858E-01  0.298581090818E-01  0.302353188528E-01
  0.306172733387E-01  0.310040322205E-01  0.313956559302E-01  0.317922056598E-01
  0.321937433709E-01  0.326003318047E-01  0.330120344913E-01  0.334289157603E-01
  0.338510407501E-01  0.342784754186E-01  0.347112865534E-01  0.351495417821E-01
  0.355933095829E-01  0.360426592955E-01  0.364976611317E-01  0.369583861864E-01
  0.374249064489E-01  0.378972948140E-01  0.383756250932E-01  0.388599720266E-01
  0.393504112944E-01  0.398470195289E-01  0.403498743259E-01  0.408590542576E-01
  0.413746388844E-01  0.418967087675E-01  0.424253454813E-01  0.429606316264E-01
  0.435026508423E-01  0.440514878207E-01  0.446072283184E-01  0.451699591710E-01
  0.457397683063E-01  0.463167447583E-01  0.469009786806E-01  0.474925613610E-01
  0.480915852355E-01  0.486981439027E-01  0.493123321388E-01  0.499342459118E-01
  0.505639823971E-01  0.512016399922E-01  0.518473183325E-01  0.525011183065E-01
  0.531631420718E-01  0.538334930709E-01  0.545122760476E-01  0.551995970631E-01
  0.558955635127E-01  0.566002841425E-01  0.573138690666E-01  0.580364297842E-01
  0.587680791966E-01  0.595089316258E-01  0.602591028313E-01  0.610187100290E-01
  0.617878719091E-01  0.625667086545E-01  0.633553419602E-01  0.641538950518E-01
  0.649624927047E-01  0.657812612640E-01  0.666103286639E-01  0.674498244480E-01
  0.682998797890E-01  0.691606275101E-01  0.700322021046E-01  0.709147397579E-01
  0.718083783683E-01  0.727132575686E-01  0.736295187482E-01  0.745573050746E-01
  0.754967615163E-01  0.764480348653E-01  0.774112737601E-01  0.783866287087E-01
  0.793742521122E-01  0.803742982888E-01  0.813869234978E-01  0.824122859639E-01
  0.834505459021E-01  0.845018655426E-01  0.855664091563E-01  0.866443430802E-01
  0.877358357437E-01  0.888410576949E-01  0.899601816267E-01  0.910933824048E-01
  0.922408370939E-01  0.934027249862E-01  0.945792276290E-01  0.957705288534E-01
  0.969768148024E-01  0.981982739608E-01  0.994350971841E-01  0.100687477728    
  0.101955611280      0.103239695989      0.104539932495      0.105856523963    
  0.107189676113      0.108539597252      0.109906498309      0.111290592865    
  0.112692097187      0.114111230264      0.115548213836      0.117003272438    
  0.118476633423      0.119968527008      0.121479186304      0.123008847355    
  0.124557749174      0.126126133778      0.127714246233      0.129322334683    
  0.130950650396      0.132599447799      0.134268984520      0.135959521428    
  0.137671322673      0.139404655727      0.141159791426      0.142937004015    
  0.144736571186      0.146558774126      0.148403897557      0.150272229783    
  0.152164062737      0.154079692019      0.156019416951      0.157983540619    
  0.159972369922      0.161986215618      0.164025392374      0.166090218816    
  0.168181017578      0.170298115351      0.172441842935      0.174612535293    
  0.176810531599      0.179036175295      0.181289814143      0.183571800278    
  0.185882490265      0.188222245154      0.190591430536      0.192990416602    
  0.195419578198      0.197879294885      0.200369951000      0.202891935712    
  0.205445643086      0.208031472144      0.210649826929      0.213301116561    
  0.215985755313      0.218704162662      0.221456763367      0.224243987526    
  0.227066270649      0.229924053724      0.232817783284      0.235747911482    
  0.238714896155      0.241719200902      0.244761295149      0.247841654232    
  0.250960759463      0.254119098207      0.257317163962      0.260555456433    
  0.263834481608      0.267154751842      0.270516785935      0.273921109211    
  0.277368253602      0.280858757731      0.284393166998      0.287972033661    
  0.291595916924      0.295265383027      0.298981005332      0.302743364412    
  0.306553048143      0.310410651797      0.314316778131      0.318272037486    
  0.322277047879      0.326332435101      0.330438832815      0.334596882654    
  0.338807234321      0.343070545692      0.347387482919      0.351758720532    
  0.356184941545      0.360666837564      0.365205108896      0.369800464653    
  0.374453622870      0.379165310613      0.383936264091      0.388767228777    
  0.393658959517      0.398612220656      0.403627786150      0.408706439691    
  0.413848974830      0.419056195098      0.424328914133      0.429667955810    
  0.435074154364      0.440548354524      0.446091411645      0.451704191842    
  0.457387572123      0.463142440527      0.468969696264      0.474870249856    
  0.480845023274      0.486894950091      0.493020975619      0.499224057062    
  0.505505163665      0.511865276862      0.518305390435      0.524826510665    
  0.531429656490      0.538115859664      0.544886164921      0.551741630134    
  0.558683326485      0.565712338626      0.572829764856      0.580036717288    
  0.587334322021      0.594723719321      0.602206063798      0.609782524581    
  0.617454285510      0.625222545312      0.633088517793      0.641053432028    
  0.649118532550      0.657285079549      0.665554349063      0.673927633183    
  0.682406240252      0.690991495069      0.699684739098      0.708487330675    
  0.717400645224      0.726426075468      0.735565031649      0.744818941747    
  0.754189251705      0.763677425653      0.773284946137      0.783013314352    
  0.792864050376      0.802838693404      0.812938801997      0.823165954316    
  0.833521748376      0.844007802288      0.854625754522      0.865377264154    
  0.876264011128      0.887287696522      0.898450042808      0.909752794126    
  0.921197716554      0.932786598383      0.944521250402      0.956403506172    
  0.968435222320      0.980618278827      0.992954579320       1.00544605137    
   1.01809464680       1.03090234197       1.04387113811       1.05700306163    
   1.07030016441       1.08376452416       1.09739824470       1.11120345633    
   1.12518231616       1.13933700839       1.15366974473       1.16818276470    
   1.18287833599       1.19775875481       1.21282634626       1.22808346467    
   1.24353249401       1.25917584822       1.27501597160       1.29105533921    
   1.30729645722       1.32374186335       1.34039412722       1.35725585079    
   1.37432966873       1.39161824886       1.40912429256       1.42685053518    
   1.44479974649       1.46297473108       1.48137832883       1.50001341535    
   1.51888290239       1.53798973837       1.55733690876       1.57692743659    
   1.59676438293       1.61685084733       1.63718996836       1.65778492403    
   1.67863893235       1.69975525181       1.72113718187       1.74278806350    
   1.76471127970       1.78691025600       1.80938846106       1.83214940713    
   1.85519665065       1.87853379281       1.90216448009       1.92609240482    
   1.95032130579       1.97485496881       1.99969722733       2.02485196299    
   2.05032310628       2.07611463711       2.10223058546       2.12867503199    
   2.15545210872       2.18256599961       2.21002094127       2.23782122357    
   2.26597119038       2.29447524019       2.32333782680       2.35256346006    
   2.38215670653       2.41212219022       2.44246459329       2.47318865681    
   2.50429918147       2.53580102836       2.56769911971       2.59999843965    
   2.63270403502       2.66582101614       2.69935455760       2.73330989909    
   2.76769234619       2.80250727124       2.83776011414       2.87345638321    
   2.90960165607       2.94620158050       2.98326187530       3.02078833122    
   3.05878681186       3.09726325454       3.13622367128       3.17567414975    
   3.21562085414       3.25607002622       3.29702798625       3.33850113400    
   3.38049594972       3.42301899520       3.46607691475       3.50967643625    
   3.55382437222       3.59852762086       3.64379316715       3.68962808392    
   3.73603953297       3.78303476618       3.83062112666       3.87880604986    
   3.92759706479       3.97700179513       4.02702796048       4.07768337753    
   4.12897596129       4.18091372632       4.23350478802       4.28675736383    
   4.34067977459       4.39528044578       4.45056790887       4.50655080263    
   4.56323787451       4.62063798198       4.67876009391       4.73761329202    
   4.79720677222       4.85754984613       4.91865194247       4.98052260857    
   5.04317151184       5.10660844130       5.17084330911       5.23588615209    
   5.30174713332       5.36843654371       5.43596480362       5.50434246447    
   5.57358021042       5.64368885999       5.71467936782       5.78656282631    
   5.85935046740       5.93305366431       6.00768393331       6.08325293553    
   6.15977247878       6.23725451940       6.31571116411       6.39515467192    
   6.47559745605       6.55705208584       6.63953128875       6.72304795231    
   6.80761512617       6.89324602414       6.97995402620       7.06775268067    
   7.15665570626       7.24667699425       7.33783061064       7.43013079838    
   7.52359197957       7.61822875768       7.71405591993       7.81108843949    
   7.90934147790       8.00883038739       8.10957071331       8.21157819654    
   8.31486877595       8.41945859091       8.52536398378       8.63260150251    
   8.74118790317       8.85114015261       8.96247543110       9.07521113498    
   9.18936487946       9.30495450128       9.42199806155       9.54051384858    
   9.66052038069       9.78203640915       9.90508092108       10.0296731424    
   10.1558325410       10.2835788295       10.4129319685       10.5439121696    
   10.6765398989       10.8108358796       10.9468210958       11.0845167955    
   11.2239444939       11.3651259768       11.5080833041       11.6528388133    
   11.7994151226       11.9478351349       12.0981220412       12.2502993240    
   12.4043907614       12.5604204304       12.7184127112       12.8783922901    
   13.0403841644       13.2044136457       13.3705063639       13.5386882712    
   13.7089856466       13.8814250992       14.0560335731       14.2328383513    
   14.4118670597       14.5931476722       14.7767085140       14.9625782669    
   15.1507859736       15.3413610417       15.5343332492       15.7297327482    
   15.9275900703       16.1279361311       16.3308022352       16.5362200807    
   16.7442217647       16.9548397877       17.1681070593       17.3840569030    
   17.6027230614       17.8241397014       18.0483414198       18.2753632488    
   18.5052406608       18.7380095747       18.9737063611       19.2123678481    
   19.4540313270       19.6987345583       19.9465157774       20.1974137005    
   20.4514675309       20.7087169652       20.9692021990       21.2329639337    
   21.5000433826       21.7704822774       22.0443228747       22.3216079628    
   22.6023808678       22.8866854613       23.1745661663       23.4660679648    
   23.7612364045       24.0601176061       24.3627582705       24.6692056858    
   24.9795077351       25.2937129036       25.6118702866       25.9340295969    
   26.2602411724       26.5905559845       26.9250256453       27.2637024166    
   27.6066392173       27.9538896319       28.3055079190       28.6615490197    
   29.0220685661       29.3871228901       29.7567690323       30.1310647506    
   30.5100685294       30.8938395889       31.2824378941       31.6759241642    
   32.0743598823       32.4778073048       32.8863294711       33.2999902137    
   33.7188541679       34.1429867820       34.5724543277       35.0073239101    
   35.4476634785       35.8935418368       36.3450286544       36.8021944770    
   37.2651107378       37.7338497684       38.2084848102       38.6890900258    
   39.1757405108       39.6685123054       40.1674824061       40.6727287781    
   41.1843303670       41.7023671118       42.2269199566       42.7580708640    
   43.2959028273       43.8404998839       44.3919471282       44.9503307249    
   45.5157379227       46.0882570675       46.6679776166       47.2549901525    
   47.8493863972       48.4512592263       49.0607026835       49.6778119958    
   50.3026835876       50.9354150964       51.5761053879       52.2248545712    
   52.8817640146       53.5469363617       54.2204755468       54.9024868120    
   55.5930767228       56.2923531854       57.0004254630       57.7174041935    
   58.4434014062       59.1785305396       59.9229064593       60.6766454753    
   61.4398653611       62.2126853712       62.9952262603       63.7876103021    
   64.5899613082       65.4024046475       66.2250672660       67.0580777064    
   67.9015661282       68.7556643283       69.6205057612       70.4962255601    
   71.3829605581       72.2808493093       73.1900321107       74.1106510238    
   75.0428498974       75.9867743893       76.9425719896       77.9103920438    
   78.8903857756       79.8827063111       80.8875087024       81.9049499518    
   82.9351890367       83.9783869340       85.0347066455       86.1043132234    
   87.1873737957       88.2840575929       89.3945359741       90.5189824539    
   91.6575727292       92.8104847071       93.9778985324       95.1599966160    
   96.3569636630       97.5689867021       98.7962551142       100.038960662    
   101.297297522       102.571462311       103.861654121       105.168074545    
   106.490927715       107.830420330       109.186761688       110.560163719    
   111.950841022       113.359010892       114.784893358       116.228711218    
   117.690690070       119.171058353    
Down potential follows (l on next line)
 0
  -37.9677993761      -38.0791480162      -37.9230473509      -38.0276782302    
  -37.9912685492      -38.0020832097      -37.9918081749      -37.9969401520    
  -37.9947915020      -37.9945861694      -37.9940972193      -37.9936644099    
  -37.9932319465      -37.9928300175      -37.9924453943      -37.9920851246    
  -37.9917478648      -37.9914353840      -37.9911484591      -37.9908881629    
  -37.9906554811      -37.9904514090      -37.9902769130      -37.9901329315    
  -37.9900203635      -37.9899400605      -37.9898928172      -37.9898793625    
  -37.9899003497      -37.9899563476      -37.9900478308      -37.9901751712    
  -37.9903386286      -37.9905383430      -37.9907743267      -37.9910464576    
  -37.9913544728      -37.9916979640      -37.9920763736      -37.9924889920    
  -37.9929349563      -37.9934132510      -37.9939227090      -37.9944620155    
  -37.9950297124      -37.9956242050      -37.9962437692      -37.9968865612    
  -37.9975506279      -37.9982339182      -37.9989342959      -37.9996495530    
  -38.0003774240      -38.0011156003      -38.0018617450      -38.0026135076    
  -38.0033685392      -38.0041245062      -38.0048791044      -38.0056300718    
  -38.0063752016      -38.0071123524      -38.0078394592      -38.0085545421    
  -38.0092557143      -38.0099411884      -38.0106092824      -38.0112584231    
  -38.0118871493      -38.0124941140      -38.0130780845      -38.0136379424    
  -38.0141726824      -38.0146814101      -38.0151633390      -38.0156177877    
  -38.0160441752      -38.0164420167      -38.0168109187      -38.0171505739    
  -38.0174607561      -38.0177413144      -38.0179921677      -38.0182132995    
  -38.0184047521      -38.0185666217      -38.0186990524      -38.0188022321    
  -38.0188763869      -38.0189217767      -38.0189386908      -38.0189274441    
  -38.0188883725      -38.0188218297      -38.0187281839      -38.0186078142    
  -38.0184611081      -38.0182884588      -38.0180902626      -38.0178669169    
  -38.0176188180      -38.0173463596      -38.0170499308      -38.0167299151    
  -38.0163866890      -38.0160206208      -38.0156320696      -38.0152213849    
  -38.0147889053      -38.0143349584      -38.0138598601      -38.0133639141    
  -38.0128474120      -38.0123106326      -38.0117538418      -38.0111772929    
  -38.0105812261      -38.0099658686      -38.0093314348      -38.0086781261    
  -38.0080061314      -38.0073156268      -38.0066067760      -38.0058797304    
  -38.0051346293      -38.0043716001      -38.0035907586      -38.0027922091    
  -38.0019760445      -38.0011423471      -38.0002911881      -37.9994226283    
  -37.9985367183      -37.9976334985      -37.9967129996      -37.9957752428    
  -37.9948202398      -37.9938479932      -37.9928584968      -37.9918517357    
  -37.9908276865      -37.9897863175      -37.9887275890      -37.9876514532    
  -37.9865578549      -37.9854467313      -37.9843180120      -37.9831716198    
  -37.9820074701      -37.9808254718      -37.9796255266      -37.9784075301    
  -37.9771713712      -37.9759169323      -37.9746440898      -37.9733527141    
  -37.9720426692      -37.9707138136      -37.9693659998      -37.9679990747    
  -37.9666128794      -37.9652072497      -37.9637820157      -37.9623370021    
  -37.9608720285      -37.9593869091      -37.9578814528      -37.9563554633    
  -37.9548087394      -37.9532410747      -37.9516522577      -37.9500420719    
  -37.9484102959      -37.9467567035      -37.9450810632      -37.9433831389    
  -37.9416626895      -37.9399194691      -37.9381532269      -37.9363637073    
  -37.9345506498      -37.9327137891      -37.9308528550      -37.9289675726    
  -37.9270576620      -37.9251228385      -37.9231628126      -37.9211772898    
  -37.9191659708      -37.9171285514      -37.9150647224      -37.9129741697    
  -37.9108565743      -37.9087116120      -37.9065389538      -37.9043382655    
  -37.9021092079      -37.8998514366      -37.8975646021      -37.8952483497    
  -37.8929023195      -37.8905261462      -37.8881194594      -37.8856818833    
  -37.8832130365      -37.8807125323      -37.8781799787      -37.8756149777    
  -37.8730171262      -37.8703860151      -37.8677212299      -37.8650223499    
  -37.8622889491      -37.8595205954      -37.8567168506      -37.8538772709    
  -37.8510014061      -37.8480888000      -37.8451389903      -37.8421515085    
  -37.8391258794      -37.8360616220      -37.8329582484      -37.8298152643    
  -37.8266321689      -37.8234084547      -37.8201436073      -37.8168371056    
  -37.8134884217      -37.8100970206      -37.8066623601      -37.8031838912    
  -37.7996610575      -37.7960932952      -37.7924800332      -37.7888206930    
  -37.7851146884      -37.7813614256      -37.7775603031      -37.7737107115    
  -37.7698120335      -37.7658636438      -37.7618649090      -37.7578151874    
  -37.7537138291      -37.7495601757      -37.7453535603      -37.7410933075    
  -37.7367787331      -37.7324091442      -37.7279838387      -37.7235021059    
  -37.7189632256      -37.7143664685      -37.7097110961      -37.7049963603    
  -37.7002215033      -37.6953857580      -37.6904883472      -37.6855284839    
  -37.6805053710      -37.6754182014      -37.6702661577      -37.6650484122    
  -37.6597641264      -37.6544124516      -37.6489925280      -37.6435034853    
  -37.6379444420      -37.6323145054      -37.6266127719      -37.6208383262    
  -37.6149902416      -37.6090675801      -37.6030693914      -37.5969947138    
  -37.5908425734      -37.5846119841      -37.5783019477      -37.5719114535    
  -37.5654394782      -37.5588849858      -37.5522469278      -37.5455242423    
  -37.5387158548      -37.5318206770      -37.5248376078      -37.5177655322    
  -37.5106033219      -37.5033498344      -37.4960039137      -37.4885643894    
  -37.4810300772      -37.4733997782      -37.4656722791      -37.4578463521    
  -37.4499207544      -37.4418942284      -37.4337655016      -37.4255332860    
  -37.4171962785      -37.4087531605      -37.4002025976      -37.3915432398    
  -37.3827737212      -37.3738926598      -37.3648986574      -37.3557902995    
  -37.3465661553      -37.3372247771      -37.3277647008      -37.3181844451    
  -37.3084825120      -37.2986573861      -37.2887075350      -37.2786314088    
  -37.2684274398      -37.2580940432      -37.2476296159      -37.2370325372    
  -37.2263011684      -37.2154338523      -37.2044289140      -37.1932846596    
  -37.1819993774      -37.1705713364      -37.1589987875      -37.1472799623    
  -37.1354130740      -37.1233963163      -37.1112278640      -37.0989058730    
  -37.0864284794      -37.0737938003      -37.0609999333      -37.0480449563    
  -37.0349269279      -37.0216438869      -37.0081938523      -36.9945748236    
  -36.9807847801      -36.9668216817      -36.9526834680      -36.9383680587    
  -36.9238733539      -36.9091972333      -36.8943375567      -36.8792921641    
  -36.8640588751      -36.8486354896      -36.8330197874      -36.8172095282    
  -36.8012024520      -36.7849962785      -36.7685887078      -36.7519774202    
  -36.7351600759      -36.7181343157      -36.7008977606      -36.6834480121    
  -36.6657826522      -36.6478992436      -36.6297953296      -36.6114684347    
  -36.5929160640      -36.5741357040      -36.5551248225      -36.5358808685    
  -36.5164012731      -36.4966834487      -36.4767247901      -36.4565226741    
  -36.4360744601      -36.4153774901      -36.3944290888      -36.3732265645    
  -36.3517672084      -36.3300482959      -36.3080670860      -36.2858208222    
  -36.2633067324      -36.2405220297      -36.2174639122      -36.1941295637    
  -36.1705161540      -36.1466208392      -36.1224407620      -36.0979730524    
  -36.0732148277      -36.0481631935      -36.0228152433      -35.9971680597    
  -35.9712187145      -35.9449642693      -35.9184017757      -35.8915282762    
  -35.8643408043      -35.8368363852      -35.8090120365      -35.7808647683    
  -35.7523915839      -35.7235894806      -35.6944554500      -35.6649864783    
  -35.6351795476      -35.6050316355      -35.5745397167      -35.5437007626    
  -35.5125117427      -35.4809696245      -35.4490713747      -35.4168139591    
  -35.3841943440      -35.3512094961      -35.3178563834      -35.2841319756    
  -35.2500332450      -35.2155571667      -35.1807007194      -35.1454608858    
  -35.1098346535      -35.0738190149      -35.0374109684      -35.0006075186    
  -34.9634056766      -34.9258024612      -34.8877948984      -34.8493800227    
  -34.8105548770      -34.7713165135      -34.7316619936      -34.6915883887    
  -34.6510927800      -34.6101722598      -34.5688239306      -34.5270449064    
  -34.4848323123      -34.4421832850      -34.3990949731      -34.3555645369    
  -34.3115891488      -34.2671659933      -34.2222922671      -34.1769651790    
  -34.1311819502      -34.0849398138      -34.0382360150      -33.9910678112    
  -33.9434324713      -33.8953272759      -33.8467495171      -33.7976964979    
  -33.7481655324      -33.6981539452      -33.6476590709      -33.5966782541    
  -33.5452088490      -33.4932482185      -33.4407937344      -33.3878427764    
  -33.3343927322      -33.2804409965      -33.2259849709      -33.1710220633    
  -33.1155496876      -33.0595652629      -33.0030662137      -32.9460499687    
  -32.8885139614      -32.8304556288      -32.7718724120      -32.7127617555    
  -32.6531211073      -32.5929479186      -32.5322396440      -32.4709937417    
  -32.4092076735      -32.3468789052      -32.2840049070      -32.2205831542    
  -32.1566111277      -32.0920863148      -32.0270062102      -31.9613683173    
  -31.8951701487      -31.8284092284      -31.7610830927      -31.6931892919    
  -31.6247253919      -31.5556889763      -31.4860776476      -31.4158890297    
  -31.3451207695      -31.2737705384      -31.2018360348      -31.1293149849    
  -31.0562051449      -30.9825043016      -30.9082102734      -30.8333209110    
  -30.7578340970      -30.6817477451      -30.6050597992      -30.5277682306    
  -30.4498710348      -30.3713662276      -30.2922518391      -30.2125259069    
  -30.1321864680      -30.0512315484      -29.9696591518      -29.8874672462    
  -29.8046537485      -29.7212165079      -29.6371532871      -29.5524617421    
  -29.4671394004      -29.3811836389      -29.2945916603      -29.2073604701    
  -29.1194868542      -29.0309673586      -28.9417982715      -28.8519756103    
  -28.7614951148      -28.6703522481      -28.5785422084      -28.4860599535    
  -28.3929002414      -28.2990576896      -28.2045268561      -28.1093023466    
  -28.0133789486      -27.9167517979      -27.8194165777      -27.7213697502    
  -27.6226088277      -27.5231326744      -27.4229418303      -27.3220388731    
  -27.2204287879      -27.1181193390      -27.0151214381      -26.9114494828    
  -26.8071216508      -26.7021601288      -26.5965912536      -26.4904455451    
  -26.3837576130      -26.2765659209      -26.1689123983      -26.0608418960    
  -25.9524014882      -25.8436396325      -25.7346052080      -25.6253464549    
  -25.5159098512      -25.4063389603      -25.2966732917      -25.1869472159    
  -25.0771889730      -24.9674198184      -24.8576533419      -24.7478949956    
  -24.6381418622      -24.5283826869      -24.4185981908      -24.3087616667    
  -24.1988398497      -24.0887940336      -23.9785813874      -23.8681564096    
  -23.7574724452      -23.6464831828      -23.5351440497      -23.4234134335    
  -23.3112536714      -23.1986317752      -23.0855198761      -22.9718954038    
  -22.8577410263      -22.7430443957      -22.6277977500      -22.5119974225    
  -22.3956433084      -22.2787383292      -22.1612879278      -22.0432996168    
  -21.9247825918      -21.8057474173      -21.6862057803      -21.5661703083    
  -21.4456544406      -21.3246723429      -21.2032388544      -21.0813694566    
  -20.9590802550      -20.8363879657      -20.7133099014      -20.5898639525    
  -20.4660685601      -20.3419426797      -20.2175057347      -20.0927775611    
  -19.9677783422      -19.8425285374      -19.7170488033      -19.5913599116    
  -19.4654826630      -19.3394377996      -19.2132459171      -19.0869273769    
  -18.9605022205      -18.8339900857      -18.7074101255      -18.5807809313    
  -18.4541204592      -18.3274459614      -18.2007739214      -18.0741199957    
  -17.9474989591      -17.8209246577      -17.6944099666      -17.5679667550    
  -17.4416058583      -17.3153370573      -17.1891690666      -17.0631095309    
  -16.9371650314      -16.8113411021      -16.6856422573      -16.5600720309    
  -16.4346330286      -16.3093269927      -16.1841548821      -16.0591169660    
  -15.9342129337      -15.8094420193      -15.6848031420      -15.5602950621    
  -15.4359165505      -15.3116665713      -15.1875444753      -15.0635502004    
  -14.9396844759      -14.8159490248      -14.6923467576      -14.5688819487    
  -14.4455603870      -14.3223894881      -14.1993783560      -14.0765377751    
  -13.9538801263      -13.8314191991      -13.7091698762      -13.5871476957    
  -13.4653682468      -13.3438463846      -13.2225952611      -13.1016251428    
  -12.9809420151      -12.8605459676      -12.7404293707      -12.6205748649    
  -12.5009532119      -12.3815210861      -12.2622189353      -12.1429691054    
  -12.0236745153      -11.9042182860      -11.7844648678      -11.6642633666    
  -11.5434539080      -11.4218779583      -11.2993934633      -11.1758953732    
  -11.0513414846      -10.9257824756      -10.7993935304      -10.6725032159    
  -10.5456136228      -10.4194047655      -10.2947164247      -10.1725024710    
  -10.0537563325      -9.93941140492      -9.83022627582      -9.72667083343    
  -9.62883436897      -9.53637851505      -9.44855350445      -9.36428395474    
  -9.28231192647      -9.20136691057      -9.12032341146      -9.03831213330    
  -8.95476800459      -8.86941871156      -8.78223204175      -8.69334501581    
  -8.60299405464      -8.51145776082      -8.41901642065      -8.32592722903    
  -8.23241180815      -8.13865212764      -8.04479152121      -7.95093842127    
  -7.85717129626      -7.76354391846      -7.67009050222      -7.57683048475    
  -7.48377283785      -7.39091985246      -7.29827036409      -7.20582240497    
  -7.11357528757      -7.02153114301      -6.92969595703      -6.83808016145    
  -6.74669884989      -6.65557169114      -6.56472261288      -6.47417932359    
  -6.38397273217      -6.29413631515      -6.20470547087      -6.11571689037    
  -6.02720796561      -5.93921624863      -5.85177896873      -5.76493261059    
  -5.67871255282      -5.59315276418      -5.50828555342      -5.42414136787    
  -5.34074863594      -5.25813364856      -5.17632047514      -5.09533090987    
  -5.01518444510      -4.93589826868      -4.85748728295      -4.77996414346    
  -4.70333931606      -4.62762115123      -4.55281597505      -4.47892819636    
  -4.40596042991      -4.33391363589      -4.26278727390      -4.19257947719    
  -4.12328723667      -4.05490660303      -3.98743291310      -3.92086101563    
  -3.85518551826      -3.79040104864      -3.72650251764      -3.66348539146    
  -3.60134596281      -3.54008161735      -3.47969108866      -3.42017469430    
  -3.36153454478      -3.30377471662      -3.24690138008      -3.19092287260    
  -3.13584970911      -3.08169452148      -3.02847192093      -2.97619827927    
  -2.92489142740      -2.87457027273      -2.82525434025      -2.77696324566    
  -2.72971611248      -2.68353094784      -2.63842399477      -2.59440908013    
  -2.55149697870      -2.50969481324      -2.46900550904      -2.42942731870    
  -2.39095342823      -2.35357165075      -2.31726420708      -2.28200758575    
  -2.24777246709      -2.21452368930      -2.18222022806      -2.15081515724    
  -2.12025555777      -2.09048234618      -2.06143000530      -2.03302622051    
  -2.00519145619      -1.97783855316      -1.95087248726      -1.92419050444    
  -1.89768293174      -1.87123505004      -1.84473048572      -1.81805661006    
  -1.79111239380      -1.76381900706      -1.73613314021      -1.70806251405    
  -1.67968234187      -1.65115064405      -1.62271941981      -1.59473797513    
  -1.56764452764      -1.54194296577      -1.51816368773      -1.49681085755    
  -1.47830268702      -1.46291523021      -1.45074188434      -1.44167881179    
  -1.43544066091      -1.43160303944      -1.42966128732      -1.42909197131    
  -1.42940503433      -1.43017932691      -1.43107986319      -1.43185948222    
  -1.43234975451      -1.43244617307      -1.43209168166      -1.43126120279    
  -1.42994855742      -1.42815624076      -1.42588796003      -1.42314357095    
  -1.41991597339      -1.41618955438      -1.41193983952      -1.40713409264    
  -1.40173266981      -1.39569097788      -1.38896190867      -1.38149862004    
  -1.37325752085      -1.36420129553      -1.35430178499      -1.34354253195    
  -1.33192080873      -1.31944897555      -1.30615506838      -1.29208258002    
  -1.27728946875      -1.26184649340      -1.24583502492      -1.22934451368    
  -1.21246979956      -1.19530843817      -1.17795818791      -1.16051476397    
  -1.14306993061      -1.12570994692      -1.10851440135      -1.09155534477    
  -1.07489676123      -1.05859429433      -1.04269513698      -1.02723812407    
  -1.01225392942     -0.997765345128     -0.983787617840     -0.970328819685    
 -0.957390236917     -0.944966766696     -0.933047315667     -0.921615197995    
 -0.910648533241     -0.900120646572     -0.890000475263     -0.880252986267    
 -0.870839609988     -0.861718695070     -0.852845988347     -0.844175142882    
 -0.835658255385     -0.827246432337     -0.818890381909     -0.810541026338    
 -0.802150127042     -0.793670912492     -0.785058696916     -0.776271476516    
 -0.767270489029     -0.758020722472     -0.748491359619     -0.738656146319    
 -0.728493674029     -0.717987569742     -0.707126589757     -0.695904617117    
 -0.684320565917     -0.672378198775     -0.660085866448     -0.647456180626    
 -0.634505632416     -0.621254169765     -0.607724747189     -0.593942860723    
 -0.579936080043     -0.565733588416     -0.551365739584     -0.536863638999    
 -0.522258755140     -0.507582564993     -0.492866236261     -0.478140347531    
 -0.463434646463     -0.448777845133     -0.434197450903     -0.419719630640    
 -0.405369105731     -0.391169075090     -0.377141163252     -0.363305390633    
 -0.349680163110     -0.336282278201     -0.323126945301     -0.310227817616    
 -0.297597033680     -0.285245266508     -0.273181778727     -0.261414482159    
 -0.249950000596     -0.238793734646     -0.227949927723     -0.217421732388    
 -0.207211276401     -0.197319727968     -0.187747359731     -0.178493611205    
 -0.169557149386     -0.160935927355     -0.152627240741     -0.144627781966    
 -0.136933692217     -0.129540611131     -0.122443724203     -0.115637807947    
 -0.109117272835     -0.102876204089     -0.969084003681E-01 -0.912074104173E-01
 -0.857665677511E-01 -0.805790234361E-01 -0.756377770352E-01 -0.709357057927E-01
 -0.664655921108E-01 -0.622201493917E-01 -0.581920462989E-01 -0.543739294989E-01
 -0.507584449369E-01 -0.473382576980E-01 -0.441060705054E-01 -0.410546409036E-01
 -0.381767971697E-01 -0.354654529985E-01 -0.329136210021E-01 -0.305144250688E-01
 -0.282611116148E-01 -0.261470597708E-01 -0.241657905460E-01 -0.223109749967E-01
 -0.205764414497E-01 -0.189561818111E-01 -0.174443570011E-01 -0.160353015325E-01
 -0.147235274329E-01 -0.135037268740E-01 -0.123707752126E-01 -0.113197348151E-01
 -0.103458344575E-01 -0.993187231229E-02 -0.100568136987E-01 -0.101833111967E-01
 -0.103114036758E-01 -0.104411062003E-01 -0.105724401788E-01 -0.107054260117E-01
 -0.108400845154E-01 -0.109764367536E-01 -0.111145040445E-01 -0.112543079700E-01
 -0.113958703834E-01 -0.115392134146E-01 -0.116843594659E-01 -0.118313312219E-01
 -0.119801516473E-01 -0.121308439989E-01 -0.122834318238E-01 -0.124379389643E-01
 -0.125943895629E-01 -0.127528080682E-01 -0.129132192316E-01 -0.130756481183E-01
 -0.132401201084E-01 -0.134066608997E-01 -0.135752965178E-01 -0.137460533107E-01
 -0.139189579590E-01 -0.140940374807E-01 -0.142713192307E-01 -0.144508309113E-01
 -0.146326005701E-01 -0.148166566107E-01 -0.150030277907E-01 -0.151917432315E-01
 -0.153828324204E-01 -0.155763252153E-01 -0.157722518502E-01 -0.159706429395E-01
 -0.161715294807E-01 -0.163749428634E-01 -0.165809148720E-01 -0.167894776897E-01
 -0.170006639040E-01 -0.172145065141E-01 -0.174310389330E-01 -0.176502949944E-01
 -0.178723089576E-01 -0.180971155127E-01 -0.183247497858E-01 -0.185552473469E-01
 -0.187886442097E-01 -0.190249768424E-01 -0.192642821750E-01 -0.195065975982E-01
 -0.197519609737E-01 -0.200004106407E-01 -0.202519854196E-01 -0.205067246193E-01
 -0.207646680443E-01 -0.210258559986E-01 -0.212903292933E-01 -0.215581292509E-01
 -0.218292977183E-01 -0.221038770652E-01 -0.223819101948E-01 -0.226634405506E-01
 -0.229485121218E-01 -0.232371694521E-01 -0.235294576460E-01 -0.238254223718E-01
 -0.241251098748E-01 -0.244285669825E-01 -0.247358411117E-01 -0.250469802745E-01
 -0.253620330840E-01 -0.256810487726E-01 -0.260040771818E-01 -0.263311687904E-01
 -0.266623747038E-01 -0.269977466745E-01 -0.273373371074E-01 -0.276811990596E-01
 -0.280293862638E-01 -0.283819531242E-01 -0.287389547288E-01 -0.291004468598E-01
 -0.294664860044E-01 -0.298371293529E-01 -0.302124348222E-01 -0.305924610540E-01
 -0.309772674243E-01 -0.313669140658E-01 -0.317614618556E-01 -0.321609724478E-01
 -0.325655082646E-01 -0.329751325154E-01 -0.333899092049E-01 -0.338099031423E-01
 -0.342351799537E-01 -0.346658060900E-01 -0.351018488356E-01 -0.355433763212E-01
 -0.359904575422E-01 -0.364431623511E-01 -0.369015614844E-01 -0.373657265725E-01
 -0.378357301359E-01 -0.383116456156E-01 -0.387935473764E-01 -0.392815107161E-01
 -0.397756118778E-01 -0.402759280690E-01 -0.407825374615E-01 -0.412955192154E-01
 -0.418149534854E-01 -0.423409214330E-01
Up potential follows (l on next line)
 0
  -37.9677993761      -38.0791480162      -37.9230473509      -38.0276782302    
  -37.9912685492      -38.0020832097      -37.9918081749      -37.9969401520    
  -37.9947915020      -37.9945861694      -37.9940972193      -37.9936644099    
  -37.9932319465      -37.9928300175      -37.9924453943      -37.9920851246    
  -37.9917478648      -37.9914353840      -37.9911484591      -37.9908881629    
  -37.9906554811      -37.9904514090      -37.9902769130      -37.9901329315    
  -37.9900203635      -37.9899400605      -37.9898928172      -37.9898793625    
  -37.9899003497      -37.9899563476      -37.9900478308      -37.9901751712    
  -37.9903386286      -37.9905383430      -37.9907743267      -37.9910464576    
  -37.9913544728      -37.9916979640      -37.9920763736      -37.9924889920    
  -37.9929349563      -37.9934132510      -37.9939227090      -37.9944620155    
  -37.9950297124      -37.9956242050      -37.9962437692      -37.9968865612    
  -37.9975506279      -37.9982339182      -37.9989342959      -37.9996495530    
  -38.0003774240      -38.0011156003      -38.0018617450      -38.0026135076    
  -38.0033685392      -38.0041245062      -38.0048791044      -38.0056300718    
  -38.0063752016      -38.0071123524      -38.0078394592      -38.0085545421    
  -38.0092557143      -38.0099411884      -38.0106092824      -38.0112584231    
  -38.0118871493      -38.0124941140      -38.0130780845      -38.0136379424    
  -38.0141726824      -38.0146814101      -38.0151633390      -38.0156177877    
  -38.0160441752      -38.0164420167      -38.0168109187      -38.0171505739    
  -38.0174607561      -38.0177413144      -38.0179921677      -38.0182132995    
  -38.0184047521      -38.0185666217      -38.0186990524      -38.0188022321    
  -38.0188763869      -38.0189217767      -38.0189386908      -38.0189274441    
  -38.0188883725      -38.0188218297      -38.0187281839      -38.0186078142    
  -38.0184611081      -38.0182884588      -38.0180902626      -38.0178669169    
  -38.0176188180      -38.0173463596      -38.0170499308      -38.0167299151    
  -38.0163866890      -38.0160206208      -38.0156320696      -38.0152213849    
  -38.0147889053      -38.0143349584      -38.0138598601      -38.0133639141    
  -38.0128474120      -38.0123106326      -38.0117538418      -38.0111772929    
  -38.0105812261      -38.0099658686      -38.0093314348      -38.0086781261    
  -38.0080061314      -38.0073156268      -38.0066067760      -38.0058797304    
  -38.0051346293      -38.0043716001      -38.0035907586      -38.0027922091    
  -38.0019760445      -38.0011423471      -38.0002911881      -37.9994226283    
  -37.9985367183      -37.9976334985      -37.9967129996      -37.9957752428    
  -37.9948202398      -37.9938479932      -37.9928584968      -37.9918517357    
  -37.9908276865      -37.9897863175      -37.9887275890      -37.9876514532    
  -37.9865578549      -37.9854467313      -37.9843180120      -37.9831716198    
  -37.9820074701      -37.9808254718      -37.9796255266      -37.9784075301    
  -37.9771713712      -37.9759169323      -37.9746440898      -37.9733527141    
  -37.9720426692      -37.9707138136      -37.9693659998      -37.9679990747    
  -37.9666128794      -37.9652072497      -37.9637820157      -37.9623370021    
  -37.9608720285      -37.9593869091      -37.9578814528      -37.9563554633    
  -37.9548087394      -37.9532410747      -37.9516522577      -37.9500420719    
  -37.9484102959      -37.9467567035      -37.9450810632      -37.9433831389    
  -37.9416626895      -37.9399194691      -37.9381532269      -37.9363637073    
  -37.9345506498      -37.9327137891      -37.9308528550      -37.9289675726    
  -37.9270576620      -37.9251228385      -37.9231628126      -37.9211772898    
  -37.9191659708      -37.9171285514      -37.9150647224      -37.9129741697    
  -37.9108565743      -37.9087116120      -37.9065389538      -37.9043382655    
  -37.9021092079      -37.8998514366      -37.8975646021      -37.8952483497    
  -37.8929023195      -37.8905261462      -37.8881194594      -37.8856818833    
  -37.8832130365      -37.8807125323      -37.8781799787      -37.8756149777    
  -37.8730171262      -37.8703860151      -37.8677212299      -37.8650223499    
  -37.8622889491      -37.8595205954      -37.8567168506      -37.8538772709    
  -37.8510014061      -37.8480888000      -37.8451389903      -37.8421515085    
  -37.8391258794      -37.8360616220      -37.8329582484      -37.8298152643    
  -37.8266321689      -37.8234084547      -37.8201436073      -37.8168371056    
  -37.8134884217      -37.8100970206      -37.8066623601      -37.8031838912    
  -37.7996610575      -37.7960932952      -37.7924800332      -37.7888206930    
  -37.7851146884      -37.7813614256      -37.7775603031      -37.7737107115    
  -37.7698120335      -37.7658636438      -37.7618649090      -37.7578151874    
  -37.7537138291      -37.7495601757      -37.7453535603      -37.7410933075    
  -37.7367787331      -37.7324091442      -37.7279838387      -37.7235021059    
  -37.7189632256      -37.7143664685      -37.7097110961      -37.7049963603    
  -37.7002215033      -37.6953857580      -37.6904883472      -37.6855284839    
  -37.6805053710      -37.6754182014      -37.6702661577      -37.6650484122    
  -37.6597641264      -37.6544124516      -37.6489925280      -37.6435034853    
  -37.6379444420      -37.6323145054      -37.6266127719      -37.6208383262    
  -37.6149902416      -37.6090675801      -37.6030693914      -37.5969947138    
  -37.5908425734      -37.5846119841      -37.5783019477      -37.5719114535    
  -37.5654394782      -37.5588849858      -37.5522469278      -37.5455242423    
  -37.5387158548      -37.5318206770      -37.5248376078      -37.5177655322    
  -37.5106033219      -37.5033498344      -37.4960039137      -37.4885643894    
  -37.4810300772      -37.4733997782      -37.4656722791      -37.4578463521    
  -37.4499207544      -37.4418942284      -37.4337655016      -37.4255332860    
  -37.4171962785      -37.4087531605      -37.4002025976      -37.3915432398    
  -37.3827737212      -37.3738926598      -37.3648986574      -37.3557902995    
  -37.3465661553      -37.3372247771      -37.3277647008      -37.3181844451    
  -37.3084825120      -37.2986573861      -37.2887075350      -37.2786314088    
  -37.2684274398      -37.2580940432      -37.2476296159      -37.2370325372    
  -37.2263011684      -37.2154338523      -37.2044289140      -37.1932846596    
  -37.1819993774      -37.1705713364      -37.1589987875      -37.1472799623    
  -37.1354130740      -37.1233963163      -37.1112278640      -37.0989058730    
  -37.0864284794      -37.0737938003      -37.0609999333      -37.0480449563    
  -37.0349269279      -37.0216438869      -37.0081938523      -36.9945748236    
  -36.9807847801      -36.9668216817      -36.9526834680      -36.9383680587    
  -36.9238733539      -36.9091972333      -36.8943375567      -36.8792921641    
  -36.8640588751      -36.8486354896      -36.8330197874      -36.8172095282    
  -36.8012024520      -36.7849962785      -36.7685887078      -36.7519774202    
  -36.7351600759      -36.7181343157      -36.7008977606      -36.6834480121    
  -36.6657826522      -36.6478992436      -36.6297953296      -36.6114684347    
  -36.5929160640      -36.5741357040      -36.5551248225      -36.5358808685    
  -36.5164012731      -36.4966834487      -36.4767247901      -36.4565226741    
  -36.4360744601      -36.4153774901      -36.3944290888      -36.3732265645    
  -36.3517672084      -36.3300482959      -36.3080670860      -36.2858208222    
  -36.2633067324      -36.2405220297      -36.2174639122      -36.1941295637    
  -36.1705161540      -36.1466208392      -36.1224407620      -36.0979730524    
  -36.0732148277      -36.0481631935      -36.0228152433      -35.9971680597    
  -35.9712187145      -35.9449642693      -35.9184017757      -35.8915282762    
  -35.8643408043      -35.8368363852      -35.8090120365      -35.7808647683    
  -35.7523915839      -35.7235894806      -35.6944554500      -35.6649864783    
  -35.6351795476      -35.6050316355      -35.5745397167      -35.5437007626    
  -35.5125117427      -35.4809696245      -35.4490713747      -35.4168139591    
  -35.3841943440      -35.3512094961      -35.3178563834      -35.2841319756    
  -35.2500332450      -35.2155571667      -35.1807007194      -35.1454608858    
  -35.1098346535      -35.0738190149      -35.0374109684      -35.0006075186    
  -34.9634056766      -34.9258024612      -34.8877948984      -34.8493800227    
  -34.8105548770      -34.7713165135      -34.7316619936      -34.6915883887    
  -34.6510927800      -34.6101722598      -34.5688239306      -34.5270449064    
  -34.4848323123      -34.4421832850      -34.3990949731      -34.3555645369    
  -34.3115891488      -34.2671659933      -34.2222922671      -34.1769651790    
  -34.1311819502      -34.0849398138      -34.0382360150      -33.9910678112    
  -33.9434324713      -33.8953272759      -33.8467495171      -33.7976964979    
  -33.7481655324      -33.6981539452      -33.6476590709      -33.5966782541    
  -33.5452088490      -33.4932482185      -33.4407937344      -33.3878427764    
  -33.3343927322      -33.2804409965      -33.2259849709      -33.1710220633    
  -33.1155496876      -33.0595652629      -33.0030662137      -32.9460499687    
  -32.8885139614      -32.8304556288      -32.7718724120      -32.7127617555    
  -32.6531211073      -32.5929479186      -32.5322396440      -32.4709937417    
  -32.4092076735      -32.3468789052      -32.2840049070      -32.2205831542    
  -32.1566111277      -32.0920863148      -32.0270062102      -31.9613683173    
  -31.8951701487      -31.8284092284      -31.7610830927      -31.6931892919    
  -31.6247253919      -31.5556889763      -31.4860776476      -31.4158890297    
  -31.3451207695      -31.2737705384      -31.2018360348      -31.1293149849    
  -31.0562051449      -30.9825043016      -30.9082102734      -30.8333209110    
  -30.7578340970      -30.6817477451      -30.6050597992      -30.5277682306    
  -30.4498710348      -30.3713662276      -30.2922518391      -30.2125259069    
  -30.1321864680      -30.0512315484      -29.9696591518      -29.8874672462    
  -29.8046537485      -29.7212165079      -29.6371532871      -29.5524617421    
  -29.4671394004      -29.3811836389      -29.2945916603      -29.2073604701    
  -29.1194868542      -29.0309673586      -28.9417982715      -28.8519756103    
  -28.7614951148      -28.6703522481      -28.5785422084      -28.4860599535    
  -28.3929002414      -28.2990576896      -28.2045268561      -28.1093023466    
  -28.0133789486      -27.9167517979      -27.8194165777      -27.7213697502    
  -27.6226088277      -27.5231326744      -27.4229418303      -27.3220388731    
  -27.2204287879      -27.1181193390      -27.0151214381      -26.9114494828    
  -26.8071216508      -26.7021601288      -26.5965912536      -26.4904455451    
  -26.3837576130      -26.2765659209      -26.1689123983      -26.0608418960    
  -25.9524014882      -25.8436396325      -25.7346052080      -25.6253464549    
  -25.5159098512      -25.4063389603      -25.2966732917      -25.1869472159    
  -25.0771889730      -24.9674198184      -24.8576533419      -24.7478949956    
  -24.6381418622      -24.5283826869      -24.4185981908      -24.3087616667    
  -24.1988398497      -24.0887940336      -23.9785813874      -23.8681564096    
  -23.7574724452      -23.6464831828      -23.5351440497      -23.4234134335    
  -23.3112536714      -23.1986317752      -23.0855198761      -22.9718954038    
  -22.8577410263      -22.7430443957      -22.6277977500      -22.5119974225    
  -22.3956433084      -22.2787383292      -22.1612879278      -22.0432996168    
  -21.9247825918      -21.8057474173      -21.6862057803      -21.5661703083    
  -21.4456544406      -21.3246723429      -21.2032388544      -21.0813694566    
  -20.9590802550      -20.8363879657      -20.7133099014      -20.5898639525    
  -20.4660685601      -20.3419426797      -20.2175057347      -20.0927775611    
  -19.9677783422      -19.8425285374      -19.7170488033      -19.5913599116    
  -19.4654826630      -19.3394377996      -19.2132459171      -19.0869273769    
  -18.9605022205      -18.8339900857      -18.7074101255      -18.5807809313    
  -18.4541204592      -18.3274459614      -18.2007739214      -18.0741199957    
  -17.9474989591      -17.8209246577      -17.6944099666      -17.5679667550    
  -17.4416058583      -17.3153370573      -17.1891690666      -17.0631095309    
  -16.9371650314      -16.8113411021      -16.6856422573      -16.5600720309    
  -16.4346330286      -16.3093269927      -16.1841548821      -16.0591169660    
  -15.9342129337      -15.8094420193      -15.6848031420      -15.5602950621    
  -15.4359165505      -15.3116665713      -15.1875444753      -15.0635502004    
  -14.9396844759      -14.8159490248      -14.6923467576      -14.5688819487    
  -14.4455603870      -14.3223894881      -14.1993783560      -14.0765377751    
  -13.9538801263      -13.8314191991      -13.7091698762      -13.5871476957    
  -13.4653682468      -13.3438463846      -13.2225952611      -13.1016251428    
  -12.9809420151      -12.8605459676      -12.7404293707      -12.6205748649    
  -12.5009532119      -12.3815210861      -12.2622189353      -12.1429691054    
  -12.0236745153      -11.9042182860      -11.7844648678      -11.6642633666    
  -11.5434539080      -11.4218779583      -11.2993934633      -11.1758953732    
  -11.0513414846      -10.9257824756      -10.7993935304      -10.6725032159    
  -10.5456136228      -10.4194047655      -10.2947164247      -10.1725024710    
  -10.0537563325      -9.93941140492      -9.83022627582      -9.72667083343    
  -9.62883436897      -9.53637851505      -9.44855350445      -9.36428395474    
  -9.28231192647      -9.20136691057      -9.12032341146      -9.03831213330    
  -8.95476800459      -8.86941871156      -8.78223204175      -8.69334501581    
  -8.60299405464      -8.51145776082      -8.41901642065      -8.32592722903    
  -8.23241180815      -8.13865212764      -8.04479152121      -7.95093842127    
  -7.85717129626      -7.76354391846      -7.67009050222      -7.57683048475    
  -7.48377283785      -7.39091985246      -7.29827036409      -7.20582240497    
  -7.11357528757      -7.02153114301      -6.92969595703      -6.83808016145    
  -6.74669884989      -6.65557169114      -6.56472261288      -6.47417932359    
  -6.38397273217      -6.29413631515      -6.20470547087      -6.11571689037    
  -6.02720796561      -5.93921624863      -5.85177896873      -5.76493261059    
  -5.67871255282      -5.59315276418      -5.50828555342      -5.42414136787    
  -5.34074863594      -5.25813364856      -5.17632047514      -5.09533090987    
  -5.01518444510      -4.93589826868      -4.85748728295      -4.77996414346    
  -4.70333931606      -4.62762115123      -4.55281597505      -4.47892819636    
  -4.40596042991      -4.33391363589      -4.26278727390      -4.19257947719    
  -4.12328723667      -4.05490660303      -3.98743291310      -3.92086101563    
  -3.85518551826      -3.79040104864      -3.72650251764      -3.66348539146    
  -3.60134596281      -3.54008161735      -3.47969108866      -3.42017469430    
  -3.36153454478      -3.30377471662      -3.24690138008      -3.19092287260    
  -3.13584970911      -3.08169452148      -3.02847192093      -2.97619827927    
  -2.92489142740      -2.87457027273      -2.82525434025      -2.77696324566    
  -2.72971611248      -2.68353094784      -2.63842399477      -2.59440908013    
  -2.55149697870      -2.50969481324      -2.46900550904      -2.42942731870    
  -2.39095342823      -2.35357165075      -2.31726420708      -2.28200758575    
  -2.24777246709      -2.21452368930      -2.18222022806      -2.15081515724    
  -2.12025555777      -2.09048234618      -2.06143000530      -2.03302622051    
  -2.00519145619      -1.97783855316      -1.95087248726      -1.92419050444    
  -1.89768293174      -1.87123505004      -1.84473048572      -1.81805661006    
  -1.79111239380      -1.76381900706      -1.73613314021      -1.70806251405    
  -1.67968234187      -1.65115064405      -1.62271941981      -1.59473797513    
  -1.56764452764      -1.54194296577      -1.51816368773      -1.49681085755    
  -1.47830268702      -1.46291523021      -1.45074188434      -1.44167881179    
  -1.43544066091      -1.43160303944      -1.42966128732      -1.42909197131    
  -1.42940503433      -1.43017932691      -1.43107986319      -1.43185948222    
  -1.43234975451      -1.43244617307      -1.43209168166      -1.43126120279    
  -1.42994855742      -1.42815624076      -1.42588796003      -1.42314357095    
  -1.41991597339      -1.41618955438      -1.41193983952      -1.40713409264    
  -1.40173266981      -1.39569097788      -1.38896190867      -1.38149862004    
  -1.37325752085      -1.36420129553      -1.35430178499      -1.34354253195    
  -1.33192080873      -1.31944897555      -1.30615506838      -1.29208258002    
  -1.27728946875      -1.26184649340      -1.24583502492      -1.22934451368    
  -1.21246979956      -1.19530843817      -1.17795818791      -1.16051476397    
  -1.14306993061      -1.12570994692      -1.10851440135      -1.09155534477    
  -1.07489676123      -1.05859429433      -1.04269513698      -1.02723812407    
  -1.01225392942     -0.997765345128     -0.983787617840     -0.970328819685    
 -0.957390236917     -0.944966766696     -0.933047315667     -0.921615197995    
 -0.910648533241     -0.900120646572     -0.890000475263     -0.880252986267    
 -0.870839609988     -0.861718695070     -0.852845988347     -0.844175142882    
 -0.835658255385     -0.827246432337     -0.818890381909     -0.810541026338    
 -0.802150127042     -0.793670912492     -0.785058696916     -0.776271476516    
 -0.767270489029     -0.758020722472     -0.748491359619     -0.738656146319    
 -0.728493674029     -0.717987569742     -0.707126589757     -0.695904617117    
 -0.684320565917     -0.672378198775     -0.660085866448     -0.647456180626    
 -0.634505632416     -0.621254169765     -0.607724747189     -0.593942860723    
 -0.579936080043     -0.565733588416     -0.551365739584     -0.536863638999    
 -0.522258755140     -0.507582564993     -0.492866236261     -0.478140347531    
 -0.463434646463     -0.448777845133     -0.434197450903     -0.419719630640    
 -0.405369105731     -0.391169075090     -0.377141163252     -0.363305390633    
 -0.349680163110     -0.336282278201     -0.323126945301     -0.310227817616    
 -0.297597033680     -0.285245266508     -0.273181778727     -0.261414482159    
 -0.249950000596     -0.238793734646     -0.227949927723     -0.217421732388    
 -0.207211276401     -0.197319727968     -0.187747359731     -0.178493611205    
 -0.169557149386     -0.160935927355     -0.152627240741     -0.144627781966    
 -0.136933692217     -0.129540611131     -0.122443724203     -0.115637807947    
 -0.109117272835     -0.102876204089     -0.969084003681E-01 -0.912074104173E-01
 -0.857665677511E-01 -0.805790234361E-01 -0.756377770352E-01 -0.709357057927E-01
 -0.664655921108E-01 -0.622201493917E-01 -0.581920462989E-01 -0.543739294989E-01
 -0.507584449369E-01 -0.473382576980E-01 -0.441060705054E-01 -0.410546409036E-01
 -0.381767971697E-01 -0.354654529985E-01 -0.329136210021E-01 -0.305144250688E-01
 -0.282611116148E-01 -0.261470597708E-01 -0.241657905460E-01 -0.223109749967E-01
 -0.205764414497E-01 -0.189561818111E-01 -0.174443570011E-01 -0.160353015325E-01
 -0.147235274329E-01 -0.135037268740E-01 -0.123707752126E-01 -0.113197348151E-01
 -0.103458344575E-01 -0.993187231229E-02 -0.100568136987E-01 -0.101833111967E-01
 -0.103114036758E-01 -0.104411062003E-01 -0.105724401788E-01 -0.107054260117E-01
 -0.108400845154E-01 -0.109764367536E-01 -0.111145040445E-01 -0.112543079700E-01
 -0.113958703834E-01 -0.115392134146E-01 -0.116843594659E-01 -0.118313312219E-01
 -0.119801516473E-01 -0.121308439989E-01 -0.122834318238E-01 -0.124379389643E-01
 -0.125943895629E-01 -0.127528080682E-01 -0.129132192316E-01 -0.130756481183E-01
 -0.132401201084E-01 -0.134066608997E-01 -0.135752965178E-01 -0.137460533107E-01
 -0.139189579590E-01 -0.140940374807E-01 -0.142713192307E-01 -0.144508309113E-01
 -0.146326005701E-01 -0.148166566107E-01 -0.150030277907E-01 -0.151917432315E-01
 -0.153828324204E-01 -0.155763252153E-01 -0.157722518502E-01 -0.159706429395E-01
 -0.161715294807E-01 -0.163749428634E-01 -0.165809148720E-01 -0.167894776897E-01
 -0.170006639040E-01 -0.172145065141E-01 -0.174310389330E-01 -0.176502949944E-01
 -0.178723089576E-01 -0.180971155127E-01 -0.183247497858E-01 -0.185552473469E-01
 -0.187886442097E-01 -0.190249768424E-01 -0.192642821750E-01 -0.195065975982E-01
 -0.197519609737E-01 -0.200004106407E-01 -0.202519854196E-01 -0.205067246193E-01
 -0.207646680443E-01 -0.210258559986E-01 -0.212903292933E-01 -0.215581292509E-01
 -0.218292977183E-01 -0.221038770652E-01 -0.223819101948E-01 -0.226634405506E-01
 -0.229485121218E-01 -0.232371694521E-01 -0.235294576460E-01 -0.238254223718E-01
 -0.241251098748E-01 -0.244285669825E-01 -0.247358411117E-01 -0.250469802745E-01
 -0.253620330840E-01 -0.256810487726E-01 -0.260040771818E-01 -0.263311687904E-01
 -0.266623747038E-01 -0.269977466745E-01 -0.273373371074E-01 -0.276811990596E-01
 -0.280293862638E-01 -0.283819531242E-01 -0.287389547288E-01 -0.291004468598E-01
 -0.294664860044E-01 -0.298371293529E-01 -0.302124348222E-01 -0.305924610540E-01
 -0.309772674243E-01 -0.313669140658E-01 -0.317614618556E-01 -0.321609724478E-01
 -0.325655082646E-01 -0.329751325154E-01 -0.333899092049E-01 -0.338099031423E-01
 -0.342351799537E-01 -0.346658060900E-01 -0.351018488356E-01 -0.355433763212E-01
 -0.359904575422E-01 -0.364431623511E-01 -0.369015614844E-01 -0.373657265725E-01
 -0.378357301359E-01 -0.383116456156E-01 -0.387935473764E-01 -0.392815107161E-01
 -0.397756118778E-01 -0.402759280690E-01 -0.407825374615E-01 -0.412955192154E-01
 -0.418149534854E-01 -0.423409214330E-01
