 Raios
  0.100576981082E-05  0.202419064847E-05  0.305542164327E-05  0.409962392717E-05
  0.515696065889E-05  0.622759704945E-05  0.731170038798E-05  0.840944006781E-05
  0.952098761300E-05  0.106465167051E-04  0.117862032104E-04  0.129402252072E-04
  0.141087630137E-04  0.152919992164E-04  0.164901186983E-04  0.177033086680E-04
  0.189317586891E-04  0.201756607091E-04  0.214352090905E-04  0.227106006401E-04
  0.240020346405E-04  0.253097128810E-04  0.266338396888E-04  0.279746219614E-04
  0.293322691990E-04  0.307069935365E-04  0.320990097775E-04  0.335085354273E-04
  0.349357907272E-04  0.363809986887E-04  0.378443851285E-04  0.393261787038E-04
  0.408266109477E-04  0.423459163059E-04  0.438843321729E-04  0.454420989293E-04
  0.470194599795E-04  0.486166617891E-04  0.502339539243E-04  0.518715890902E-04
  0.535298231708E-04  0.552089152683E-04  0.569091277445E-04  0.586307262608E-04
  0.603739798207E-04  0.621391608110E-04  0.639265450449E-04  0.657364118047E-04
  0.675690438859E-04  0.694247276409E-04  0.713037530240E-04  0.732064136369E-04
  0.751330067742E-04  0.770838334698E-04  0.790591985445E-04  0.810594106530E-04
  0.830847823327E-04  0.851356300518E-04  0.872122742596E-04  0.893150394360E-04
  0.914442541422E-04  0.936002510724E-04  0.957833671055E-04  0.979939433579E-04
  0.100232325237E-03  0.102498862493E-03  0.104793909279E-03  0.107117824199E-03
  0.109470970371E-03  0.111853715478E-03  0.114266431828E-03  0.116709496414E-03
  0.119183290970E-03  0.121688202031E-03  0.124224620994E-03  0.126792944180E-03
  0.129393572895E-03  0.132026913492E-03  0.134693377437E-03  0.137393381368E-03
  0.140127347169E-03  0.142895702025E-03  0.145698878500E-03  0.148537314593E-03
  0.151411453817E-03  0.154321745263E-03  0.157268643668E-03  0.160252609492E-03
  0.163274108986E-03  0.166333614264E-03  0.169431603382E-03  0.172568560405E-03
  0.175744975490E-03  0.178961344959E-03  0.182218171375E-03  0.185515963624E-03
  0.188855236994E-03  0.192236513251E-03  0.195660320728E-03  0.199127194402E-03
  0.202637675978E-03  0.206192313976E-03  0.209791663816E-03  0.213436287904E-03
  0.217126755719E-03  0.220863643905E-03  0.224647536358E-03  0.228479024319E-03
  0.232358706465E-03  0.236287189005E-03  0.240265085772E-03  0.244293018322E-03
  0.248371616025E-03  0.252501516172E-03  0.256683364068E-03  0.260917813135E-03
  0.265205525014E-03  0.269547169670E-03  0.273943425492E-03  0.278394979406E-03
  0.282902526974E-03  0.287466772511E-03  0.292088429190E-03  0.296768219153E-03
  0.301506873627E-03  0.306305133037E-03  0.311163747120E-03  0.316083475045E-03
  0.321065085530E-03  0.326109356960E-03  0.331217077515E-03  0.336389045284E-03
  0.341626068400E-03  0.346928965157E-03  0.352298564144E-03  0.357735704372E-03
  0.363241235405E-03  0.368816017493E-03  0.374460921707E-03  0.380176830075E-03
  0.385964635720E-03  0.391825242998E-03  0.397759567640E-03  0.403768536897E-03
  0.409853089683E-03  0.416014176721E-03  0.422252760694E-03  0.428569816393E-03
  0.434966330871E-03  0.441443303597E-03  0.448001746610E-03  0.454642684680E-03
  0.461367155469E-03  0.468176209687E-03  0.475070911264E-03  0.482052337511E-03
  0.489121579289E-03  0.496279741182E-03  0.503527941668E-03  0.510867313293E-03
  0.518299002847E-03  0.525824171549E-03  0.533443995221E-03  0.541159664475E-03
  0.548972384901E-03  0.556883377252E-03  0.564893877638E-03  0.573005137714E-03
  0.581218424882E-03  0.589535022485E-03  0.597956230008E-03  0.606483363281E-03
  0.615117754687E-03  0.623860753367E-03  0.632713725432E-03  0.641678054177E-03
  0.650755140297E-03  0.659946402105E-03  0.669253275754E-03  0.678677215463E-03
  0.688219693740E-03  0.697882201618E-03  0.707666248883E-03  0.717573364312E-03
  0.727605095913E-03  0.737763011163E-03  0.748048697258E-03  0.758463761358E-03
  0.769009830836E-03  0.779688553538E-03  0.790501598037E-03  0.801450653891E-03
  0.812537431914E-03  0.823763664437E-03  0.835131105582E-03  0.846641531535E-03
  0.858296740822E-03  0.870098554595E-03  0.882048816910E-03  0.894149395021E-03
  0.906402179667E-03  0.918809085371E-03  0.931372050738E-03  0.944093038755E-03
  0.956974037104E-03  0.970017058466E-03  0.983224140840E-03  0.996597347860E-03
  0.101013876912E-02  0.102385052048E-02  0.103773474445E-02  0.105179361046E-02
  0.106602931523E-02  0.108044408312E-02  0.109504016647E-02  0.110981984595E-02
  0.112478543092E-02  0.113993925976E-02  0.115528370031E-02  0.117082115016E-02
  0.118655403707E-02  0.120248481934E-02  0.121861598618E-02  0.123495005812E-02
  0.125148958739E-02  0.126823715833E-02  0.128519538778E-02  0.130236692550E-02
  0.131975445457E-02  0.133736069183E-02  0.135518838830E-02  0.137324032958E-02
  0.139151933633E-02  0.141002826468E-02  0.142877000669E-02  0.144774749079E-02
  0.146696368226E-02  0.148642158366E-02  0.150612423533E-02  0.152607471585E-02
  0.154627614252E-02  0.156673167185E-02  0.158744450008E-02  0.160841786361E-02
  0.162965503957E-02  0.165115934632E-02  0.167293414396E-02  0.169498283483E-02
  0.171730886409E-02  0.173991572023E-02  0.176280693561E-02  0.178598608704E-02
  0.180945679630E-02  0.183322273073E-02  0.185728760383E-02  0.188165517576E-02
  0.190632925402E-02  0.193131369397E-02  0.195661239949E-02  0.198222932355E-02
  0.200816846885E-02  0.203443388843E-02  0.206102968632E-02  0.208796001816E-02
  0.211522909188E-02  0.214284116832E-02  0.217080056193E-02  0.219911164141E-02
  0.222777883044E-02  0.225680660831E-02  0.228619951068E-02  0.231596213025E-02
  0.234609911748E-02  0.237661518135E-02  0.240751509005E-02  0.243880367176E-02
  0.247048581537E-02  0.250256647129E-02  0.253505065219E-02  0.256794343378E-02
  0.260124995563E-02  0.263497542196E-02  0.266912510242E-02  0.270370433299E-02
  0.273871851673E-02  0.277417312469E-02  0.281007369672E-02  0.284642584235E-02
  0.288323524168E-02  0.292050764626E-02  0.295824887997E-02  0.299646483996E-02
  0.303516149756E-02  0.307434489918E-02  0.311402116733E-02  0.315419650149E-02
  0.319487717914E-02  0.323606955673E-02  0.327778007064E-02  0.332001523823E-02
  0.336278165883E-02  0.340608601478E-02  0.344993507247E-02  0.349433568341E-02
  0.353929478528E-02  0.358481940304E-02  0.363091664999E-02  0.367759372893E-02
  0.372485793325E-02  0.377271664807E-02  0.382117735141E-02  0.387024761537E-02
  0.391993510726E-02  0.397024759086E-02  0.402119292759E-02  0.407277907778E-02
  0.412501410186E-02  0.417790616165E-02  0.423146352166E-02  0.428569455032E-02
  0.434060772135E-02  0.439621161504E-02  0.445251491961E-02  0.450952643258E-02
  0.456725506209E-02  0.462570982837E-02  0.468489986510E-02  0.474483442084E-02
  0.480552286048E-02  0.486697466672E-02  0.492919944152E-02  0.499220690764E-02
  0.505600691012E-02  0.512060941784E-02  0.518602452507E-02  0.525226245306E-02
  0.531933355162E-02  0.538724830074E-02  0.545601731223E-02  0.552565133141E-02
  0.559616123873E-02  0.566755805149E-02  0.573985292561E-02  0.581305715729E-02
  0.588718218486E-02  0.596223959049E-02  0.603824110207E-02  0.611519859497E-02
  0.619312409397E-02  0.627202977508E-02  0.635192796748E-02  0.643283115542E-02
  0.651475198019E-02  0.659770324208E-02  0.668169790240E-02  0.676674908549E-02
  0.685287008076E-02  0.694007434479E-02  0.702837550344E-02  0.711778735393E-02
  0.720832386705E-02  0.729999918931E-02  0.739282764517E-02  0.748682373926E-02
  0.758200215867E-02  0.767837777522E-02  0.777596564778E-02  0.787478102468E-02
  0.797483934600E-02  0.807615624607E-02  0.817874755585E-02  0.828262930546E-02
  0.838781772662E-02  0.849432925523E-02  0.860218053395E-02  0.871138841475E-02
  0.882196996159E-02  0.893394245306E-02  0.904732338508E-02  0.916213047366E-02
  0.927838165764E-02  0.939609510151E-02  0.951528919823E-02  0.963598257211E-02
  0.975819408175E-02  0.988194282295E-02  0.100072481317E-01  0.101341295872E-01
  0.102626070149E-01  0.103927004897E-01  0.105244303390E-01  0.106578171459E-01
  0.107928817522E-01  0.109296452621E-01  0.110681290452E-01  0.112083547398E-01
  0.113503442566E-01  0.114941197816E-01  0.116397037801E-01  0.117871189998E-01
  0.119363884748E-01  0.120875355286E-01  0.122405837783E-01  0.123955571380E-01
  0.125524798226E-01  0.127113763516E-01  0.128722715528E-01  0.130351905666E-01
  0.132001588493E-01  0.133672021775E-01  0.135363466521E-01  0.137076187023E-01
  0.138810450897E-01  0.140566529125E-01  0.142344696098E-01  0.144145229658E-01
  0.145968411142E-01  0.147814525427E-01  0.149683860970E-01  0.151576709859E-01
  0.153493367857E-01  0.155434134445E-01  0.157399312871E-01  0.159389210198E-01
  0.161404137353E-01  0.163444409171E-01  0.165510344450E-01  0.167602265995E-01
  0.169720500674E-01  0.171865379465E-01  0.174037237510E-01  0.176236414167E-01
  0.178463253060E-01  0.180718102139E-01  0.183001313727E-01  0.185313244582E-01
  0.187654255947E-01  0.190024713610E-01  0.192424987959E-01  0.194855454044E-01
  0.197316491628E-01  0.199808485254E-01  0.202331824302E-01  0.204886903047E-01
  0.207474120726E-01  0.210093881598E-01  0.212746595005E-01  0.215432675438E-01
  0.218152542605E-01  0.220906621488E-01  0.223695342420E-01  0.226519141143E-01
  0.229378458881E-01  0.232273742408E-01  0.235205444119E-01  0.238174022098E-01
  0.241179940192E-01  0.244223668080E-01  0.247305681352E-01  0.250426461579E-01
  0.253586496389E-01  0.256786279543E-01  0.260026311014E-01  0.263307097065E-01
  0.266629150324E-01  0.269992989869E-01  0.273399141306E-01  0.276848136854E-01
  0.280340515426E-01  0.283876822712E-01  0.287457611268E-01  0.291083440600E-01
  0.294754877250E-01  0.298472494888E-01  0.302236874399E-01  0.306048603975E-01
  0.309908279208E-01  0.313816503178E-01  0.317773886554E-01  0.321781047685E-01
  0.325838612698E-01  0.329947215596E-01  0.334107498357E-01  0.338320111032E-01
  0.342585711852E-01  0.346904967325E-01  0.351278552344E-01  0.355707150290E-01
  0.360191453141E-01  0.364732161577E-01  0.369329985095E-01  0.373985642113E-01
  0.378699860088E-01  0.383473375624E-01  0.388306934595E-01  0.393201292253E-01
  0.398157213351E-01  0.403175472263E-01  0.408256853101E-01  0.413402149842E-01
  0.418612166449E-01  0.423887716997E-01  0.429229625802E-01  0.434638727548E-01
  0.440115867418E-01  0.445661901227E-01  0.451277695553E-01  0.456964127876E-01
  0.462722086713E-01  0.468552471755E-01  0.474456194014E-01  0.480434175956E-01
  0.486487351655E-01  0.492616666931E-01  0.498823079502E-01  0.505107559133E-01
  0.511471087787E-01  0.517914659777E-01  0.524439281925E-01  0.531045973717E-01
  0.537735767462E-01  0.544509708452E-01  0.551368855132E-01  0.558314279255E-01
  0.565347066059E-01  0.572468314431E-01  0.579679137081E-01  0.586980660714E-01
  0.594374026208E-01  0.601860388792E-01  0.609440918225E-01  0.617116798980E-01
  0.624889230429E-01  0.632759427030E-01  0.640728618518E-01  0.648798050095E-01
  0.656968982626E-01  0.665242692835E-01  0.673620473508E-01  0.682103633689E-01
  0.690693498889E-01  0.699391411293E-01  0.708198729965E-01  0.717116831070E-01
  0.726147108076E-01  0.735290971985E-01  0.744549851542E-01  0.753925193468E-01
  0.763418462677E-01  0.773031142513E-01  0.782764734977E-01  0.792620760961E-01
  0.802600760491E-01  0.812706292962E-01  0.822938937383E-01  0.833300292626E-01
  0.843791977673E-01  0.854415631873E-01  0.865172915192E-01  0.876065508478E-01
  0.887095113721E-01  0.898263454319E-01  0.909572275348E-01  0.921023343834E-01
  0.932618449031E-01  0.944359402696E-01  0.956248039378E-01  0.968286216700E-01
  0.980475815652E-01  0.992818740884E-01  0.100531692100      0.101797230888    
  0.103078688193      0.104376264247      0.105690161799      0.107020586147    
  0.108367745174      0.109731849375      0.111113111894      0.112511748558    
  0.113927977904      0.115362021223      0.116814102587      0.118284448885    
  0.119773289863      0.121280858156      0.122807389323      0.124353121888    
  0.125918297375      0.127503160347      0.129107958440      0.130732942409    
  0.132378366159      0.134044486793      0.135731564644      0.137439863322    
  0.139169649753      0.140921194218      0.142694770400      0.144490655425    
  0.146309129902      0.148150477972      0.150014987350      0.151902949368    
  0.153814659026      0.155750415030      0.157710519848      0.159695279749    
  0.161705004856      0.163740009194      0.165800610734      0.167887131452    
  0.169999897369      0.172139238610      0.174305489450      0.176498988373    
  0.178720078115      0.180969105726      0.183246422623      0.185552384640    
  0.187887352088      0.190251689811      0.192645767242      0.195069958459    
  0.197524642249      0.200010202159      0.202527026564      0.205075508723    
  0.207656046842      0.210269044134      0.212914908886      0.215594054519    
  0.218306899656      0.221053868185      0.223835389323      0.226651897691    
  0.229503833372      0.232391641989      0.235315774766      0.238276688605    
  0.241274846156      0.244310715886      0.247384772156      0.250497495295    
  0.253649371670      0.256840893770      0.260072560275      0.263344876142    
  0.266658352674      0.270013507611      0.273410865202      0.276850956290    
  0.280334318398      0.283861495807      0.287433039646      0.291049507976    
  0.294711465878      0.298419485540      0.302174146347      0.305976034974    
  0.309825745472      0.313723879367      0.317671045751      0.321667861375    
  0.325714950752      0.329812946246      0.333962488177      0.338164224921    
  0.342418813007      0.346726917223      0.351089210718      0.355506375112    
  0.359979100593      0.364508086036      0.369094039102      0.373737676356    
  0.378439723377      0.383200914868      0.388021994776      0.392903716404    
  0.397846842531      0.402852145530      0.407920407490      0.413052420338    
  0.418248985961      0.423510916333      0.428839033641      0.434234170414    
  0.439697169653      0.445228884964      0.450830180688      0.456501932039    
  0.462245025239      0.468060357659      0.473948837955      0.479911386216    
  0.485948934101      0.492062424990      0.498252814127      0.504521068775    
  0.510868168359      0.517295104628      0.523802881804      0.530392516739    
  0.537065039078      0.543821491417      0.550662929463      0.557590422206    
  0.564605052081      0.571707915138      0.578900121214      0.586182794105    
  0.593557071745      0.601024106378      0.608585064745      0.616241128260    
  0.623993493199      0.631843370884      0.639791987876      0.647840586162    
  0.655990423351      0.664242772872      0.672598924171      0.681060182915    
  0.689627871192      0.698303327720      0.707087908059      0.715982984815    
  0.724989947863      0.734110204560      0.743345179963      0.752696317057    
  0.762165076976      0.771752939232      0.781461401949      0.791291982095    
  0.801246215716      0.811325658182      0.821531884427      0.831866489194    
  0.842331087286      0.852927313819      0.863656824473      0.874521295757    
  0.885522425267      0.896661931951      0.907941556381      0.919363061019    
  0.930928230500      0.942638871905      0.954496815045      0.966503912749    
  0.978662041149      0.990973099978       1.00343901286       1.01606172763    
   1.02884321660       1.04178547692       1.05489053082       1.06816042602    
   1.08159723594       1.09520306013       1.10898002452       1.12293028179    
   1.13705601169       1.15135942140       1.16584274586       1.18050824811    
   1.19535821967       1.21039498088       1.22562088127       1.24103829990    
   1.25664964578       1.27245735823       1.28846390721       1.30467179380    
   1.32108355051       1.33770174170       1.35452896400       1.37156784671    
   1.38882105217       1.40629127624       1.42398124868       1.44189373358    
   1.46003152981       1.47839747142       1.49699442815       1.51582530579    
   1.53489304671       1.55420063029       1.57375107337       1.59354743075    
   1.61359279566       1.63389030021       1.65444311595       1.67525445428    
   1.69632756702       1.71766574689       1.73927232802       1.76115068648    
   1.78330424082       1.80573645256       1.82845082680       1.85145091269    
   1.87474030404       1.89832263988       1.92220160498       1.94638093049    
   1.97086439447       1.99565582252       2.02075908835       2.04617811439    
   2.07191687241       2.09797938416       2.12436972194       2.15109200931    
   2.17815042168       2.20554918698       2.23329258632       2.26138495466    
   2.28983068150       2.31863421153       2.34780004537       2.37733274024    
   2.40723691068       2.43751722928       2.46817842739       2.49922529591    
   2.53066268595       2.56249550968       2.59472874104       2.62736741654    
   2.66041663604       2.69388156354       2.72776742802       2.76207952419    
   2.79682321341       2.83200392444       2.86762715433       2.90369846930    
   2.94022350556       2.97720797021       3.01465764216       3.05257837299    
   3.09097608790       3.12985678661       3.16922654429       3.20909151257    
   3.24945792042       3.29033207518       3.33172036351       3.37362925242    
   3.41606529025       3.45903510774       3.50254541899       3.54660302258    
   3.59121480260       3.63638772974       3.68212886235       3.72844534758    
   3.77534442248       3.82283341511       3.87091974574       3.91961092795    
   3.96891456984       4.01883837519       4.06939014472       4.12057777722    
   4.17240927088       4.22489272447       4.27803633864       4.33184841719    
   4.38633736835       4.44151170615       4.49738005168       4.55395113449    
   4.61123379393       4.66923698052       4.72796975738       4.78744130163    
   4.84766090581       4.90863797937       4.97038205009       5.03290276562    
   5.09620989494       5.16031332991       5.22522308683       5.29094930799    
   5.35750226324       5.42489235160       5.49313010293       5.56222617951    
   5.63219137773       5.70303662981       5.77477300547       5.84741171364    
   5.92096410429       5.99544167012       6.07085604840       6.14721902279    
   6.22454252515       6.30283863743       6.38211959357       6.46239778137    
   6.54368574447       6.62599618428       6.70934196196       6.79373610047    
   6.87919178656       6.96572237285       7.05334137994       7.14206249845    
   7.23189959126       7.32286669558       7.41497802522       7.50824797276    
   7.60269111181       7.69832219931       7.79515617780       7.89320817781    
   7.99249352014       8.09302771834       8.19482648109       8.29790571463    
   8.40228152532       8.50797022209       8.61498831901       8.72335253787    
   8.83307981081       8.94418728293       9.05669231501       9.17061248619    
   9.28596559671       9.40276967075       9.52104295917       9.64080394242    
   9.76207133339       9.88486408036       10.0092013700       10.1351026301    
   10.2625875332       10.3916759989       10.5223881977       10.6547445535    
   10.7887657473       10.9244727202       11.0618866767       11.2010290880    
   11.3419216953       11.4845865135       11.6290458342       11.7753222295    
   11.9234385553       12.0734179551       12.2252838635       12.3790600100    
   12.5347704222       12.6924394303       12.8520916704       13.0137520884    
   13.1774459442       13.3431988152       13.5110366007       13.6809855256    
   13.8530721448       14.0273233472       14.2037663600       14.3824287526    
   14.5633384415       14.7465236941       14.9320131335       15.1198357429    
   15.3100208699       15.5025982312       15.6975979176       15.8950503981    
   16.0949865250       16.2974375389       16.5024350729       16.7100111586    
   16.9201982300       17.1330291292       17.3485371116       17.5667558508    
   17.7877194437       18.0114624165       18.2380197295       18.4674267826    
   18.6997194213       18.9349339416       19.1731070964       19.4142761006    
   19.6584786375       19.9057528642       20.1561374178       20.4096714213    
   20.6663944900       20.9263467374       21.1895687815       21.4561017514    
   21.7259872933       21.9992675774       22.2759853043       22.5561837117    
   22.8399065813       23.1271982452       23.4181035933       23.7126680803    
   24.0109377324       24.3129591549       24.6187795392       24.9284466704    
   25.2420089346       25.5595153266       25.8810154573       26.2065595618    
   26.5361985071       26.8699837998       27.2079675947       27.5502027024    
   27.8967425978       28.2476414285       28.6029540231       28.9627358999    
   29.3270432757       29.6959330742       30.0694629351       30.4476912232    
   30.8306770376       31.2184802204       31.6111613668       32.0087818340    
   32.4114037509       32.8190900281       33.2319043674       33.6499112719    
   34.0731760559       34.5017648555       34.9357446386       35.3751832154    
   35.8201492489       36.2707122662       36.7269426686       37.1889117429    
   37.6566916729       38.1303555501       38.6099773854       39.0956321207    
   39.5873956405       40.0853447840       40.5895573566       41.1001121426    
   41.6170889173       42.1405684593       42.6706325633       43.2073640530    
   43.7508467937       44.3011657057       44.8584067775       45.4226570791    
   45.9940047758       46.5725391418       47.1583505743       47.7515306075    
   48.3521719270       48.9603683842       49.5762150111       50.1998080350    
   50.8312448935       51.4706242499       52.1180460086       52.7736113304    
   53.4374226490       54.1095836860       54.7901994680       55.4793763427    
   56.1772219953       56.8838454656       57.5993571650       58.3238688937    
   59.0574938580       59.8003466884       60.5525434571       61.3142016964    
   62.0854404169       62.8663801264       63.6571428481       64.4578521404    
   65.2686331157       66.0896124603       66.9209184537       67.7626809893    
   68.6150315941       69.4781034498       70.3520314129       71.2369520366    
   72.1330035915       73.0403260874       73.9590612954       74.8893527696    
   75.8313458701       76.7851877852       77.7510275546       78.7290160927    
   79.7193062122       80.7220526480       81.7374120813       82.7655431640    
   83.8066065436       84.8607648886       85.9281829132       87.0090274038    
   88.1034672443       89.2116734434       90.3338191604       91.4700797330    
   92.6206327041       93.7856578500       94.9653372082       96.1598551061    
   97.3693981895       98.5941554519       99.8343182642       101.090080404    
   102.361638088       103.649189998       104.952937317       106.273083759    
   107.609835599       108.963401707       110.333993581       111.721825378    
   113.127113951       114.550078877       115.990942499       117.449929954    
   118.927269212    
Down potential follows (l on next line)
 1
  -61.9669969386      -62.0809086627      -61.9210863005      -62.0280749045    
  -61.9906540657      -62.0017237897      -61.9910810977      -61.9962179659    
  -61.9939186326      -61.9935587443      -61.9929214986      -61.9923124152    
  -61.9916970311      -61.9910933884      -61.9904930154      -61.9898998101    
  -61.9893125777      -61.9887320117      -61.9881582295      -61.9875915365    
  -61.9870322115      -61.9864805618      -61.9859369080      -61.9854015882    
  -61.9848749557      -61.9843573795      -61.9838492438      -61.9833509473    
  -61.9828629030      -61.9823855377      -61.9819192909      -61.9814646145    
  -61.9810219719      -61.9805918364      -61.9801746911      -61.9797710265    
  -61.9793813401      -61.9790061341      -61.9786459138      -61.9783011862    
  -61.9779724571      -61.9776602296      -61.9773650013      -61.9770872615    
  -61.9768274892      -61.9765861492      -61.9763636898      -61.9761605390    
  -61.9759771016      -61.9758137555      -61.9756708478      -61.9755486918    
  -61.9754475626      -61.9753676937      -61.9753092732      -61.9752724400    
  -61.9752572801      -61.9752638232      -61.9752920391      -61.9753418345    
  -61.9754130500      -61.9755054576      -61.9756187579      -61.9757525781    
  -61.9759064706      -61.9760799113      -61.9762722992      -61.9764829559    
  -61.9767111258      -61.9769559767      -61.9772166014      -61.9774920193    
  -61.9777811790      -61.9780829609      -61.9783961811      -61.9787195949    
  -61.9790519019      -61.9793917503      -61.9797377425      -61.9800884409    
  -61.9804423734      -61.9807980403      -61.9811539203      -61.9815084767    
  -61.9818601647      -61.9822074376      -61.9825487530      -61.9828825796    
  -61.9832074032      -61.9835217327      -61.9838241054      -61.9841130925    
  -61.9843873041      -61.9846453933      -61.9848860606      -61.9851080570    
  -61.9853101877      -61.9854913141      -61.9856503560      -61.9857862937    
  -61.9858981686      -61.9859850843      -61.9860462066      -61.9860807635    
  -61.9860880446      -61.9860674006      -61.9860182415      -61.9859400356    
  -61.9858323076      -61.9856946365      -61.9855266539      -61.9853280409    
  -61.9850985265      -61.9848378844      -61.9845459307      -61.9842225213    
  -61.9838675487      -61.9834809399      -61.9830626534      -61.9826126764    
  -61.9821310225      -61.9816177290      -61.9810728545      -61.9804964763    
  -61.9798886883      -61.9792495988      -61.9785793284      -61.9778780077    
  -61.9771457758      -61.9763827786      -61.9755891665      -61.9747650935    
  -61.9739107156      -61.9730261890      -61.9721116694      -61.9711673108    
  -61.9701932640      -61.9691896760      -61.9681566890      -61.9670944398    
  -61.9660030588      -61.9648826694      -61.9637333876      -61.9625553212    
  -61.9613485697      -61.9601132236      -61.9588493642      -61.9575570633    
  -61.9562363828      -61.9548873748      -61.9535100809      -61.9521045328    
  -61.9506707515      -61.9492087475      -61.9477185208      -61.9462000607    
  -61.9446533461      -61.9430783450      -61.9414750151      -61.9398433033    
  -61.9381831461      -61.9364944694      -61.9347771891      -61.9330312103    
  -61.9312564281      -61.9294527276      -61.9276199836      -61.9257580609    
  -61.9238668146      -61.9219460901      -61.9199957229      -61.9180155390    
  -61.9160053550      -61.9139649780      -61.9118942059      -61.9097928274    
  -61.9076606221      -61.9054973605      -61.9033028043      -61.9010767063    
  -61.8988188105      -61.8965288522      -61.8942065583      -61.8918516469    
  -61.8894638278      -61.8870428021      -61.8845882629      -61.8820998949    
  -61.8795773743      -61.8770203694      -61.8744285402      -61.8718015386    
  -61.8691390083      -61.8664405851      -61.8637058967      -61.8609345627    
  -61.8581261949      -61.8552803968      -61.8523967643      -61.8494748851    
  -61.8465143390      -61.8435146977      -61.8404755252      -61.8373963774    
  -61.8342768021      -61.8311163393      -61.8279145208      -61.8246708706    
  -61.8213849044      -61.8180561298      -61.8146840465      -61.8112681459    
  -61.8078079113      -61.8043028176      -61.8007523317      -61.7971559118    
  -61.7935130081      -61.7898230623      -61.7860855074      -61.7822997682    
  -61.7784652606      -61.7745813922      -61.7706475617      -61.7666631589    
  -61.7626275650      -61.7585401521      -61.7544002835      -61.7502073133    
  -61.7459605863      -61.7416594385      -61.7373031962      -61.7328911765    
  -61.7284226870      -61.7238970257      -61.7193134809      -61.7146713312    
  -61.7099698454      -61.7052082823      -61.7003858906      -61.6955019090    
  -61.6905555656      -61.6855460787      -61.6804726556      -61.6753344933    
  -61.6701307780      -61.6648606853      -61.6595233796      -61.6541180144    
  -61.6486437320      -61.6430996636      -61.6374849287      -61.6317986355    
  -61.6260398804      -61.6202077482      -61.6143013117      -61.6083196315    
  -61.6022617562      -61.5961267221      -61.5899135530      -61.5836212601    
  -61.5772488417      -61.5707952837      -61.5642595584      -61.5576406254    
  -61.5509374307      -61.5441489069      -61.5372739732      -61.5303115347    
  -61.5232604829      -61.5161196949      -61.5088880339      -61.5015643484    
  -61.4941474727      -61.4866362260      -61.4790294129      -61.4713258229    
  -61.4635242303      -61.4556233939      -61.4476220571      -61.4395189476    
  -61.4313127771      -61.4230022414      -61.4145860199      -61.4060627758    
  -61.3974311554      -61.3886897887      -61.3798372883      -61.3708722500    
  -61.3617932522      -61.3525988557      -61.3432876039      -61.3338580222    
  -61.3243086179      -61.3146378802      -61.3048442799      -61.2949262692    
  -61.2848822814      -61.2747107310      -61.2644100133      -61.2539785043    
  -61.2434145603      -61.2327165181      -61.2218826944      -61.2109113860    
  -61.1998008692      -61.1885493999      -61.1771552134      -61.1656165241    
  -61.1539315252      -61.1420983887      -61.1301152655      -61.1179802843    
  -61.1056915525      -61.0932471552      -61.0806451555      -61.0678835938    
  -61.0549604882      -61.0418738342      -61.0286216039      -61.0152017467    
  -61.0016121884      -60.9878508316      -60.9739155551      -60.9598042138    
  -60.9455146386      -60.9310446364      -60.9163919896      -60.9015544560    
  -60.8865297689      -60.8713156367      -60.8559097426      -60.8403097449    
  -60.8245132765      -60.8085179446      -60.7923213311      -60.7759209919    
  -60.7593144571      -60.7424992308      -60.7254727907      -60.7082325884    
  -60.6907760491      -60.6731005712      -60.6552035266      -60.6370822605    
  -60.6187340910      -60.6001563094      -60.5813461798      -60.5623009392    
  -60.5430177974      -60.5234939368      -60.5037265123      -60.4837126516    
  -60.4634494547      -60.4429339941      -60.4221633146      -60.4011344335    
  -60.3798443404      -60.3582899971      -60.3364683378      -60.3143762691    
  -60.2920106696      -60.2693683905      -60.2464462552      -60.2232410596    
  -60.1997495717      -60.1759685324      -60.1518946547      -60.1275246245    
  -60.1028551001      -60.0778827129      -60.0526040667      -60.0270157387    
  -60.0011142789      -59.9748962107      -59.9483580306      -59.9214962089    
  -59.8943071893      -59.8667873895      -59.8389332012      -59.8107409903    
  -59.7822070972      -59.7533278367      -59.7240994988      -59.6945183484    
  -59.6645806258      -59.6342825470      -59.6036203037      -59.5725900641    
  -59.5411879726      -59.5094101504      -59.4772526960      -59.4447116852    
  -59.4117831714      -59.3784631865      -59.3447477404      -59.3106328222    
  -59.2761144001      -59.2411884217      -59.2058508148      -59.1700974874    
  -59.1339243286      -59.0973272083      -59.0603019782      -59.0228444721    
  -58.9849505063      -58.9466158797      -58.9078363750      -58.8686077584    
  -58.8289257805      -58.7887861765      -58.7481846667      -58.7071169571    
  -58.6655787398      -58.6235656933      -58.5810734830      -58.5380977618    
  -58.4946341704      -58.4506783377      -58.4062258814      -58.3612724082    
  -58.3158135144      -58.2698447862      -58.2233618001      -58.1763601235    
  -58.1288353145      -58.0807829230      -58.0321984904      -57.9830775505    
  -57.9334156291      -57.8832082450      -57.8324509098      -57.7811391285    
  -57.7292683992      -57.6768342139      -57.6238320583      -57.5702574121    
  -57.5161057491      -57.4613725372      -57.4060532388      -57.3501433103    
  -57.2936382027      -57.2365333613      -57.1788242255      -57.1205062291    
  -57.0615748000      -57.0020253601      -56.9418533251      -56.8810541046    
  -56.8196231013      -56.7575557115      -56.6948473243      -56.6314933214    
  -56.5674890772      -56.5028299580      -56.4375113218      -56.3715285181    
  -56.3048768874      -56.2375517608      -56.1695484598      -56.1008622957    
  -56.0314885694      -55.9614225710      -55.8906595792      -55.8191948614    
  -55.7470236731      -55.6741412575      -55.6005428457      -55.5262236559    
  -55.4511788937      -55.3754037516      -55.2988934094      -55.2216430336    
  -55.1436477780      -55.0649027835      -54.9854031784      -54.9051440788    
  -54.8241205887      -54.7423278007      -54.6597607965      -54.5764146473    
  -54.4922844148      -54.4073651519      -54.3216519034      -54.2351397071    
  -54.1478235946      -54.0596985923      -53.9707597227      -53.8810020051    
  -53.7904204567      -53.6990100933      -53.6067659305      -53.5136829843    
  -53.4197562711      -53.3249808088      -53.2293516161      -53.1328637123    
  -53.0355121170      -52.9372918483      -52.8381979214      -52.7382253462    
  -52.6373691243      -52.5356242452      -52.4329856821      -52.3294483865    
  -52.2250072821      -52.1196572576      -52.0133931596      -51.9062097833    
  -51.7981018642      -51.6890640676      -51.5790909791      -51.4681770946    
  -51.3563168103      -51.2435044142      -51.1297340785      -51.0149998538    
  -50.8992956672      -50.7826153229      -50.6649525085      -50.5463008077    
  -50.4266537197      -50.3060046883      -50.1843471417      -50.0616745438    
  -49.9379804608      -49.8132586421      -49.6875031188      -49.5607083205    
  -49.4328692105      -49.3039814403      -49.1740415225      -49.0430470202    
  -48.9109967510      -48.7778910026      -48.6437317486      -48.5085228705    
  -48.3722703664      -48.2349825315      -48.0966701255      -47.9573464892    
  -47.8170276068      -47.6757321109      -47.5334812099      -47.3902985364    
  -47.2462099087      -47.1012430038      -46.9554269457      -46.8087918132    
  -46.6613680798      -46.5131859993      -46.3642749553      -46.2146627950    
  -46.0643751693      -45.9134349005      -45.7618613996      -45.6096701517    
  -45.4568722867      -45.3034742493      -45.1494775794      -44.9948788111    
  -44.8396694956      -44.6838363508      -44.5273615358      -44.3702230483    
  -44.2123952336      -44.0538493929      -43.8945544723      -43.7344778063    
  -43.5735858888      -43.4118451380      -43.2492226245      -43.0856867314    
  -42.9212077219      -42.7557581960      -42.5893134261      -42.4218515728    
  -42.2533537852      -42.0838042023      -41.9131898734      -41.7415006172    
  -41.5687288414      -41.3948693413      -41.2199190928      -41.0438770520    
  -40.8667439695      -40.6885222233      -40.5092156716      -40.3288295254    
  -40.1473702369      -39.9648454016      -39.7812636689      -39.5966346601    
  -39.4109688881      -39.2242776789      -39.0365730917      -38.8478678376    
  -38.6581751964      -38.4675089309      -38.2758832008      -38.0833124753    
  -37.8898114458      -37.6953949405      -37.5000778404      -37.3038749981    
  -37.1068011607      -36.9088708965      -36.7100985271      -36.5104980645    
  -36.3100831541      -36.1088670238      -35.9068624401      -35.7040816704    
  -35.5005364527      -35.2962379723      -35.0911968466      -34.8854231166    
  -34.6789262464      -34.4717151312      -34.2637981114      -34.0551829956    
  -33.8458770902      -33.6358872354      -33.4252198480      -33.2138809688    
  -33.0018763143      -32.7892113309      -32.5758912500      -32.3619211419    
  -32.1473059660      -31.9320506141      -31.7161599454      -31.4996388071    
  -31.2824920401      -31.0647244651      -30.8463408459      -30.6273458284    
  -30.4077438536      -30.1875390448      -29.9667350717      -29.7453349971    
  -29.5233411146      -29.3007547909      -29.0775763359      -28.8538049156    
  -28.6294385594      -28.4044742864      -28.1789083877      -27.9527369588    
  -27.7259566955      -27.4985660200      -27.2705665985      -27.0419652620    
  -26.8127763461      -26.5830244032      -26.3527472131      -26.1219989291    
  -25.8908531255      -25.6594054932      -25.4277757895      -25.1961086615    
  -24.9645729536      -24.7333591198      -24.5026744672      -24.2727360787    
  -24.0437614457      -23.8159570683      -23.5895055459      -23.3645519957    
  -23.1411909643      -22.9194553139      -22.6993087629      -22.4806437271    
  -22.2632857053      -22.0470046271      -21.8315324134      -21.6165847551    
  -21.4018841591      -21.1871809888      -20.9722696808      -20.7569984097    
  -20.5412718544      -20.3250479630      -20.1083304241      -19.8911588174    
  -19.6735982309      -19.4557296705      -19.2376420543      -19.0194261127    
  -18.8011701728      -18.5829576033      -18.3648656033      -18.1469650043    
  -17.9293207784      -17.7119929937      -17.4950380051      -17.2785097184    
  -17.0624608053      -16.8469437866      -16.6320119298      -16.4177199345    
  -16.2041244001      -15.9912840852      -15.7792599805      -15.5681152235    
  -15.3579148850      -15.1487256601      -14.9406154922      -14.7336531570    
  -14.5279078272      -14.3234486359      -14.1203442535      -13.9186624854    
  -13.7184698987      -13.5198314818      -13.3228103380      -13.1274674137    
  -12.9338612614      -12.7420478350      -12.5520803163      -12.3640089706    
  -12.1778810295      -11.9937405987      -11.8116285894      -11.6315826708    
  -11.4536372431      -11.2778234288      -11.1041690821      -10.9326988135    
  -10.7634340309      -10.5963929936      -10.4315908815      -10.2690398749    
  -10.1087492476      -9.95072547045      -9.79497232425      -9.64149102289    
  -9.49028034438      -9.34133676807      -9.19465462181      -9.05022622756    
  -8.90804205735      -8.76809089189      -8.63035997075      -8.49483516026    
  -8.36150110247      -8.23034136600      -8.10133860238      -7.97447468068    
  -7.84973082291      -7.72708772890      -7.60652568747      -7.48802467675    
  -7.37156444957      -7.25712460402      -7.14468463805      -7.03422398768    
  -6.92572204885      -6.81915818343      -6.71451171021      -6.61176188257    
  -6.51088785489      -6.41186864055      -6.31468306474      -6.21930971614    
  -6.12572690161      -6.03391260884      -5.94384448168      -5.85549981327    
  -5.76885556161      -5.68388839197      -5.60057474965      -5.51889096561    
  -5.43881339612      -5.36031859567      -5.28338352050      -5.20798575751    
  -5.13410377077      -5.06171715513      -4.99080688359      -4.92135553291    
  -4.85334746953      -4.78676897740      -4.72160830878      -4.65785564093    
  -4.59550292465      -4.53454361538      -4.47497228446      -4.41678411592    
  -4.35997430317      -4.30453736904      -4.25046644074      -4.19775251815    
  -4.14638377745      -4.09634495303      -4.04761683728      -4.00017593128    
  -3.95399426962      -3.90903943038      -3.86527472859      -3.82265957872    
  -3.78115000102      -3.74069923803      -3.70125844292      -3.66277740000    
  -3.62520523931      -3.58849111236      -3.55258480246      -3.51743725065    
  -3.48300098625      -3.44923045828      -3.41608227014      -3.38351532487    
  -3.35149089187      -3.31997260755      -3.28892642380      -3.25832051745    
  -3.22812517333      -3.19831265235      -3.16885705403      -3.13973418189    
  -3.11092141813      -3.08239761281      -3.05414299153      -3.02613908430    
  -2.99836867779      -2.97081579173      -2.94346568022      -2.91630485737    
  -2.88932114649      -2.86250375123      -2.83584334628      -2.80933218461    
  -2.78296421765      -2.75673522355      -2.73064293857      -2.70468718561    
  -2.67886999266      -2.65319569742      -2.62767102254      -2.60230513065    
  -2.57710963674      -2.55209856879      -2.52728830302      -2.50269743412    
  -2.47834659177      -2.45425821376      -2.43045626311      -2.40696590121    
  -2.38381311976      -2.36102433928      -2.33862598271      -2.31664403335    
  -2.29510358736      -2.27402841075      -2.25344051109      -2.23335973304    
  -2.21380338644      -2.19478591443      -2.17631860695      -2.15840936696    
  -2.14106252635      -2.12427872442      -2.10805484195      -2.09238397997    
  -2.07725551200      -2.06265517944      -2.04856523191      -2.03496462192    
  -2.02182923507      -2.00913215926      -1.99684398496      -1.98493313232    
  -1.97336619966      -1.96210832818      -1.95112357751      -1.94037530688    
  -1.92982655662      -1.91944042502      -1.90918043559      -1.89901088998    
  -1.88889720219      -1.87880621004      -1.86870646019      -1.85856846352    
  -1.84836491829      -1.83807089899      -1.82766400938      -1.81712449908    
  -1.80643534345      -1.79558228740      -1.78455385426      -1.77334132150    
  -1.76193866552      -1.75034247827      -1.73855185877      -1.72656828289    
  -1.71439545486      -1.70203914409      -1.68950701094      -1.67680842474    
  -1.66395427741      -1.65095679577      -1.63782935514      -1.62458629675    
  -1.61124275105      -1.59781446858      -1.58431765988      -1.57076884544    
  -1.55718471654      -1.54358200738      -1.52997737872      -1.51638731321    
  -1.50282802198      -1.48931536249      -1.47586476683      -1.46249118032    
  -1.44920900956      -1.43603207929      -1.42297359759      -1.41004612851    
  -1.39726157161      -1.38463114761      -1.37216538973      -1.35987413981    
  -1.34776654890      -1.33585108163      -1.32413552385      -1.31262699317    
  -1.30133195182      -1.29025622160      -1.27940500040      -1.26878288012    
  -1.25839386555      -1.24824139407      -1.23832835591      -1.22865711475    
  -1.21922952851      -1.21004697019      -1.20111034863      -1.19242012909    
  -1.18397635364      -1.17577866111      -1.16782630682      -1.16011818178    
  -1.15265283163      -1.14542847499      -1.13844302154      -1.13169408952    
  -1.12517902294      -1.11889490834      -1.11283859112      -1.10700669155    
  -1.10139562043      -1.09600159435      -1.09082065066      -1.08584866216    
  -1.08108135141      -1.07651430484      -1.07214298648      -1.06796275148    
  -1.06396885933      -1.06015648678      -1.05652074052      -1.05305666949    
  -1.04975927697      -1.04662353232      -1.04364438242      -1.04081676276    
  -1.03813560815      -1.03559586316      -1.03319249210      -1.03092048862    
  -1.02877488494      -1.02675076063      -1.02484325097      -1.02304755482    
  -1.02135894212      -1.01977276085      -1.01828444351      -1.01688951317    
  -1.01558358901      -1.01436239133      -1.01322174614      -1.01215758923    
  -1.01116596971      -1.01024305318      -1.00938512429      -1.00858859029    
  -1.00784997705      -1.00716594273      -1.00681213609      -1.00689780928    
  -1.00698456434      -1.00707242174      -1.00716138081      -1.00725145951    
  -1.00734267229      -1.00743503248      -1.00752855432      -1.00762325244    
  -1.00771914165      -1.00781623696      -1.00791455355      -1.00801410679    
  -1.00811491224      -1.00821698566      -1.00832034299      -1.00842500039    
  -1.00853097422      -1.00863828103      -1.00874693759      -1.00885696088    
  -1.00896836809      -1.00908117663      -1.00919540413      -1.00931106843    
  -1.00942818761      -1.00954677997      -1.00966686404      -1.00978845858    
  -1.00991158259      -1.01003625530      -1.01016249621      -1.01029032503    
  -1.01041976175      -1.01055082657      -1.01068353999      -1.01081792274    
  -1.01095399581      -1.01109178048      -1.01123129826      -1.01137257095    
  -1.01151562065      -1.01166046968      -1.01180714069      -1.01195565659    
  -1.01210604060      -1.01225831620      -1.01241250719      -1.01256863767    
  -1.01272673203      -1.01288681497      -1.01304891150      -1.01321304696    
  -1.01337924699      -1.01354753756      -1.01371794496      -1.01389049582    
  -1.01406521711      -1.01424213612      -1.01442128049      -1.01460267823    
  -1.01478635767      -1.01497234751      -1.01516067681      -1.01535137501    
  -1.01554447189      -1.01573999764      -1.01593798279      -1.01613845829    
  -1.01634145546      -1.01654700603      -1.01675514210      -1.01696589620    
  -1.01717930126      -1.01739539062      -1.01761419806      -1.01783575775    
  -1.01806010432      -1.01828727283      -1.01851729876      -1.01875021806    
  -1.01898606713      -1.01922488281      -1.01946670243      -1.01971156376    
  -1.01995950507      -1.02021056509      -1.02046478306      -1.02072219870    
  -1.02098285223      -1.02124678438      -1.02151403638      -1.02178465000    
  -1.02205866753      -1.02233613176      -1.02261708607      -1.02290157435    
  -1.02318964105      -1.02348133118      -1.02377669033      -1.02407576463    
  -1.02437860083      -1.02468524624      -1.02499574877      -1.02531015694    
  -1.02562851988      -1.02595088733      -1.02627730967      -1.02660783789    
  -1.02694252365      -1.02728141923      -1.02762457760      -1.02797205237    
  -1.02832389783      -1.02868016896      -1.02904092144      -1.02940621161    
  -1.02977609658      -1.03015063413      -1.03052988278      -1.03091390178    
  -1.03130275116      -1.03169649165      -1.03209518480      -1.03249889288    
  -1.03290767898      -1.03332160699      -1.03374074156      -1.03416514820    
  -1.03459489322      -1.03503004377      -1.03547066783      -1.03591683427    
  -1.03636861278      -1.03682607397      -1.03728928932      -1.03775833119    
  -1.03823327289      -1.03871418862      -1.03920115352      -1.03969424369    
  -1.04019353617      -1.04069910897      -1.04121104110      -1.04172941254    
  -1.04225430429    
Up potential follows (l on next line)
 1
  -61.9669969386      -62.0809086627      -61.9210863005      -62.0280749045    
  -61.9906540657      -62.0017237897      -61.9910810977      -61.9962179659    
  -61.9939186326      -61.9935587443      -61.9929214986      -61.9923124152    
  -61.9916970311      -61.9910933884      -61.9904930154      -61.9898998101    
  -61.9893125777      -61.9887320117      -61.9881582295      -61.9875915365    
  -61.9870322115      -61.9864805618      -61.9859369080      -61.9854015882    
  -61.9848749557      -61.9843573795      -61.9838492438      -61.9833509473    
  -61.9828629030      -61.9823855377      -61.9819192909      -61.9814646145    
  -61.9810219719      -61.9805918364      -61.9801746911      -61.9797710265    
  -61.9793813401      -61.9790061341      -61.9786459138      -61.9783011862    
  -61.9779724571      -61.9776602296      -61.9773650013      -61.9770872615    
  -61.9768274892      -61.9765861492      -61.9763636898      -61.9761605390    
  -61.9759771016      -61.9758137555      -61.9756708478      -61.9755486918    
  -61.9754475626      -61.9753676937      -61.9753092732      -61.9752724400    
  -61.9752572801      -61.9752638232      -61.9752920391      -61.9753418345    
  -61.9754130500      -61.9755054576      -61.9756187579      -61.9757525781    
  -61.9759064706      -61.9760799113      -61.9762722992      -61.9764829559    
  -61.9767111258      -61.9769559767      -61.9772166014      -61.9774920193    
  -61.9777811790      -61.9780829609      -61.9783961811      -61.9787195949    
  -61.9790519019      -61.9793917503      -61.9797377425      -61.9800884409    
  -61.9804423734      -61.9807980403      -61.9811539203      -61.9815084767    
  -61.9818601647      -61.9822074376      -61.9825487530      -61.9828825796    
  -61.9832074032      -61.9835217327      -61.9838241054      -61.9841130925    
  -61.9843873041      -61.9846453933      -61.9848860606      -61.9851080570    
  -61.9853101877      -61.9854913141      -61.9856503560      -61.9857862937    
  -61.9858981686      -61.9859850843      -61.9860462066      -61.9860807635    
  -61.9860880446      -61.9860674006      -61.9860182415      -61.9859400356    
  -61.9858323076      -61.9856946365      -61.9855266539      -61.9853280409    
  -61.9850985265      -61.9848378844      -61.9845459307      -61.9842225213    
  -61.9838675487      -61.9834809399      -61.9830626534      -61.9826126764    
  -61.9821310225      -61.9816177290      -61.9810728545      -61.9804964763    
  -61.9798886883      -61.9792495988      -61.9785793284      -61.9778780077    
  -61.9771457758      -61.9763827786      -61.9755891665      -61.9747650935    
  -61.9739107156      -61.9730261890      -61.9721116694      -61.9711673108    
  -61.9701932640      -61.9691896760      -61.9681566890      -61.9670944398    
  -61.9660030588      -61.9648826694      -61.9637333876      -61.9625553212    
  -61.9613485697      -61.9601132236      -61.9588493642      -61.9575570633    
  -61.9562363828      -61.9548873748      -61.9535100809      -61.9521045328    
  -61.9506707515      -61.9492087475      -61.9477185208      -61.9462000607    
  -61.9446533461      -61.9430783450      -61.9414750151      -61.9398433033    
  -61.9381831461      -61.9364944694      -61.9347771891      -61.9330312103    
  -61.9312564281      -61.9294527276      -61.9276199836      -61.9257580609    
  -61.9238668146      -61.9219460901      -61.9199957229      -61.9180155390    
  -61.9160053550      -61.9139649780      -61.9118942059      -61.9097928274    
  -61.9076606221      -61.9054973605      -61.9033028043      -61.9010767063    
  -61.8988188105      -61.8965288522      -61.8942065583      -61.8918516469    
  -61.8894638278      -61.8870428021      -61.8845882629      -61.8820998949    
  -61.8795773743      -61.8770203694      -61.8744285402      -61.8718015386    
  -61.8691390083      -61.8664405851      -61.8637058967      -61.8609345627    
  -61.8581261949      -61.8552803968      -61.8523967643      -61.8494748851    
  -61.8465143390      -61.8435146977      -61.8404755252      -61.8373963774    
  -61.8342768021      -61.8311163393      -61.8279145208      -61.8246708706    
  -61.8213849044      -61.8180561298      -61.8146840465      -61.8112681459    
  -61.8078079113      -61.8043028176      -61.8007523317      -61.7971559118    
  -61.7935130081      -61.7898230623      -61.7860855074      -61.7822997682    
  -61.7784652606      -61.7745813922      -61.7706475617      -61.7666631589    
  -61.7626275650      -61.7585401521      -61.7544002835      -61.7502073133    
  -61.7459605863      -61.7416594385      -61.7373031962      -61.7328911765    
  -61.7284226870      -61.7238970257      -61.7193134809      -61.7146713312    
  -61.7099698454      -61.7052082823      -61.7003858906      -61.6955019090    
  -61.6905555656      -61.6855460787      -61.6804726556      -61.6753344933    
  -61.6701307780      -61.6648606853      -61.6595233796      -61.6541180144    
  -61.6486437320      -61.6430996636      -61.6374849287      -61.6317986355    
  -61.6260398804      -61.6202077482      -61.6143013117      -61.6083196315    
  -61.6022617562      -61.5961267221      -61.5899135530      -61.5836212601    
  -61.5772488417      -61.5707952837      -61.5642595584      -61.5576406254    
  -61.5509374307      -61.5441489069      -61.5372739732      -61.5303115347    
  -61.5232604829      -61.5161196949      -61.5088880339      -61.5015643484    
  -61.4941474727      -61.4866362260      -61.4790294129      -61.4713258229    
  -61.4635242303      -61.4556233939      -61.4476220571      -61.4395189476    
  -61.4313127771      -61.4230022414      -61.4145860199      -61.4060627758    
  -61.3974311554      -61.3886897887      -61.3798372883      -61.3708722500    
  -61.3617932522      -61.3525988557      -61.3432876039      -61.3338580222    
  -61.3243086179      -61.3146378802      -61.3048442799      -61.2949262692    
  -61.2848822814      -61.2747107310      -61.2644100133      -61.2539785043    
  -61.2434145603      -61.2327165181      -61.2218826944      -61.2109113860    
  -61.1998008692      -61.1885493999      -61.1771552134      -61.1656165241    
  -61.1539315252      -61.1420983887      -61.1301152655      -61.1179802843    
  -61.1056915525      -61.0932471552      -61.0806451555      -61.0678835938    
  -61.0549604882      -61.0418738342      -61.0286216039      -61.0152017467    
  -61.0016121884      -60.9878508316      -60.9739155551      -60.9598042138    
  -60.9455146386      -60.9310446364      -60.9163919896      -60.9015544560    
  -60.8865297689      -60.8713156367      -60.8559097426      -60.8403097449    
  -60.8245132765      -60.8085179446      -60.7923213311      -60.7759209919    
  -60.7593144571      -60.7424992308      -60.7254727907      -60.7082325884    
  -60.6907760491      -60.6731005712      -60.6552035266      -60.6370822605    
  -60.6187340910      -60.6001563094      -60.5813461798      -60.5623009392    
  -60.5430177974      -60.5234939368      -60.5037265123      -60.4837126516    
  -60.4634494547      -60.4429339941      -60.4221633146      -60.4011344335    
  -60.3798443404      -60.3582899971      -60.3364683378      -60.3143762691    
  -60.2920106696      -60.2693683905      -60.2464462552      -60.2232410596    
  -60.1997495717      -60.1759685324      -60.1518946547      -60.1275246245    
  -60.1028551001      -60.0778827129      -60.0526040667      -60.0270157387    
  -60.0011142789      -59.9748962107      -59.9483580306      -59.9214962089    
  -59.8943071893      -59.8667873895      -59.8389332012      -59.8107409903    
  -59.7822070972      -59.7533278367      -59.7240994988      -59.6945183484    
  -59.6645806258      -59.6342825470      -59.6036203037      -59.5725900641    
  -59.5411879726      -59.5094101504      -59.4772526960      -59.4447116852    
  -59.4117831714      -59.3784631865      -59.3447477404      -59.3106328222    
  -59.2761144001      -59.2411884217      -59.2058508148      -59.1700974874    
  -59.1339243286      -59.0973272083      -59.0603019782      -59.0228444721    
  -58.9849505063      -58.9466158797      -58.9078363750      -58.8686077584    
  -58.8289257805      -58.7887861765      -58.7481846667      -58.7071169571    
  -58.6655787398      -58.6235656933      -58.5810734830      -58.5380977618    
  -58.4946341704      -58.4506783377      -58.4062258814      -58.3612724082    
  -58.3158135144      -58.2698447862      -58.2233618001      -58.1763601235    
  -58.1288353145      -58.0807829230      -58.0321984904      -57.9830775505    
  -57.9334156291      -57.8832082450      -57.8324509098      -57.7811391285    
  -57.7292683992      -57.6768342139      -57.6238320583      -57.5702574121    
  -57.5161057491      -57.4613725372      -57.4060532388      -57.3501433103    
  -57.2936382027      -57.2365333613      -57.1788242255      -57.1205062291    
  -57.0615748000      -57.0020253601      -56.9418533251      -56.8810541046    
  -56.8196231013      -56.7575557115      -56.6948473243      -56.6314933214    
  -56.5674890772      -56.5028299580      -56.4375113218      -56.3715285181    
  -56.3048768874      -56.2375517608      -56.1695484598      -56.1008622957    
  -56.0314885694      -55.9614225710      -55.8906595792      -55.8191948614    
  -55.7470236731      -55.6741412575      -55.6005428457      -55.5262236559    
  -55.4511788937      -55.3754037516      -55.2988934094      -55.2216430336    
  -55.1436477780      -55.0649027835      -54.9854031784      -54.9051440788    
  -54.8241205887      -54.7423278007      -54.6597607965      -54.5764146473    
  -54.4922844148      -54.4073651519      -54.3216519034      -54.2351397071    
  -54.1478235946      -54.0596985923      -53.9707597227      -53.8810020051    
  -53.7904204567      -53.6990100933      -53.6067659305      -53.5136829843    
  -53.4197562711      -53.3249808088      -53.2293516161      -53.1328637123    
  -53.0355121170      -52.9372918483      -52.8381979214      -52.7382253462    
  -52.6373691243      -52.5356242452      -52.4329856821      -52.3294483865    
  -52.2250072821      -52.1196572576      -52.0133931596      -51.9062097833    
  -51.7981018642      -51.6890640676      -51.5790909791      -51.4681770946    
  -51.3563168103      -51.2435044142      -51.1297340785      -51.0149998538    
  -50.8992956672      -50.7826153229      -50.6649525085      -50.5463008077    
  -50.4266537197      -50.3060046883      -50.1843471417      -50.0616745438    
  -49.9379804608      -49.8132586421      -49.6875031188      -49.5607083205    
  -49.4328692105      -49.3039814403      -49.1740415225      -49.0430470202    
  -48.9109967510      -48.7778910026      -48.6437317486      -48.5085228705    
  -48.3722703664      -48.2349825315      -48.0966701255      -47.9573464892    
  -47.8170276068      -47.6757321109      -47.5334812099      -47.3902985364    
  -47.2462099087      -47.1012430038      -46.9554269457      -46.8087918132    
  -46.6613680798      -46.5131859993      -46.3642749553      -46.2146627950    
  -46.0643751693      -45.9134349005      -45.7618613996      -45.6096701517    
  -45.4568722867      -45.3034742493      -45.1494775794      -44.9948788111    
  -44.8396694956      -44.6838363508      -44.5273615358      -44.3702230483    
  -44.2123952336      -44.0538493929      -43.8945544723      -43.7344778063    
  -43.5735858888      -43.4118451380      -43.2492226245      -43.0856867314    
  -42.9212077219      -42.7557581960      -42.5893134261      -42.4218515728    
  -42.2533537852      -42.0838042023      -41.9131898734      -41.7415006172    
  -41.5687288414      -41.3948693413      -41.2199190928      -41.0438770520    
  -40.8667439695      -40.6885222233      -40.5092156716      -40.3288295254    
  -40.1473702369      -39.9648454016      -39.7812636689      -39.5966346601    
  -39.4109688881      -39.2242776789      -39.0365730917      -38.8478678376    
  -38.6581751964      -38.4675089309      -38.2758832008      -38.0833124753    
  -37.8898114458      -37.6953949405      -37.5000778404      -37.3038749981    
  -37.1068011607      -36.9088708965      -36.7100985271      -36.5104980645    
  -36.3100831541      -36.1088670238      -35.9068624401      -35.7040816704    
  -35.5005364527      -35.2962379723      -35.0911968466      -34.8854231166    
  -34.6789262464      -34.4717151312      -34.2637981114      -34.0551829956    
  -33.8458770902      -33.6358872354      -33.4252198480      -33.2138809688    
  -33.0018763143      -32.7892113309      -32.5758912500      -32.3619211419    
  -32.1473059660      -31.9320506141      -31.7161599454      -31.4996388071    
  -31.2824920401      -31.0647244651      -30.8463408459      -30.6273458284    
  -30.4077438536      -30.1875390448      -29.9667350717      -29.7453349971    
  -29.5233411146      -29.3007547909      -29.0775763359      -28.8538049156    
  -28.6294385594      -28.4044742864      -28.1789083877      -27.9527369588    
  -27.7259566955      -27.4985660200      -27.2705665985      -27.0419652620    
  -26.8127763461      -26.5830244032      -26.3527472131      -26.1219989291    
  -25.8908531255      -25.6594054932      -25.4277757895      -25.1961086615    
  -24.9645729536      -24.7333591198      -24.5026744672      -24.2727360787    
  -24.0437614457      -23.8159570683      -23.5895055459      -23.3645519957    
  -23.1411909643      -22.9194553139      -22.6993087629      -22.4806437271    
  -22.2632857053      -22.0470046271      -21.8315324134      -21.6165847551    
  -21.4018841591      -21.1871809888      -20.9722696808      -20.7569984097    
  -20.5412718544      -20.3250479630      -20.1083304241      -19.8911588174    
  -19.6735982309      -19.4557296705      -19.2376420543      -19.0194261127    
  -18.8011701728      -18.5829576033      -18.3648656033      -18.1469650043    
  -17.9293207784      -17.7119929937      -17.4950380051      -17.2785097184    
  -17.0624608053      -16.8469437866      -16.6320119298      -16.4177199345    
  -16.2041244001      -15.9912840852      -15.7792599805      -15.5681152235    
  -15.3579148850      -15.1487256601      -14.9406154922      -14.7336531570    
  -14.5279078272      -14.3234486359      -14.1203442535      -13.9186624854    
  -13.7184698987      -13.5198314818      -13.3228103380      -13.1274674137    
  -12.9338612614      -12.7420478350      -12.5520803163      -12.3640089706    
  -12.1778810295      -11.9937405987      -11.8116285894      -11.6315826708    
  -11.4536372431      -11.2778234288      -11.1041690821      -10.9326988135    
  -10.7634340309      -10.5963929936      -10.4315908815      -10.2690398749    
  -10.1087492476      -9.95072547045      -9.79497232425      -9.64149102289    
  -9.49028034438      -9.34133676807      -9.19465462181      -9.05022622756    
  -8.90804205735      -8.76809089189      -8.63035997075      -8.49483516026    
  -8.36150110247      -8.23034136600      -8.10133860238      -7.97447468068    
  -7.84973082291      -7.72708772890      -7.60652568747      -7.48802467675    
  -7.37156444957      -7.25712460402      -7.14468463805      -7.03422398768    
  -6.92572204885      -6.81915818343      -6.71451171021      -6.61176188257    
  -6.51088785489      -6.41186864055      -6.31468306474      -6.21930971614    
  -6.12572690161      -6.03391260884      -5.94384448168      -5.85549981327    
  -5.76885556161      -5.68388839197      -5.60057474965      -5.51889096561    
  -5.43881339612      -5.36031859567      -5.28338352050      -5.20798575751    
  -5.13410377077      -5.06171715513      -4.99080688359      -4.92135553291    
  -4.85334746953      -4.78676897740      -4.72160830878      -4.65785564093    
  -4.59550292465      -4.53454361538      -4.47497228446      -4.41678411592    
  -4.35997430317      -4.30453736904      -4.25046644074      -4.19775251815    
  -4.14638377745      -4.09634495303      -4.04761683728      -4.00017593128    
  -3.95399426962      -3.90903943038      -3.86527472859      -3.82265957872    
  -3.78115000102      -3.74069923803      -3.70125844292      -3.66277740000    
  -3.62520523931      -3.58849111236      -3.55258480246      -3.51743725065    
  -3.48300098625      -3.44923045828      -3.41608227014      -3.38351532487    
  -3.35149089187      -3.31997260755      -3.28892642380      -3.25832051745    
  -3.22812517333      -3.19831265235      -3.16885705403      -3.13973418189    
  -3.11092141813      -3.08239761281      -3.05414299153      -3.02613908430    
  -2.99836867779      -2.97081579173      -2.94346568022      -2.91630485737    
  -2.88932114649      -2.86250375123      -2.83584334628      -2.80933218461    
  -2.78296421765      -2.75673522355      -2.73064293857      -2.70468718561    
  -2.67886999266      -2.65319569742      -2.62767102254      -2.60230513065    
  -2.57710963674      -2.55209856879      -2.52728830302      -2.50269743412    
  -2.47834659177      -2.45425821376      -2.43045626311      -2.40696590121    
  -2.38381311976      -2.36102433928      -2.33862598271      -2.31664403335    
  -2.29510358736      -2.27402841075      -2.25344051109      -2.23335973304    
  -2.21380338644      -2.19478591443      -2.17631860695      -2.15840936696    
  -2.14106252635      -2.12427872442      -2.10805484195      -2.09238397997    
  -2.07725551200      -2.06265517944      -2.04856523191      -2.03496462192    
  -2.02182923507      -2.00913215926      -1.99684398496      -1.98493313232    
  -1.97336619966      -1.96210832818      -1.95112357751      -1.94037530688    
  -1.92982655662      -1.91944042502      -1.90918043559      -1.89901088998    
  -1.88889720219      -1.87880621004      -1.86870646019      -1.85856846352    
  -1.84836491829      -1.83807089899      -1.82766400938      -1.81712449908    
  -1.80643534345      -1.79558228740      -1.78455385426      -1.77334132150    
  -1.76193866552      -1.75034247827      -1.73855185877      -1.72656828289    
  -1.71439545486      -1.70203914409      -1.68950701094      -1.67680842474    
  -1.66395427741      -1.65095679577      -1.63782935514      -1.62458629675    
  -1.61124275105      -1.59781446858      -1.58431765988      -1.57076884544    
  -1.55718471654      -1.54358200738      -1.52997737872      -1.51638731321    
  -1.50282802198      -1.48931536249      -1.47586476683      -1.46249118032    
  -1.44920900956      -1.43603207929      -1.42297359759      -1.41004612851    
  -1.39726157161      -1.38463114761      -1.37216538973      -1.35987413981    
  -1.34776654890      -1.33585108163      -1.32413552385      -1.31262699317    
  -1.30133195182      -1.29025622160      -1.27940500040      -1.26878288012    
  -1.25839386555      -1.24824139407      -1.23832835591      -1.22865711475    
  -1.21922952851      -1.21004697019      -1.20111034863      -1.19242012909    
  -1.18397635364      -1.17577866111      -1.16782630682      -1.16011818178    
  -1.15265283163      -1.14542847499      -1.13844302154      -1.13169408952    
  -1.12517902294      -1.11889490834      -1.11283859112      -1.10700669155    
  -1.10139562043      -1.09600159435      -1.09082065066      -1.08584866216    
  -1.08108135141      -1.07651430484      -1.07214298648      -1.06796275148    
  -1.06396885933      -1.06015648678      -1.05652074052      -1.05305666949    
  -1.04975927697      -1.04662353232      -1.04364438242      -1.04081676276    
  -1.03813560815      -1.03559586316      -1.03319249210      -1.03092048862    
  -1.02877488494      -1.02675076063      -1.02484325097      -1.02304755482    
  -1.02135894212      -1.01977276085      -1.01828444351      -1.01688951317    
  -1.01558358901      -1.01436239133      -1.01322174614      -1.01215758923    
  -1.01116596971      -1.01024305318      -1.00938512429      -1.00858859029    
  -1.00784997705      -1.00716594273      -1.00681213609      -1.00689780928    
  -1.00698456434      -1.00707242174      -1.00716138081      -1.00725145951    
  -1.00734267229      -1.00743503248      -1.00752855432      -1.00762325244    
  -1.00771914165      -1.00781623696      -1.00791455355      -1.00801410679    
  -1.00811491224      -1.00821698566      -1.00832034299      -1.00842500039    
  -1.00853097422      -1.00863828103      -1.00874693759      -1.00885696088    
  -1.00896836809      -1.00908117663      -1.00919540413      -1.00931106843    
  -1.00942818761      -1.00954677997      -1.00966686404      -1.00978845858    
  -1.00991158259      -1.01003625530      -1.01016249621      -1.01029032503    
  -1.01041976175      -1.01055082657      -1.01068353999      -1.01081792274    
  -1.01095399581      -1.01109178048      -1.01123129826      -1.01137257095    
  -1.01151562065      -1.01166046968      -1.01180714069      -1.01195565659    
  -1.01210604060      -1.01225831620      -1.01241250719      -1.01256863767    
  -1.01272673203      -1.01288681497      -1.01304891150      -1.01321304696    
  -1.01337924699      -1.01354753756      -1.01371794496      -1.01389049582    
  -1.01406521711      -1.01424213612      -1.01442128049      -1.01460267823    
  -1.01478635767      -1.01497234751      -1.01516067681      -1.01535137501    
  -1.01554447189      -1.01573999764      -1.01593798279      -1.01613845829    
  -1.01634145546      -1.01654700603      -1.01675514210      -1.01696589620    
  -1.01717930126      -1.01739539062      -1.01761419806      -1.01783575775    
  -1.01806010432      -1.01828727283      -1.01851729876      -1.01875021806    
  -1.01898606713      -1.01922488281      -1.01946670243      -1.01971156376    
  -1.01995950507      -1.02021056509      -1.02046478306      -1.02072219870    
  -1.02098285223      -1.02124678438      -1.02151403638      -1.02178465000    
  -1.02205866753      -1.02233613176      -1.02261708607      -1.02290157435    
  -1.02318964105      -1.02348133118      -1.02377669033      -1.02407576463    
  -1.02437860083      -1.02468524624      -1.02499574877      -1.02531015694    
  -1.02562851988      -1.02595088733      -1.02627730967      -1.02660783789    
  -1.02694252365      -1.02728141923      -1.02762457760      -1.02797205237    
  -1.02832389783      -1.02868016896      -1.02904092144      -1.02940621161    
  -1.02977609658      -1.03015063413      -1.03052988278      -1.03091390178    
  -1.03130275116      -1.03169649165      -1.03209518480      -1.03249889288    
  -1.03290767898      -1.03332160699      -1.03374074156      -1.03416514820    
  -1.03459489322      -1.03503004377      -1.03547066783      -1.03591683427    
  -1.03636861278      -1.03682607397      -1.03728928932      -1.03775833119    
  -1.03823327289      -1.03871418862      -1.03920115352      -1.03969424369    
  -1.04019353617      -1.04069910897      -1.04121104110      -1.04172941254    
  -1.04225430429    
