 Raios
  0.100576981082E-05  0.202419064847E-05  0.305542164327E-05  0.409962392717E-05
  0.515696065889E-05  0.622759704945E-05  0.731170038798E-05  0.840944006781E-05
  0.952098761300E-05  0.106465167051E-04  0.117862032104E-04  0.129402252072E-04
  0.141087630137E-04  0.152919992164E-04  0.164901186983E-04  0.177033086680E-04
  0.189317586891E-04  0.201756607091E-04  0.214352090905E-04  0.227106006401E-04
  0.240020346405E-04  0.253097128810E-04  0.266338396888E-04  0.279746219614E-04
  0.293322691990E-04  0.307069935365E-04  0.320990097775E-04  0.335085354273E-04
  0.349357907272E-04  0.363809986887E-04  0.378443851285E-04  0.393261787038E-04
  0.408266109477E-04  0.423459163059E-04  0.438843321729E-04  0.454420989293E-04
  0.470194599795E-04  0.486166617891E-04  0.502339539243E-04  0.518715890902E-04
  0.535298231708E-04  0.552089152683E-04  0.569091277445E-04  0.586307262608E-04
  0.603739798207E-04  0.621391608110E-04  0.639265450449E-04  0.657364118047E-04
  0.675690438859E-04  0.694247276409E-04  0.713037530240E-04  0.732064136369E-04
  0.751330067742E-04  0.770838334698E-04  0.790591985445E-04  0.810594106530E-04
  0.830847823327E-04  0.851356300518E-04  0.872122742596E-04  0.893150394360E-04
  0.914442541422E-04  0.936002510724E-04  0.957833671055E-04  0.979939433579E-04
  0.100232325237E-03  0.102498862493E-03  0.104793909279E-03  0.107117824199E-03
  0.109470970371E-03  0.111853715478E-03  0.114266431828E-03  0.116709496414E-03
  0.119183290970E-03  0.121688202031E-03  0.124224620994E-03  0.126792944180E-03
  0.129393572895E-03  0.132026913492E-03  0.134693377437E-03  0.137393381368E-03
  0.140127347169E-03  0.142895702025E-03  0.145698878500E-03  0.148537314593E-03
  0.151411453817E-03  0.154321745263E-03  0.157268643668E-03  0.160252609492E-03
  0.163274108986E-03  0.166333614264E-03  0.169431603382E-03  0.172568560405E-03
  0.175744975490E-03  0.178961344959E-03  0.182218171375E-03  0.185515963624E-03
  0.188855236994E-03  0.192236513251E-03  0.195660320728E-03  0.199127194402E-03
  0.202637675978E-03  0.206192313976E-03  0.209791663816E-03  0.213436287904E-03
  0.217126755719E-03  0.220863643905E-03  0.224647536358E-03  0.228479024319E-03
  0.232358706465E-03  0.236287189005E-03  0.240265085772E-03  0.244293018322E-03
  0.248371616025E-03  0.252501516172E-03  0.256683364068E-03  0.260917813135E-03
  0.265205525014E-03  0.269547169670E-03  0.273943425492E-03  0.278394979406E-03
  0.282902526974E-03  0.287466772511E-03  0.292088429190E-03  0.296768219153E-03
  0.301506873627E-03  0.306305133037E-03  0.311163747120E-03  0.316083475045E-03
  0.321065085530E-03  0.326109356960E-03  0.331217077515E-03  0.336389045284E-03
  0.341626068400E-03  0.346928965157E-03  0.352298564144E-03  0.357735704372E-03
  0.363241235405E-03  0.368816017493E-03  0.374460921707E-03  0.380176830075E-03
  0.385964635720E-03  0.391825242998E-03  0.397759567640E-03  0.403768536897E-03
  0.409853089683E-03  0.416014176721E-03  0.422252760694E-03  0.428569816393E-03
  0.434966330871E-03  0.441443303597E-03  0.448001746610E-03  0.454642684680E-03
  0.461367155469E-03  0.468176209687E-03  0.475070911264E-03  0.482052337511E-03
  0.489121579289E-03  0.496279741182E-03  0.503527941668E-03  0.510867313293E-03
  0.518299002847E-03  0.525824171549E-03  0.533443995221E-03  0.541159664475E-03
  0.548972384901E-03  0.556883377252E-03  0.564893877638E-03  0.573005137714E-03
  0.581218424882E-03  0.589535022485E-03  0.597956230008E-03  0.606483363281E-03
  0.615117754687E-03  0.623860753367E-03  0.632713725432E-03  0.641678054177E-03
  0.650755140297E-03  0.659946402105E-03  0.669253275754E-03  0.678677215463E-03
  0.688219693740E-03  0.697882201618E-03  0.707666248883E-03  0.717573364312E-03
  0.727605095913E-03  0.737763011163E-03  0.748048697258E-03  0.758463761358E-03
  0.769009830836E-03  0.779688553538E-03  0.790501598037E-03  0.801450653891E-03
  0.812537431914E-03  0.823763664437E-03  0.835131105582E-03  0.846641531535E-03
  0.858296740822E-03  0.870098554595E-03  0.882048816910E-03  0.894149395021E-03
  0.906402179667E-03  0.918809085371E-03  0.931372050738E-03  0.944093038755E-03
  0.956974037104E-03  0.970017058466E-03  0.983224140840E-03  0.996597347860E-03
  0.101013876912E-02  0.102385052048E-02  0.103773474445E-02  0.105179361046E-02
  0.106602931523E-02  0.108044408312E-02  0.109504016647E-02  0.110981984595E-02
  0.112478543092E-02  0.113993925976E-02  0.115528370031E-02  0.117082115016E-02
  0.118655403707E-02  0.120248481934E-02  0.121861598618E-02  0.123495005812E-02
  0.125148958739E-02  0.126823715833E-02  0.128519538778E-02  0.130236692550E-02
  0.131975445457E-02  0.133736069183E-02  0.135518838830E-02  0.137324032958E-02
  0.139151933633E-02  0.141002826468E-02  0.142877000669E-02  0.144774749079E-02
  0.146696368226E-02  0.148642158366E-02  0.150612423533E-02  0.152607471585E-02
  0.154627614252E-02  0.156673167185E-02  0.158744450008E-02  0.160841786361E-02
  0.162965503957E-02  0.165115934632E-02  0.167293414396E-02  0.169498283483E-02
  0.171730886409E-02  0.173991572023E-02  0.176280693561E-02  0.178598608704E-02
  0.180945679630E-02  0.183322273073E-02  0.185728760383E-02  0.188165517576E-02
  0.190632925402E-02  0.193131369397E-02  0.195661239949E-02  0.198222932355E-02
  0.200816846885E-02  0.203443388843E-02  0.206102968632E-02  0.208796001816E-02
  0.211522909188E-02  0.214284116832E-02  0.217080056193E-02  0.219911164141E-02
  0.222777883044E-02  0.225680660831E-02  0.228619951068E-02  0.231596213025E-02
  0.234609911748E-02  0.237661518135E-02  0.240751509005E-02  0.243880367176E-02
  0.247048581537E-02  0.250256647129E-02  0.253505065219E-02  0.256794343378E-02
  0.260124995563E-02  0.263497542196E-02  0.266912510242E-02  0.270370433299E-02
  0.273871851673E-02  0.277417312469E-02  0.281007369672E-02  0.284642584235E-02
  0.288323524168E-02  0.292050764626E-02  0.295824887997E-02  0.299646483996E-02
  0.303516149756E-02  0.307434489918E-02  0.311402116733E-02  0.315419650149E-02
  0.319487717914E-02  0.323606955673E-02  0.327778007064E-02  0.332001523823E-02
  0.336278165883E-02  0.340608601478E-02  0.344993507247E-02  0.349433568341E-02
  0.353929478528E-02  0.358481940304E-02  0.363091664999E-02  0.367759372893E-02
  0.372485793325E-02  0.377271664807E-02  0.382117735141E-02  0.387024761537E-02
  0.391993510726E-02  0.397024759086E-02  0.402119292759E-02  0.407277907778E-02
  0.412501410186E-02  0.417790616165E-02  0.423146352166E-02  0.428569455032E-02
  0.434060772135E-02  0.439621161504E-02  0.445251491961E-02  0.450952643258E-02
  0.456725506209E-02  0.462570982837E-02  0.468489986510E-02  0.474483442084E-02
  0.480552286048E-02  0.486697466672E-02  0.492919944152E-02  0.499220690764E-02
  0.505600691012E-02  0.512060941784E-02  0.518602452507E-02  0.525226245306E-02
  0.531933355162E-02  0.538724830074E-02  0.545601731223E-02  0.552565133141E-02
  0.559616123873E-02  0.566755805149E-02  0.573985292561E-02  0.581305715729E-02
  0.588718218486E-02  0.596223959049E-02  0.603824110207E-02  0.611519859497E-02
  0.619312409397E-02  0.627202977508E-02  0.635192796748E-02  0.643283115542E-02
  0.651475198019E-02  0.659770324208E-02  0.668169790240E-02  0.676674908549E-02
  0.685287008076E-02  0.694007434479E-02  0.702837550344E-02  0.711778735393E-02
  0.720832386705E-02  0.729999918931E-02  0.739282764517E-02  0.748682373926E-02
  0.758200215867E-02  0.767837777522E-02  0.777596564778E-02  0.787478102468E-02
  0.797483934600E-02  0.807615624607E-02  0.817874755585E-02  0.828262930546E-02
  0.838781772662E-02  0.849432925523E-02  0.860218053395E-02  0.871138841475E-02
  0.882196996159E-02  0.893394245306E-02  0.904732338508E-02  0.916213047366E-02
  0.927838165764E-02  0.939609510151E-02  0.951528919823E-02  0.963598257211E-02
  0.975819408175E-02  0.988194282295E-02  0.100072481317E-01  0.101341295872E-01
  0.102626070149E-01  0.103927004897E-01  0.105244303390E-01  0.106578171459E-01
  0.107928817522E-01  0.109296452621E-01  0.110681290452E-01  0.112083547398E-01
  0.113503442566E-01  0.114941197816E-01  0.116397037801E-01  0.117871189998E-01
  0.119363884748E-01  0.120875355286E-01  0.122405837783E-01  0.123955571380E-01
  0.125524798226E-01  0.127113763516E-01  0.128722715528E-01  0.130351905666E-01
  0.132001588493E-01  0.133672021775E-01  0.135363466521E-01  0.137076187023E-01
  0.138810450897E-01  0.140566529125E-01  0.142344696098E-01  0.144145229658E-01
  0.145968411142E-01  0.147814525427E-01  0.149683860970E-01  0.151576709859E-01
  0.153493367857E-01  0.155434134445E-01  0.157399312871E-01  0.159389210198E-01
  0.161404137353E-01  0.163444409171E-01  0.165510344450E-01  0.167602265995E-01
  0.169720500674E-01  0.171865379465E-01  0.174037237510E-01  0.176236414167E-01
  0.178463253060E-01  0.180718102139E-01  0.183001313727E-01  0.185313244582E-01
  0.187654255947E-01  0.190024713610E-01  0.192424987959E-01  0.194855454044E-01
  0.197316491628E-01  0.199808485254E-01  0.202331824302E-01  0.204886903047E-01
  0.207474120726E-01  0.210093881598E-01  0.212746595005E-01  0.215432675438E-01
  0.218152542605E-01  0.220906621488E-01  0.223695342420E-01  0.226519141143E-01
  0.229378458881E-01  0.232273742408E-01  0.235205444119E-01  0.238174022098E-01
  0.241179940192E-01  0.244223668080E-01  0.247305681352E-01  0.250426461579E-01
  0.253586496389E-01  0.256786279543E-01  0.260026311014E-01  0.263307097065E-01
  0.266629150324E-01  0.269992989869E-01  0.273399141306E-01  0.276848136854E-01
  0.280340515426E-01  0.283876822712E-01  0.287457611268E-01  0.291083440600E-01
  0.294754877250E-01  0.298472494888E-01  0.302236874399E-01  0.306048603975E-01
  0.309908279208E-01  0.313816503178E-01  0.317773886554E-01  0.321781047685E-01
  0.325838612698E-01  0.329947215596E-01  0.334107498357E-01  0.338320111032E-01
  0.342585711852E-01  0.346904967325E-01  0.351278552344E-01  0.355707150290E-01
  0.360191453141E-01  0.364732161577E-01  0.369329985095E-01  0.373985642113E-01
  0.378699860088E-01  0.383473375624E-01  0.388306934595E-01  0.393201292253E-01
  0.398157213351E-01  0.403175472263E-01  0.408256853101E-01  0.413402149842E-01
  0.418612166449E-01  0.423887716997E-01  0.429229625802E-01  0.434638727548E-01
  0.440115867418E-01  0.445661901227E-01  0.451277695553E-01  0.456964127876E-01
  0.462722086713E-01  0.468552471755E-01  0.474456194014E-01  0.480434175956E-01
  0.486487351655E-01  0.492616666931E-01  0.498823079502E-01  0.505107559133E-01
  0.511471087787E-01  0.517914659777E-01  0.524439281925E-01  0.531045973717E-01
  0.537735767462E-01  0.544509708452E-01  0.551368855132E-01  0.558314279255E-01
  0.565347066059E-01  0.572468314431E-01  0.579679137081E-01  0.586980660714E-01
  0.594374026208E-01  0.601860388792E-01  0.609440918225E-01  0.617116798980E-01
  0.624889230429E-01  0.632759427030E-01  0.640728618518E-01  0.648798050095E-01
  0.656968982626E-01  0.665242692835E-01  0.673620473508E-01  0.682103633689E-01
  0.690693498889E-01  0.699391411293E-01  0.708198729965E-01  0.717116831070E-01
  0.726147108076E-01  0.735290971985E-01  0.744549851542E-01  0.753925193468E-01
  0.763418462677E-01  0.773031142513E-01  0.782764734977E-01  0.792620760961E-01
  0.802600760491E-01  0.812706292962E-01  0.822938937383E-01  0.833300292626E-01
  0.843791977673E-01  0.854415631873E-01  0.865172915192E-01  0.876065508478E-01
  0.887095113721E-01  0.898263454319E-01  0.909572275348E-01  0.921023343834E-01
  0.932618449031E-01  0.944359402696E-01  0.956248039378E-01  0.968286216700E-01
  0.980475815652E-01  0.992818740884E-01  0.100531692100      0.101797230888    
  0.103078688193      0.104376264247      0.105690161799      0.107020586147    
  0.108367745174      0.109731849375      0.111113111894      0.112511748558    
  0.113927977904      0.115362021223      0.116814102587      0.118284448885    
  0.119773289863      0.121280858156      0.122807389323      0.124353121888    
  0.125918297375      0.127503160347      0.129107958440      0.130732942409    
  0.132378366159      0.134044486793      0.135731564644      0.137439863322    
  0.139169649753      0.140921194218      0.142694770400      0.144490655425    
  0.146309129902      0.148150477972      0.150014987350      0.151902949368    
  0.153814659026      0.155750415030      0.157710519848      0.159695279749    
  0.161705004856      0.163740009194      0.165800610734      0.167887131452    
  0.169999897369      0.172139238610      0.174305489450      0.176498988373    
  0.178720078115      0.180969105726      0.183246422623      0.185552384640    
  0.187887352088      0.190251689811      0.192645767242      0.195069958459    
  0.197524642249      0.200010202159      0.202527026564      0.205075508723    
  0.207656046842      0.210269044134      0.212914908886      0.215594054519    
  0.218306899656      0.221053868185      0.223835389323      0.226651897691    
  0.229503833372      0.232391641989      0.235315774766      0.238276688605    
  0.241274846156      0.244310715886      0.247384772156      0.250497495295    
  0.253649371670      0.256840893770      0.260072560275      0.263344876142    
  0.266658352674      0.270013507611      0.273410865202      0.276850956290    
  0.280334318398      0.283861495807      0.287433039646      0.291049507976    
  0.294711465878      0.298419485540      0.302174146347      0.305976034974    
  0.309825745472      0.313723879367      0.317671045751      0.321667861375    
  0.325714950752      0.329812946246      0.333962488177      0.338164224921    
  0.342418813007      0.346726917223      0.351089210718      0.355506375112    
  0.359979100593      0.364508086036      0.369094039102      0.373737676356    
  0.378439723377      0.383200914868      0.388021994776      0.392903716404    
  0.397846842531      0.402852145530      0.407920407490      0.413052420338    
  0.418248985961      0.423510916333      0.428839033641      0.434234170414    
  0.439697169653      0.445228884964      0.450830180688      0.456501932039    
  0.462245025239      0.468060357659      0.473948837955      0.479911386216    
  0.485948934101      0.492062424990      0.498252814127      0.504521068775    
  0.510868168359      0.517295104628      0.523802881804      0.530392516739    
  0.537065039078      0.543821491417      0.550662929463      0.557590422206    
  0.564605052081      0.571707915138      0.578900121214      0.586182794105    
  0.593557071745      0.601024106378      0.608585064745      0.616241128260    
  0.623993493199      0.631843370884      0.639791987876      0.647840586162    
  0.655990423351      0.664242772872      0.672598924171      0.681060182915    
  0.689627871192      0.698303327720      0.707087908059      0.715982984815    
  0.724989947863      0.734110204560      0.743345179963      0.752696317057    
  0.762165076976      0.771752939232      0.781461401949      0.791291982095    
  0.801246215716      0.811325658182      0.821531884427      0.831866489194    
  0.842331087286      0.852927313819      0.863656824473      0.874521295757    
  0.885522425267      0.896661931951      0.907941556381      0.919363061019    
  0.930928230500      0.942638871905      0.954496815045      0.966503912749    
  0.978662041149      0.990973099978       1.00343901286       1.01606172763    
   1.02884321660       1.04178547692       1.05489053082       1.06816042602    
   1.08159723594       1.09520306013       1.10898002452       1.12293028179    
   1.13705601169       1.15135942140       1.16584274586       1.18050824811    
   1.19535821967       1.21039498088       1.22562088127       1.24103829990    
   1.25664964578       1.27245735823       1.28846390721       1.30467179380    
   1.32108355051       1.33770174170       1.35452896400       1.37156784671    
   1.38882105217       1.40629127624       1.42398124868       1.44189373358    
   1.46003152981       1.47839747142       1.49699442815       1.51582530579    
   1.53489304671       1.55420063029       1.57375107337       1.59354743075    
   1.61359279566       1.63389030021       1.65444311595       1.67525445428    
   1.69632756702       1.71766574689       1.73927232802       1.76115068648    
   1.78330424082       1.80573645256       1.82845082680       1.85145091269    
   1.87474030404       1.89832263988       1.92220160498       1.94638093049    
   1.97086439447       1.99565582252       2.02075908835       2.04617811439    
   2.07191687241       2.09797938416       2.12436972194       2.15109200931    
   2.17815042168       2.20554918698       2.23329258632       2.26138495466    
   2.28983068150       2.31863421153       2.34780004537       2.37733274024    
   2.40723691068       2.43751722928       2.46817842739       2.49922529591    
   2.53066268595       2.56249550968       2.59472874104       2.62736741654    
   2.66041663604       2.69388156354       2.72776742802       2.76207952419    
   2.79682321341       2.83200392444       2.86762715433       2.90369846930    
   2.94022350556       2.97720797021       3.01465764216       3.05257837299    
   3.09097608790       3.12985678661       3.16922654429       3.20909151257    
   3.24945792042       3.29033207518       3.33172036351       3.37362925242    
   3.41606529025       3.45903510774       3.50254541899       3.54660302258    
   3.59121480260       3.63638772974       3.68212886235       3.72844534758    
   3.77534442248       3.82283341511       3.87091974574       3.91961092795    
   3.96891456984       4.01883837519       4.06939014472       4.12057777722    
   4.17240927088       4.22489272447       4.27803633864       4.33184841719    
   4.38633736835       4.44151170615       4.49738005168       4.55395113449    
   4.61123379393       4.66923698052       4.72796975738       4.78744130163    
   4.84766090581       4.90863797937       4.97038205009       5.03290276562    
   5.09620989494       5.16031332991       5.22522308683       5.29094930799    
   5.35750226324       5.42489235160       5.49313010293       5.56222617951    
   5.63219137773       5.70303662981       5.77477300547       5.84741171364    
   5.92096410429       5.99544167012       6.07085604840       6.14721902279    
   6.22454252515       6.30283863743       6.38211959357       6.46239778137    
   6.54368574447       6.62599618428       6.70934196196       6.79373610047    
   6.87919178656       6.96572237285       7.05334137994       7.14206249845    
   7.23189959126       7.32286669558       7.41497802522       7.50824797276    
   7.60269111181       7.69832219931       7.79515617780       7.89320817781    
   7.99249352014       8.09302771834       8.19482648109       8.29790571463    
   8.40228152532       8.50797022209       8.61498831901       8.72335253787    
   8.83307981081       8.94418728293       9.05669231501       9.17061248619    
   9.28596559671       9.40276967075       9.52104295917       9.64080394242    
   9.76207133339       9.88486408036       10.0092013700       10.1351026301    
   10.2625875332       10.3916759989       10.5223881977       10.6547445535    
   10.7887657473       10.9244727202       11.0618866767       11.2010290880    
   11.3419216953       11.4845865135       11.6290458342       11.7753222295    
   11.9234385553       12.0734179551       12.2252838635       12.3790600100    
   12.5347704222       12.6924394303       12.8520916704       13.0137520884    
   13.1774459442       13.3431988152       13.5110366007       13.6809855256    
   13.8530721448       14.0273233472       14.2037663600       14.3824287526    
   14.5633384415       14.7465236941       14.9320131335       15.1198357429    
   15.3100208699       15.5025982312       15.6975979176       15.8950503981    
   16.0949865250       16.2974375389       16.5024350729       16.7100111586    
   16.9201982300       17.1330291292       17.3485371116       17.5667558508    
   17.7877194437       18.0114624165       18.2380197295       18.4674267826    
   18.6997194213       18.9349339416       19.1731070964       19.4142761006    
   19.6584786375       19.9057528642       20.1561374178       20.4096714213    
   20.6663944900       20.9263467374       21.1895687815       21.4561017514    
   21.7259872933       21.9992675774       22.2759853043       22.5561837117    
   22.8399065813       23.1271982452       23.4181035933       23.7126680803    
   24.0109377324       24.3129591549       24.6187795392       24.9284466704    
   25.2420089346       25.5595153266       25.8810154573       26.2065595618    
   26.5361985071       26.8699837998       27.2079675947       27.5502027024    
   27.8967425978       28.2476414285       28.6029540231       28.9627358999    
   29.3270432757       29.6959330742       30.0694629351       30.4476912232    
   30.8306770376       31.2184802204       31.6111613668       32.0087818340    
   32.4114037509       32.8190900281       33.2319043674       33.6499112719    
   34.0731760559       34.5017648555       34.9357446386       35.3751832154    
   35.8201492489       36.2707122662       36.7269426686       37.1889117429    
   37.6566916729       38.1303555501       38.6099773854       39.0956321207    
   39.5873956405       40.0853447840       40.5895573566       41.1001121426    
   41.6170889173       42.1405684593       42.6706325633       43.2073640530    
   43.7508467937       44.3011657057       44.8584067775       45.4226570791    
   45.9940047758       46.5725391418       47.1583505743       47.7515306075    
   48.3521719270       48.9603683842       49.5762150111       50.1998080350    
   50.8312448935       51.4706242499       52.1180460086       52.7736113304    
   53.4374226490       54.1095836860       54.7901994680       55.4793763427    
   56.1772219953       56.8838454656       57.5993571650       58.3238688937    
   59.0574938580       59.8003466884       60.5525434571       61.3142016964    
   62.0854404169       62.8663801264       63.6571428481       64.4578521404    
   65.2686331157       66.0896124603       66.9209184537       67.7626809893    
   68.6150315941       69.4781034498       70.3520314129       71.2369520366    
   72.1330035915       73.0403260874       73.9590612954       74.8893527696    
   75.8313458701       76.7851877852       77.7510275546       78.7290160927    
   79.7193062122       80.7220526480       81.7374120813       82.7655431640    
   83.8066065436       84.8607648886       85.9281829132       87.0090274038    
   88.1034672443       89.2116734434       90.3338191604       91.4700797330    
   92.6206327041       93.7856578500       94.9653372082       96.1598551061    
   97.3693981895       98.5941554519       99.8343182642       101.090080404    
   102.361638088       103.649189998       104.952937317       106.273083759    
   107.609835599       108.963401707       110.333993581       111.721825378    
   113.127113951       114.550078877       115.990942499       117.449929954    
   118.927269212    
Down potential follows (l on next line)
 1
  -61.9669961545      -62.0809093326      -61.9210842438      -62.0280741898    
  -61.9906524860      -62.0017220791      -61.9910789225      -61.9962155631    
  -61.9939158844      -61.9935556769      -61.9929181035      -61.9923086890    
  -61.9916929696      -61.9910889877      -61.9904882713      -61.9898947187    
  -61.9893071347      -61.9887262129      -61.9881520708      -61.9875850134    
  -61.9870253197      -61.9864732968      -61.9859292655      -61.9853935636    
  -61.9848665444      -61.9843485769      -61.9838400452      -61.9833413480    
  -61.9828528983      -61.9823751226      -61.9819084606      -61.9814533640    
  -61.9810102962      -61.9805797305      -61.9801621497      -61.9797580446    
  -61.9793679123      -61.9789922551      -61.9786315783      -61.9782863887    
  -61.9779571922      -61.9776444916      -61.9773487846      -61.9770705605    
  -61.9768102980      -61.9765684621      -61.9763455008      -61.9761418421    
  -61.9759578909      -61.9757940247      -61.9756505908      -61.9755279023    
  -61.9754262342      -61.9753458201      -61.9752868478      -61.9752494562    
  -61.9752337312      -61.9752397024      -61.9752673395      -61.9753165492    
  -61.9753871720      -61.9754789797      -61.9755916728      -61.9757248785    
  -61.9758781491      -61.9760509603      -61.9762427111      -61.9764527228    
  -61.9766802399      -61.9769244299      -61.9771843857      -61.9774591264    
  -61.9777476005      -61.9780486884      -61.9783612059      -61.9786839083    
  -61.9790154950      -61.9793546141      -61.9796998678      -61.9800498185    
  -61.9804029939      -61.9807578940      -61.9811129975      -61.9814667677    
  -61.9818176594      -61.9821641258      -61.9825046244      -61.9828376238    
  -61.9831616096      -61.9834750905      -61.9837766037      -61.9840647202    
  -61.9843380500      -61.9845952460      -61.9848350085      -61.9850560884    
  -61.9852572908      -61.9854374767      -61.9855955661      -61.9857305388    
  -61.9858414363      -61.9859273617      -61.9859874810      -61.9860210217    
  -61.9860272736      -61.9860055869      -61.9859553716      -61.9858760958    
  -61.9857672840      -61.9856285150      -61.9854594202      -61.9852596807    
  -61.9850290251      -61.9847672270      -61.9844741025      -61.9841495069    
  -61.9837933330      -61.9834055073      -61.9829859881      -61.9825347625    
  -61.9820518440      -61.9815372696      -61.9809910976      -61.9804134053    
  -61.9798042863      -61.9791638487      -61.9784922128      -61.9777895091    
  -61.9770558766      -61.9762914607      -61.9754964118      -61.9746708837    
  -61.9738150320      -61.9729290128      -61.9720129816      -61.9710670920    
  -61.9700914946      -61.9690863364      -61.9680517592      -61.9669878995    
  -61.9658948875      -61.9647728463      -61.9636218917      -61.9624421313    
  -61.9612336643      -61.9599965809      -61.9587309622      -61.9574368796    
  -61.9561143949      -61.9547635597      -61.9533844156      -61.9519769938    
  -61.9505413150      -61.9490773896      -61.9475852171      -61.9460647866    
  -61.9445160767      -61.9429390551      -61.9413336791      -61.9396998953    
  -61.9380376399      -61.9363468387      -61.9346274069      -61.9328792495    
  -61.9311022612      -61.9292963267      -61.9274613205      -61.9255971071    
  -61.9237035412      -61.9217804678      -61.9198277221      -61.9178451297    
  -61.9158325069      -61.9137896603      -61.9117163874      -61.9096124767    
  -61.9074777072      -61.9053118491      -61.9031146637      -61.9008859034    
  -61.8986253117      -61.8963326236      -61.8940075655      -61.8916498551    
  -61.8892592016      -61.8868353060      -61.8843778607      -61.8818865499    
  -61.8793610496      -61.8768010274      -61.8742061429      -61.8715760475    
  -61.8689103846      -61.8662087893      -61.8634708888      -61.8606963023    
  -61.8578846411      -61.8550355082      -61.8521484988      -61.8492232002    
  -61.8462591917      -61.8432560445      -61.8402133219      -61.8371305793    
  -61.8340073641      -61.8308432155      -61.8276376649      -61.8243902355    
  -61.8211004425      -61.8177677932      -61.8143917863      -61.8109719128    
  -61.8075076552      -61.8039984880      -61.8004438772      -61.7968432806    
  -61.7931961477      -61.7895019193      -61.7857600281      -61.7819698980    
  -61.7781309443      -61.7742425739      -61.7703041846      -61.7663151658    
  -61.7622748978      -61.7581827520      -61.7540380909      -61.7498402679    
  -61.7455886271      -61.7412825037      -61.7369212232      -61.7325041019    
  -61.7280304466      -61.7234995545      -61.7189107131      -61.7142632003    
  -61.7095562839      -61.7047892218      -61.6999612619      -61.6950716421    
  -61.6901195896      -61.6851043217      -61.6800250450      -61.6748809554    
  -61.6696712383      -61.6643950682      -61.6590516087      -61.6536400123    
  -61.6481594203      -61.6426089629      -61.6369877587      -61.6312949147    
  -61.6255295266      -61.6196906778      -61.6137774402      -61.6077888734    
  -61.6017240249      -61.5955819298      -61.5893616109      -61.5830620782    
  -61.5766823291      -61.5702213480      -61.5636781063      -61.5570515623    
  -61.5503406609      -61.5435443335      -61.5366614979      -61.5296910582    
  -61.5226319044      -61.5154829126      -61.5082429446      -61.5009108476    
  -61.4934854545      -61.4859655833      -61.4783500372      -61.4706376043    
  -61.4628270575      -61.4549171543      -61.4469066367      -61.4387942308    
  -61.4305786470      -61.4222585795      -61.4138327064      -61.4052996891    
  -61.3966581727      -61.3879067854      -61.3790441383      -61.3700688257    
  -61.3609794243      -61.3517744934      -61.3424525745      -61.3330121915    
  -61.3234518500      -61.3137700376      -61.3039652231      -61.2940358571    
  -61.2839803712      -61.2737971780      -61.2634846710      -61.2530412243    
  -61.2424651924      -61.2317549102      -61.2209086925      -61.2099248340    
  -61.1988016093      -61.1875372721      -61.1761300558      -61.1645781726    
  -61.1528798139      -61.1410331495      -61.1290363280      -61.1168874762    
  -61.1045846991      -61.0921260798      -61.0795096790      -61.0667335351    
  -61.0537956637      -61.0406940580      -61.0274266878      -61.0139915001    
  -61.0003864184      -60.9866093428      -60.9726581495      -60.9585306910    
  -60.9442247959      -60.9297382682      -60.9150688878      -60.9002144101    
  -60.8851725654      -60.8699410596      -60.8545175733      -60.8388997618    
  -60.8230852552      -60.8070716580      -60.7908565493      -60.7744374819    
  -60.7578119831      -60.7409775540      -60.7239316692      -60.7066717774    
  -60.6891953005      -60.6714996340      -60.6535821465      -60.6354401799    
  -60.6170710493      -60.5984720425      -60.5796404203      -60.5605734164    
  -60.5412682371      -60.5217220613      -60.5019320406      -60.4818952989    
  -60.4616089327      -60.4410700109      -60.4202755746      -60.3992226373    
  -60.3779081848      -60.3563291752      -60.3344825388      -60.3123651781    
  -60.2899739679      -60.2673057552      -60.2443573595      -60.2211255724    
  -60.1976071578      -60.1737988524      -60.1496973648      -60.1252993766    
  -60.1006015418      -60.0756004871      -60.0502928121      -60.0246750891    
  -59.9987438637      -59.9724956544      -59.9459269532      -59.9190342253    
  -59.8918139098      -59.8642624193      -59.8363761406      -59.8081514344    
  -59.7795846360      -59.7506720552      -59.7214099765      -59.6917946596    
  -59.6618223394      -59.6314892263      -59.6007915067      -59.5697253429    
  -59.5382868739      -59.5064722151      -59.4742774591      -59.4416986758    
  -59.4087319128      -59.3753731956      -59.3416185284      -59.3074638938    
  -59.2729052537      -59.2379385496      -59.2025597027      -59.1667646146    
  -59.1305491675      -59.0939092249      -59.0568406316      -59.0193392146    
  -58.9814007831      -58.9430211293      -58.9041960284      -58.8649212396    
  -58.8251925061      -58.7850055558      -58.7443561014      -58.7032398415    
  -58.6616524603      -58.6195896285      -58.5770470039      -58.5340202312    
  -58.4905049430      -58.4464967602      -58.4019912921      -58.3569841370    
  -58.3114708827      -58.2654471070      -58.2189083775      -58.1718502527    
  -58.1242682820      -58.0761580062      -58.0275149576      -57.9783346605    
  -57.9286126316      -57.8783443801      -57.8275254080      -57.7761512105    
  -57.7242172760      -57.6717190864      -57.6186521174      -57.5650118385    
  -57.5107937130      -57.4559931986      -57.4006057468      -57.3446268035    
  -57.2880518088      -57.2308761968      -57.1730953961      -57.1147048291    
  -57.0556999124      -56.9960760562      -56.9358286647      -56.8749531355    
  -56.8134448596      -56.7512992211      -56.6885115967      -56.6250773561    
  -56.5609918609      -56.4962504647      -56.4308485128      -56.3647813416    
  -56.2980442787      -56.2306326418      -56.1625417389      -56.0937668678    
  -56.0243033156      -55.9541463584      -55.8832912611      -55.8117332767    
  -55.7394676463      -55.6664895986      -55.5927943498      -55.5183771034    
  -55.4432330498      -55.3673573664      -55.2907452174      -55.2133917539    
  -55.1352921138      -55.0564414221      -54.9768347909      -54.8964673200    
  -54.8153340969      -54.7334301975      -54.6507506865      -54.5672906182    
  -54.4830450369      -54.3980089781      -54.3121774687      -54.2255455287    
  -54.1381081715      -54.0498604054      -53.9607972341      -53.8709136582    
  -53.7802046758      -53.6886652836      -53.5962904777      -53.5030752543    
  -53.4090146099      -53.3141035421      -53.2183370491      -53.1217101297    
  -53.0242177822      -52.9258550036      -52.8266167876      -52.7264981222    
  -52.6254939869      -52.5235993489      -52.4208091588      -52.3171183452    
  -52.2125218084      -52.1070144138      -52.0005909842      -51.8932462910    
  -51.7849750451      -51.6757718876      -51.5656313793      -51.4545479911    
  -51.3425160943      -51.2295299516      -51.1155837096      -51.0006713937    
  -50.8847869052      -50.7679240229      -50.6500764088      -50.5312376211    
  -50.4114011335      -50.2905603647      -50.1687087177      -50.0458396316    
  -49.9219466479      -49.7970234915      -49.6710641695      -49.5440630876    
  -49.4160151854      -49.2869160905      -49.1567622921      -49.0255513294    
  -48.8932819960      -48.7599545547      -48.6255709539      -48.4901350482    
  -48.3536528077      -48.2161324977      -48.0775848457      -47.9380231577    
  -47.7974633802      -47.6559241046      -47.5134264949      -47.3699941352    
  -47.2256527913      -47.0804300844      -46.9343550784      -46.7874577890    
  -46.6397686234      -46.4913177666      -46.3421345315      -46.1922466936    
  -46.0416798315      -45.8904566961      -45.7385966276      -45.5861150426    
  -45.4330230050      -45.2793268969      -45.1250281993      -44.9701233915    
  -44.8146039743      -44.6584566199      -44.5016634462      -44.3442024140    
  -44.1860478354      -44.0271709825      -43.8675407744      -43.7071245209    
  -43.5458886920      -43.3837996822      -43.2208245372      -43.0569316137    
  -42.8920911456      -42.7262757004      -42.5594605146      -42.3916237088    
  -42.2227463880      -42.0528126440      -41.8818094746      -41.7097266443    
  -41.5365565037      -41.3622937884      -41.1869354129      -41.0104802697    
  -40.8329290446      -40.6542840493      -40.4745490745      -40.2937292628    
  -40.1118309967      -39.9288618006      -39.7448302524      -39.5597459000    
  -39.3736191821      -39.1864613493      -38.9982843840      -38.8091009191    
  -38.6189241551      -38.4277677742      -38.2356458541      -38.0425727806    
  -37.8485631608      -37.6536317371      -37.4577933034      -37.2610626240    
  -37.0634543569      -36.8649829797      -36.6656627224      -36.4655075042    
  -36.2645308765      -36.0627459725      -35.8601654625      -35.6568015169    
  -35.4526657755      -35.2477693246      -35.0421226814      -34.8357357856    
  -34.6286179993      -34.4207781144      -34.2122243671      -34.0029644609    
  -33.7930055958      -33.5823545049      -33.3710174966      -33.1590005024    
  -32.9463091283      -32.7329487094      -32.5189243643      -32.3042410496    
  -32.0889036095      -31.8729168199      -31.6562854220      -31.4390141441    
  -31.2211077067      -31.0025708084      -30.7834080894      -30.5636240700    
  -30.3432230642      -30.1222090660      -29.9005856142      -29.6783556384    
  -29.4555212972      -29.2320838204      -29.0080433790      -28.7833989984    
  -28.5581485658      -28.3322889573      -28.1058163200      -27.8787266051    
  -27.6510163648      -27.4226838785      -27.1937306717      -26.9641634369    
  -26.7339963746      -26.5032539057      -26.2719736820      -26.0402097320    
  -25.8080355085      -25.5755465809      -25.3428625848      -25.1101280408    
  -24.8775116597      -24.6452037506      -24.4134114604      -24.1823516925    
  -23.9522417370      -23.7232878679      -23.4956724343      -23.2695402788    
  -23.0449856541      -22.8220411143      -22.6006700655      -22.3807646167    
  -22.1621499776      -21.9445958164      -21.7278338278      -21.5115795138    
  -21.2955552267      -21.0795112020      -20.8632417633      -20.6465949750    
  -20.4294753984      -20.2118408482      -19.9936948595      -19.7750768372    
  -19.5560516750      -19.3367001673      -19.1171110069      -18.8973746888    
  -18.6775792968      -18.4578079510      -18.2381375983      -18.0186388149    
  -17.7993763154      -17.5804099079      -17.3617956854      -17.1435872885    
  -16.9258371212      -16.7085974330      -16.4919212162      -16.2758628909    
  -16.0604787723      -15.8458273298      -15.6319692599      -15.4189674001    
  -15.2068865154      -14.9957929896      -14.7857544485      -14.5768393440    
  -14.3691165186      -14.1626547687      -13.9575224213      -13.7537869312    
  -13.5515145082      -13.3507697758      -13.1516154649      -12.9541121416    
  -12.7583179700      -12.5642885074      -12.3720765302      -12.1817318895    
  -11.9933013935      -11.8068287153      -11.6223543235      -11.4399154347    
  -11.2595459866      -11.0812766290      -10.9051347323      -10.7311444131    
  -10.5593265743      -10.3896989598      -10.2222762231      -10.0570700078    
  -9.89408904055      -9.73333923475      -9.57482380447      -9.41854338762    
  -9.26449617783      -9.11267806246      -8.96308277073      -8.81570202050    
  -8.67052567543      -8.52754190517      -8.38673733707      -8.24809722588    
  -8.11160560469      -7.97724543777      -7.84499877909      -7.71484690906    
  -7.58677047223      -7.46074960418      -7.33676404476      -7.21479324011    
  -7.09481642952      -6.97681271699      -6.86076112634      -6.74664063921    
  -6.63443021609      -6.52410880053      -6.41565530742      -6.30904859709    
  -6.20426743707      -6.10129045454      -6.00009608278      -5.90066250579    
  -5.80296760572      -5.70698891811      -5.61270360057      -5.52008842030    
  -5.42911976616      -5.33977369044      -5.25202598493      -5.16585229498    
  -5.08122827380      -4.99812977747      -4.91653309903      -4.83641523727    
  -4.75775419277      -4.68052928079      -4.60472144655      -4.53031356575    
  -4.45729070973      -4.38564035267      -4.31535249716      -4.24641969493    
  -4.17883694221      -4.11260143381      -4.04771216730      -3.98416939789    
  -3.92197395563      -3.86112644832      -3.80162638530      -3.74347126711    
  -3.68665569342      -3.63117054470      -3.57700229169      -3.52413247990    
  -3.47253742545      -3.42218814338      -3.37305051294      -3.32508566690    
  -3.27825057662      -3.23249879171      -3.18778128560      -3.14404735439    
  -3.10124551819      -3.05932437947      -3.01823340122      -2.97792357804    
  -2.93834798375      -2.89946218938      -2.86122455364      -2.82359639526    
  -2.78654206094      -2.75002890560      -2.71402720256      -2.67851000099    
  -2.64345294660      -2.60883407961      -2.57463362161      -2.54083376088    
  -2.50741844323      -2.47437317373      -2.44168483284      -2.40934150914    
  -2.37733234996      -2.34564743024      -2.31427763945      -2.28321458613    
  -2.25245051918      -2.22197826508      -2.19179118005      -2.16188311610    
  -2.13224839994      -2.10288182379      -2.07377864686      -2.04493460653    
  -2.01634593796      -1.98800940061      -1.95992231149      -1.93208258030    
  -1.90448875113      -1.87714004281      -1.85003638431      -1.82317845644    
  -1.79656772275      -1.77020645275      -1.74409774052      -1.71824551014    
  -1.69265451039      -1.66733029567      -1.64227919288      -1.61750825322    
  -1.59302518896      -1.56883829522      -1.54495635766      -1.52138854710    
  -1.49814430288      -1.47523320676      -1.45266484996      -1.43044869582    
  -1.40859394083      -1.38710937712      -1.36600325894      -1.34528317607    
  -1.32495593665      -1.30502746137      -1.28550269125      -1.26638551085    
  -1.24767868572      -1.22938381806      -1.21150131864      -1.19403039405    
  -1.17696905086      -1.16031411355      -1.14406125612      -1.12820504535    
  -1.11273899393      -1.09765562179      -1.08294652351      -1.06860243984    
  -1.05461333155      -1.04096845364      -1.02765642825      -1.01466531473    
  -1.00198267557     -0.989595637047     -0.977490943768     -0.965655006533    
 -0.954073943227     -0.942733612735     -0.931619642192     -0.920717448132    
 -0.910012252401     -0.899489093951     -0.889132837852     -0.878928183066    
 -0.868859670678     -0.858911694368     -0.849068514964     -0.839314280870    
 -0.829633056077     -0.820008857289     -0.810425701406     -0.800867664326    
 -0.791318951579     -0.781763980875     -0.772187476123     -0.762574571977    
 -0.752910927409     -0.743182846313     -0.733377402706     -0.723482567679    
 -0.713487334989     -0.703381842036     -0.693157482879     -0.682807010127    
 -0.672324622703     -0.661706036898     -0.650948538579     -0.640051014979    
 -0.629013965110     -0.617839488488     -0.606531252497     -0.595094439303    
 -0.583535673810     -0.571862934572     -0.560085449966     -0.548213582181    
 -0.536258701739     -0.524233055318     -0.512149629565     -0.500022013531    
 -0.487864262088     -0.475690762492     -0.463516105949     -0.451354965740    
 -0.439221983157     -0.427131662201     -0.415098273673     -0.403135769079    
 -0.391257704464     -0.379477174158     -0.367806754165     -0.356258454855    
 -0.344843682456     -0.333573208794     -0.322457148652     -0.311504944102    
 -0.300725355141     -0.290126455958     -0.279715636203     -0.269499606611    
 -0.259484408411     -0.249675425959     -0.240077402089     -0.230694455716    
 -0.221530101284     -0.212587269654     -0.203868330126     -0.195375113294    
 -0.187108934462     -0.179070617422     -0.171260518384     -0.163678549914    
 -0.156324204732     -0.149196579266     -0.142294396861     -0.135616030583    
 -0.129159525540     -0.122922620700     -0.116902770130     -0.111097163684    
 -0.105502747083     -0.100116241371     -0.949341617913E-01 -0.899528360087E-01
 -0.851684217468E-01 -0.805769237887E-01 -0.761742103925E-01 -0.719560290845E-01
 -0.679180218802E-01 -0.640557399010E-01 -0.603646574233E-01 -0.568401853585E-01
 -0.534776841604E-01 -0.502724761933E-01 -0.472198575347E-01 -0.443151092541E-01
 -0.415535081494E-01 -0.389303369544E-01 -0.364408940294E-01 -0.340805025359E-01
 -0.318445191029E-01 -0.297283419860E-01 -0.277274187341E-01 -0.258372533642E-01
 -0.240534130490E-01 -0.223715343340E-01 -0.207873288798E-01 -0.192965887385E-01
 -0.178951911851E-01 -0.165791030990E-01 -0.153443849040E-01 -0.141871944139E-01
 -0.131037895042E-01 -0.120905303417E-01 -0.111438819113E-01 -0.102604224480E-01
 -0.943682658149E-02 -0.866990839081E-02 -0.874698748347E-02 -0.885700851521E-02
 -0.896841331495E-02 -0.908121944222E-02 -0.919544443966E-02 -0.931110624033E-02
 -0.942822293697E-02 -0.954681285043E-02 -0.966689452616E-02 -0.978848673721E-02
 -0.991160849250E-02 -0.100362790342E-01 -0.101625178446E-01 -0.102903446513E-01
 -0.104197794279E-01 -0.105508424000E-01 -0.106835540441E-01 -0.108179350966E-01
 -0.109540065499E-01 -0.110917896694E-01 -0.112313059758E-01 -0.113725772670E-01
 -0.115156256199E-01 -0.116604733789E-01 -0.118071431775E-01 -0.119556579278E-01
 -0.121060408339E-01 -0.122583162020E-01 -0.124125071947E-01 -0.125686376736E-01
 -0.127267320272E-01 -0.128868149668E-01 -0.130489115023E-01 -0.132130469594E-01
 -0.133792469893E-01 -0.135475375552E-01 -0.137179449568E-01 -0.138904958204E-01
 -0.140652171064E-01 -0.142421361159E-01 -0.144212804927E-01 -0.146026782271E-01
 -0.147863576661E-01 -0.149723475058E-01 -0.151606768106E-01 -0.153513750078E-01
 -0.155444718902E-01 -0.157399976335E-01 -0.159379827885E-01 -0.161384582913E-01
 -0.163414554626E-01 -0.165470060264E-01 -0.167551420965E-01 -0.169658961985E-01
 -0.171793012584E-01 -0.173953906237E-01 -0.176141980589E-01 -0.178357577535E-01
 -0.180601043257E-01 -0.182872728307E-01 -0.185172987611E-01 -0.187502180635E-01
 -0.189860671322E-01 -0.192248828134E-01 -0.194667024273E-01 -0.197115637573E-01
 -0.199595050655E-01 -0.202105650903E-01 -0.204647830625E-01 -0.207221986992E-01
 -0.209828522312E-01 -0.212467843758E-01 -0.215140363826E-01 -0.217846500050E-01
 -0.220586675269E-01 -0.223361317622E-01 -0.226170860713E-01 -0.229015743513E-01
 -0.231896410511E-01 -0.234813311857E-01 -0.237766903274E-01 -0.240757646316E-01
 -0.243786008292E-01 -0.246852462341E-01 -0.249957487656E-01 -0.253101569398E-01
 -0.256285198759E-01 -0.259508873308E-01 -0.262773096683E-01 -0.266078378897E-01
 -0.269425236459E-01 -0.272814192307E-01 -0.276245775985E-01 -0.279720523680E-01
 -0.283238978286E-01 -0.286801689637E-01 -0.290409214385E-01 -0.294062116179E-01
 -0.297760965807E-01 -0.301506341267E-01 -0.305298827728E-01 -0.309139017843E-01
 -0.313027511539E-01 -0.316964916520E-01 -0.320951847959E-01 -0.324988928753E-01
 -0.329076789837E-01 -0.333216069847E-01 -0.337407415626E-01 -0.341651482018E-01
 -0.345948932226E-01 -0.350300437678E-01 -0.354706678341E-01 -0.359168342635E-01
 -0.363686127816E-01 -0.368260739704E-01 -0.372892893183E-01 -0.377583311915E-01
 -0.382332728893E-01 -0.387141886199E-01 -0.392011535195E-01 -0.396942436884E-01
 -0.401935361651E-01 -0.406991089695E-01 -0.412110410956E-01 -0.417294125355E-01
 -0.422543042870E-01
Up potential follows (l on next line)
 1
  -61.9669961545      -62.0809093326      -61.9210842438      -62.0280741898    
  -61.9906524860      -62.0017220791      -61.9910789225      -61.9962155631    
  -61.9939158844      -61.9935556769      -61.9929181035      -61.9923086890    
  -61.9916929696      -61.9910889877      -61.9904882713      -61.9898947187    
  -61.9893071347      -61.9887262129      -61.9881520708      -61.9875850134    
  -61.9870253197      -61.9864732968      -61.9859292655      -61.9853935636    
  -61.9848665444      -61.9843485769      -61.9838400452      -61.9833413480    
  -61.9828528983      -61.9823751226      -61.9819084606      -61.9814533640    
  -61.9810102962      -61.9805797305      -61.9801621497      -61.9797580446    
  -61.9793679123      -61.9789922551      -61.9786315783      -61.9782863887    
  -61.9779571922      -61.9776444916      -61.9773487846      -61.9770705605    
  -61.9768102980      -61.9765684621      -61.9763455008      -61.9761418421    
  -61.9759578909      -61.9757940247      -61.9756505908      -61.9755279023    
  -61.9754262342      -61.9753458201      -61.9752868478      -61.9752494562    
  -61.9752337312      -61.9752397024      -61.9752673395      -61.9753165492    
  -61.9753871720      -61.9754789797      -61.9755916728      -61.9757248785    
  -61.9758781491      -61.9760509603      -61.9762427111      -61.9764527228    
  -61.9766802399      -61.9769244299      -61.9771843857      -61.9774591264    
  -61.9777476005      -61.9780486884      -61.9783612059      -61.9786839083    
  -61.9790154950      -61.9793546141      -61.9796998678      -61.9800498185    
  -61.9804029939      -61.9807578940      -61.9811129975      -61.9814667677    
  -61.9818176594      -61.9821641258      -61.9825046244      -61.9828376238    
  -61.9831616096      -61.9834750905      -61.9837766037      -61.9840647202    
  -61.9843380500      -61.9845952460      -61.9848350085      -61.9850560884    
  -61.9852572908      -61.9854374767      -61.9855955661      -61.9857305388    
  -61.9858414363      -61.9859273617      -61.9859874810      -61.9860210217    
  -61.9860272736      -61.9860055869      -61.9859553716      -61.9858760958    
  -61.9857672840      -61.9856285150      -61.9854594202      -61.9852596807    
  -61.9850290251      -61.9847672270      -61.9844741025      -61.9841495069    
  -61.9837933330      -61.9834055073      -61.9829859881      -61.9825347625    
  -61.9820518440      -61.9815372696      -61.9809910976      -61.9804134053    
  -61.9798042863      -61.9791638487      -61.9784922128      -61.9777895091    
  -61.9770558766      -61.9762914607      -61.9754964118      -61.9746708837    
  -61.9738150320      -61.9729290128      -61.9720129816      -61.9710670920    
  -61.9700914946      -61.9690863364      -61.9680517592      -61.9669878995    
  -61.9658948875      -61.9647728463      -61.9636218917      -61.9624421313    
  -61.9612336643      -61.9599965809      -61.9587309622      -61.9574368796    
  -61.9561143949      -61.9547635597      -61.9533844156      -61.9519769938    
  -61.9505413150      -61.9490773896      -61.9475852171      -61.9460647866    
  -61.9445160767      -61.9429390551      -61.9413336791      -61.9396998953    
  -61.9380376399      -61.9363468387      -61.9346274069      -61.9328792495    
  -61.9311022612      -61.9292963267      -61.9274613205      -61.9255971071    
  -61.9237035412      -61.9217804678      -61.9198277221      -61.9178451297    
  -61.9158325069      -61.9137896603      -61.9117163874      -61.9096124767    
  -61.9074777072      -61.9053118491      -61.9031146637      -61.9008859034    
  -61.8986253117      -61.8963326236      -61.8940075655      -61.8916498551    
  -61.8892592016      -61.8868353060      -61.8843778607      -61.8818865499    
  -61.8793610496      -61.8768010274      -61.8742061429      -61.8715760475    
  -61.8689103846      -61.8662087893      -61.8634708888      -61.8606963023    
  -61.8578846411      -61.8550355082      -61.8521484988      -61.8492232002    
  -61.8462591917      -61.8432560445      -61.8402133219      -61.8371305793    
  -61.8340073641      -61.8308432155      -61.8276376649      -61.8243902355    
  -61.8211004425      -61.8177677932      -61.8143917863      -61.8109719128    
  -61.8075076552      -61.8039984880      -61.8004438772      -61.7968432806    
  -61.7931961477      -61.7895019193      -61.7857600281      -61.7819698980    
  -61.7781309443      -61.7742425739      -61.7703041846      -61.7663151658    
  -61.7622748978      -61.7581827520      -61.7540380909      -61.7498402679    
  -61.7455886271      -61.7412825037      -61.7369212232      -61.7325041019    
  -61.7280304466      -61.7234995545      -61.7189107131      -61.7142632003    
  -61.7095562839      -61.7047892218      -61.6999612619      -61.6950716421    
  -61.6901195896      -61.6851043217      -61.6800250450      -61.6748809554    
  -61.6696712383      -61.6643950682      -61.6590516087      -61.6536400123    
  -61.6481594203      -61.6426089629      -61.6369877587      -61.6312949147    
  -61.6255295266      -61.6196906778      -61.6137774402      -61.6077888734    
  -61.6017240249      -61.5955819298      -61.5893616109      -61.5830620782    
  -61.5766823291      -61.5702213480      -61.5636781063      -61.5570515623    
  -61.5503406609      -61.5435443335      -61.5366614979      -61.5296910582    
  -61.5226319044      -61.5154829126      -61.5082429446      -61.5009108476    
  -61.4934854545      -61.4859655833      -61.4783500372      -61.4706376043    
  -61.4628270575      -61.4549171543      -61.4469066367      -61.4387942308    
  -61.4305786470      -61.4222585795      -61.4138327064      -61.4052996891    
  -61.3966581727      -61.3879067854      -61.3790441383      -61.3700688257    
  -61.3609794243      -61.3517744934      -61.3424525745      -61.3330121915    
  -61.3234518500      -61.3137700376      -61.3039652231      -61.2940358571    
  -61.2839803712      -61.2737971780      -61.2634846710      -61.2530412243    
  -61.2424651924      -61.2317549102      -61.2209086925      -61.2099248340    
  -61.1988016093      -61.1875372721      -61.1761300558      -61.1645781726    
  -61.1528798139      -61.1410331495      -61.1290363280      -61.1168874762    
  -61.1045846991      -61.0921260798      -61.0795096790      -61.0667335351    
  -61.0537956637      -61.0406940580      -61.0274266878      -61.0139915001    
  -61.0003864184      -60.9866093428      -60.9726581495      -60.9585306910    
  -60.9442247959      -60.9297382682      -60.9150688878      -60.9002144101    
  -60.8851725654      -60.8699410596      -60.8545175733      -60.8388997618    
  -60.8230852552      -60.8070716580      -60.7908565493      -60.7744374819    
  -60.7578119831      -60.7409775540      -60.7239316692      -60.7066717774    
  -60.6891953005      -60.6714996340      -60.6535821465      -60.6354401799    
  -60.6170710493      -60.5984720425      -60.5796404203      -60.5605734164    
  -60.5412682371      -60.5217220613      -60.5019320406      -60.4818952989    
  -60.4616089327      -60.4410700109      -60.4202755746      -60.3992226373    
  -60.3779081848      -60.3563291752      -60.3344825388      -60.3123651781    
  -60.2899739679      -60.2673057552      -60.2443573595      -60.2211255724    
  -60.1976071578      -60.1737988524      -60.1496973648      -60.1252993766    
  -60.1006015418      -60.0756004871      -60.0502928121      -60.0246750891    
  -59.9987438637      -59.9724956544      -59.9459269532      -59.9190342253    
  -59.8918139098      -59.8642624193      -59.8363761406      -59.8081514344    
  -59.7795846360      -59.7506720552      -59.7214099765      -59.6917946596    
  -59.6618223394      -59.6314892263      -59.6007915067      -59.5697253429    
  -59.5382868739      -59.5064722151      -59.4742774591      -59.4416986758    
  -59.4087319128      -59.3753731956      -59.3416185284      -59.3074638938    
  -59.2729052537      -59.2379385496      -59.2025597027      -59.1667646146    
  -59.1305491675      -59.0939092249      -59.0568406316      -59.0193392146    
  -58.9814007831      -58.9430211293      -58.9041960284      -58.8649212396    
  -58.8251925061      -58.7850055558      -58.7443561014      -58.7032398415    
  -58.6616524603      -58.6195896285      -58.5770470039      -58.5340202312    
  -58.4905049430      -58.4464967602      -58.4019912921      -58.3569841370    
  -58.3114708827      -58.2654471070      -58.2189083775      -58.1718502527    
  -58.1242682820      -58.0761580062      -58.0275149576      -57.9783346605    
  -57.9286126316      -57.8783443801      -57.8275254080      -57.7761512105    
  -57.7242172760      -57.6717190864      -57.6186521174      -57.5650118385    
  -57.5107937130      -57.4559931986      -57.4006057468      -57.3446268035    
  -57.2880518088      -57.2308761968      -57.1730953961      -57.1147048291    
  -57.0556999124      -56.9960760562      -56.9358286647      -56.8749531355    
  -56.8134448596      -56.7512992211      -56.6885115967      -56.6250773561    
  -56.5609918609      -56.4962504647      -56.4308485128      -56.3647813416    
  -56.2980442787      -56.2306326418      -56.1625417389      -56.0937668678    
  -56.0243033156      -55.9541463584      -55.8832912611      -55.8117332767    
  -55.7394676463      -55.6664895986      -55.5927943498      -55.5183771034    
  -55.4432330498      -55.3673573664      -55.2907452174      -55.2133917539    
  -55.1352921138      -55.0564414221      -54.9768347909      -54.8964673200    
  -54.8153340969      -54.7334301975      -54.6507506865      -54.5672906182    
  -54.4830450369      -54.3980089781      -54.3121774687      -54.2255455287    
  -54.1381081715      -54.0498604054      -53.9607972341      -53.8709136582    
  -53.7802046758      -53.6886652836      -53.5962904777      -53.5030752543    
  -53.4090146099      -53.3141035421      -53.2183370491      -53.1217101297    
  -53.0242177822      -52.9258550036      -52.8266167876      -52.7264981222    
  -52.6254939869      -52.5235993489      -52.4208091588      -52.3171183452    
  -52.2125218084      -52.1070144138      -52.0005909842      -51.8932462910    
  -51.7849750451      -51.6757718876      -51.5656313793      -51.4545479911    
  -51.3425160943      -51.2295299516      -51.1155837096      -51.0006713937    
  -50.8847869052      -50.7679240229      -50.6500764088      -50.5312376211    
  -50.4114011335      -50.2905603647      -50.1687087177      -50.0458396316    
  -49.9219466479      -49.7970234915      -49.6710641695      -49.5440630876    
  -49.4160151854      -49.2869160905      -49.1567622921      -49.0255513294    
  -48.8932819960      -48.7599545547      -48.6255709539      -48.4901350482    
  -48.3536528077      -48.2161324977      -48.0775848457      -47.9380231577    
  -47.7974633802      -47.6559241046      -47.5134264949      -47.3699941352    
  -47.2256527913      -47.0804300844      -46.9343550784      -46.7874577890    
  -46.6397686234      -46.4913177666      -46.3421345315      -46.1922466936    
  -46.0416798315      -45.8904566961      -45.7385966276      -45.5861150426    
  -45.4330230050      -45.2793268969      -45.1250281993      -44.9701233915    
  -44.8146039743      -44.6584566199      -44.5016634462      -44.3442024140    
  -44.1860478354      -44.0271709825      -43.8675407744      -43.7071245209    
  -43.5458886920      -43.3837996822      -43.2208245372      -43.0569316137    
  -42.8920911456      -42.7262757004      -42.5594605146      -42.3916237088    
  -42.2227463880      -42.0528126440      -41.8818094746      -41.7097266443    
  -41.5365565037      -41.3622937884      -41.1869354129      -41.0104802697    
  -40.8329290446      -40.6542840493      -40.4745490745      -40.2937292628    
  -40.1118309967      -39.9288618006      -39.7448302524      -39.5597459000    
  -39.3736191821      -39.1864613493      -38.9982843840      -38.8091009191    
  -38.6189241551      -38.4277677742      -38.2356458541      -38.0425727806    
  -37.8485631608      -37.6536317371      -37.4577933034      -37.2610626240    
  -37.0634543569      -36.8649829797      -36.6656627224      -36.4655075042    
  -36.2645308765      -36.0627459725      -35.8601654625      -35.6568015169    
  -35.4526657755      -35.2477693246      -35.0421226814      -34.8357357856    
  -34.6286179993      -34.4207781144      -34.2122243671      -34.0029644609    
  -33.7930055958      -33.5823545049      -33.3710174966      -33.1590005024    
  -32.9463091283      -32.7329487094      -32.5189243643      -32.3042410496    
  -32.0889036095      -31.8729168199      -31.6562854220      -31.4390141441    
  -31.2211077067      -31.0025708084      -30.7834080894      -30.5636240700    
  -30.3432230642      -30.1222090660      -29.9005856142      -29.6783556384    
  -29.4555212972      -29.2320838204      -29.0080433790      -28.7833989984    
  -28.5581485658      -28.3322889573      -28.1058163200      -27.8787266051    
  -27.6510163648      -27.4226838785      -27.1937306717      -26.9641634369    
  -26.7339963746      -26.5032539057      -26.2719736820      -26.0402097320    
  -25.8080355085      -25.5755465809      -25.3428625848      -25.1101280408    
  -24.8775116597      -24.6452037506      -24.4134114604      -24.1823516925    
  -23.9522417370      -23.7232878679      -23.4956724343      -23.2695402788    
  -23.0449856541      -22.8220411143      -22.6006700655      -22.3807646167    
  -22.1621499776      -21.9445958164      -21.7278338278      -21.5115795138    
  -21.2955552267      -21.0795112020      -20.8632417633      -20.6465949750    
  -20.4294753984      -20.2118408482      -19.9936948595      -19.7750768372    
  -19.5560516750      -19.3367001673      -19.1171110069      -18.8973746888    
  -18.6775792968      -18.4578079510      -18.2381375983      -18.0186388149    
  -17.7993763154      -17.5804099079      -17.3617956854      -17.1435872885    
  -16.9258371212      -16.7085974330      -16.4919212162      -16.2758628909    
  -16.0604787723      -15.8458273298      -15.6319692599      -15.4189674001    
  -15.2068865154      -14.9957929896      -14.7857544485      -14.5768393440    
  -14.3691165186      -14.1626547687      -13.9575224213      -13.7537869312    
  -13.5515145082      -13.3507697758      -13.1516154649      -12.9541121416    
  -12.7583179700      -12.5642885074      -12.3720765302      -12.1817318895    
  -11.9933013935      -11.8068287153      -11.6223543235      -11.4399154347    
  -11.2595459866      -11.0812766290      -10.9051347323      -10.7311444131    
  -10.5593265743      -10.3896989598      -10.2222762231      -10.0570700078    
  -9.89408904055      -9.73333923475      -9.57482380447      -9.41854338762    
  -9.26449617783      -9.11267806246      -8.96308277073      -8.81570202050    
  -8.67052567543      -8.52754190517      -8.38673733707      -8.24809722588    
  -8.11160560469      -7.97724543777      -7.84499877909      -7.71484690906    
  -7.58677047223      -7.46074960418      -7.33676404476      -7.21479324011    
  -7.09481642952      -6.97681271699      -6.86076112634      -6.74664063921    
  -6.63443021609      -6.52410880053      -6.41565530742      -6.30904859709    
  -6.20426743707      -6.10129045454      -6.00009608278      -5.90066250579    
  -5.80296760572      -5.70698891811      -5.61270360057      -5.52008842030    
  -5.42911976616      -5.33977369044      -5.25202598493      -5.16585229498    
  -5.08122827380      -4.99812977747      -4.91653309903      -4.83641523727    
  -4.75775419277      -4.68052928079      -4.60472144655      -4.53031356575    
  -4.45729070973      -4.38564035267      -4.31535249716      -4.24641969493    
  -4.17883694221      -4.11260143381      -4.04771216730      -3.98416939789    
  -3.92197395563      -3.86112644832      -3.80162638530      -3.74347126711    
  -3.68665569342      -3.63117054470      -3.57700229169      -3.52413247990    
  -3.47253742545      -3.42218814338      -3.37305051294      -3.32508566690    
  -3.27825057662      -3.23249879171      -3.18778128560      -3.14404735439    
  -3.10124551819      -3.05932437947      -3.01823340122      -2.97792357804    
  -2.93834798375      -2.89946218938      -2.86122455364      -2.82359639526    
  -2.78654206094      -2.75002890560      -2.71402720256      -2.67851000099    
  -2.64345294660      -2.60883407961      -2.57463362161      -2.54083376088    
  -2.50741844323      -2.47437317373      -2.44168483284      -2.40934150914    
  -2.37733234996      -2.34564743024      -2.31427763945      -2.28321458613    
  -2.25245051918      -2.22197826508      -2.19179118005      -2.16188311610    
  -2.13224839994      -2.10288182379      -2.07377864686      -2.04493460653    
  -2.01634593796      -1.98800940061      -1.95992231149      -1.93208258030    
  -1.90448875113      -1.87714004281      -1.85003638431      -1.82317845644    
  -1.79656772275      -1.77020645275      -1.74409774052      -1.71824551014    
  -1.69265451039      -1.66733029567      -1.64227919288      -1.61750825322    
  -1.59302518896      -1.56883829522      -1.54495635766      -1.52138854710    
  -1.49814430288      -1.47523320676      -1.45266484996      -1.43044869582    
  -1.40859394083      -1.38710937712      -1.36600325894      -1.34528317607    
  -1.32495593665      -1.30502746137      -1.28550269125      -1.26638551085    
  -1.24767868572      -1.22938381806      -1.21150131864      -1.19403039405    
  -1.17696905086      -1.16031411355      -1.14406125612      -1.12820504535    
  -1.11273899393      -1.09765562179      -1.08294652351      -1.06860243984    
  -1.05461333155      -1.04096845364      -1.02765642825      -1.01466531473    
  -1.00198267557     -0.989595637047     -0.977490943768     -0.965655006533    
 -0.954073943227     -0.942733612735     -0.931619642192     -0.920717448132    
 -0.910012252401     -0.899489093951     -0.889132837852     -0.878928183066    
 -0.868859670678     -0.858911694368     -0.849068514964     -0.839314280870    
 -0.829633056077     -0.820008857289     -0.810425701406     -0.800867664326    
 -0.791318951579     -0.781763980875     -0.772187476123     -0.762574571977    
 -0.752910927409     -0.743182846313     -0.733377402706     -0.723482567679    
 -0.713487334989     -0.703381842036     -0.693157482879     -0.682807010127    
 -0.672324622703     -0.661706036898     -0.650948538579     -0.640051014979    
 -0.629013965110     -0.617839488488     -0.606531252497     -0.595094439303    
 -0.583535673810     -0.571862934572     -0.560085449966     -0.548213582181    
 -0.536258701739     -0.524233055318     -0.512149629565     -0.500022013531    
 -0.487864262088     -0.475690762492     -0.463516105949     -0.451354965740    
 -0.439221983157     -0.427131662201     -0.415098273673     -0.403135769079    
 -0.391257704464     -0.379477174158     -0.367806754165     -0.356258454855    
 -0.344843682456     -0.333573208794     -0.322457148652     -0.311504944102    
 -0.300725355141     -0.290126455958     -0.279715636203     -0.269499606611    
 -0.259484408411     -0.249675425959     -0.240077402089     -0.230694455716    
 -0.221530101284     -0.212587269654     -0.203868330126     -0.195375113294    
 -0.187108934462     -0.179070617422     -0.171260518384     -0.163678549914    
 -0.156324204732     -0.149196579266     -0.142294396861     -0.135616030583    
 -0.129159525540     -0.122922620700     -0.116902770130     -0.111097163684    
 -0.105502747083     -0.100116241371     -0.949341617913E-01 -0.899528360087E-01
 -0.851684217468E-01 -0.805769237887E-01 -0.761742103925E-01 -0.719560290845E-01
 -0.679180218802E-01 -0.640557399010E-01 -0.603646574233E-01 -0.568401853585E-01
 -0.534776841604E-01 -0.502724761933E-01 -0.472198575347E-01 -0.443151092541E-01
 -0.415535081494E-01 -0.389303369544E-01 -0.364408940294E-01 -0.340805025359E-01
 -0.318445191029E-01 -0.297283419860E-01 -0.277274187341E-01 -0.258372533642E-01
 -0.240534130490E-01 -0.223715343340E-01 -0.207873288798E-01 -0.192965887385E-01
 -0.178951911851E-01 -0.165791030990E-01 -0.153443849040E-01 -0.141871944139E-01
 -0.131037895042E-01 -0.120905303417E-01 -0.111438819113E-01 -0.102604224480E-01
 -0.943682658149E-02 -0.866990839081E-02 -0.874698748347E-02 -0.885700851521E-02
 -0.896841331495E-02 -0.908121944222E-02 -0.919544443966E-02 -0.931110624033E-02
 -0.942822293697E-02 -0.954681285043E-02 -0.966689452616E-02 -0.978848673721E-02
 -0.991160849250E-02 -0.100362790342E-01 -0.101625178446E-01 -0.102903446513E-01
 -0.104197794279E-01 -0.105508424000E-01 -0.106835540441E-01 -0.108179350966E-01
 -0.109540065499E-01 -0.110917896694E-01 -0.112313059758E-01 -0.113725772670E-01
 -0.115156256199E-01 -0.116604733789E-01 -0.118071431775E-01 -0.119556579278E-01
 -0.121060408339E-01 -0.122583162020E-01 -0.124125071947E-01 -0.125686376736E-01
 -0.127267320272E-01 -0.128868149668E-01 -0.130489115023E-01 -0.132130469594E-01
 -0.133792469893E-01 -0.135475375552E-01 -0.137179449568E-01 -0.138904958204E-01
 -0.140652171064E-01 -0.142421361159E-01 -0.144212804927E-01 -0.146026782271E-01
 -0.147863576661E-01 -0.149723475058E-01 -0.151606768106E-01 -0.153513750078E-01
 -0.155444718902E-01 -0.157399976335E-01 -0.159379827885E-01 -0.161384582913E-01
 -0.163414554626E-01 -0.165470060264E-01 -0.167551420965E-01 -0.169658961985E-01
 -0.171793012584E-01 -0.173953906237E-01 -0.176141980589E-01 -0.178357577535E-01
 -0.180601043257E-01 -0.182872728307E-01 -0.185172987611E-01 -0.187502180635E-01
 -0.189860671322E-01 -0.192248828134E-01 -0.194667024273E-01 -0.197115637573E-01
 -0.199595050655E-01 -0.202105650903E-01 -0.204647830625E-01 -0.207221986992E-01
 -0.209828522312E-01 -0.212467843758E-01 -0.215140363826E-01 -0.217846500050E-01
 -0.220586675269E-01 -0.223361317622E-01 -0.226170860713E-01 -0.229015743513E-01
 -0.231896410511E-01 -0.234813311857E-01 -0.237766903274E-01 -0.240757646316E-01
 -0.243786008292E-01 -0.246852462341E-01 -0.249957487656E-01 -0.253101569398E-01
 -0.256285198759E-01 -0.259508873308E-01 -0.262773096683E-01 -0.266078378897E-01
 -0.269425236459E-01 -0.272814192307E-01 -0.276245775985E-01 -0.279720523680E-01
 -0.283238978286E-01 -0.286801689637E-01 -0.290409214385E-01 -0.294062116179E-01
 -0.297760965807E-01 -0.301506341267E-01 -0.305298827728E-01 -0.309139017843E-01
 -0.313027511539E-01 -0.316964916520E-01 -0.320951847959E-01 -0.324988928753E-01
 -0.329076789837E-01 -0.333216069847E-01 -0.337407415626E-01 -0.341651482018E-01
 -0.345948932226E-01 -0.350300437678E-01 -0.354706678341E-01 -0.359168342635E-01
 -0.363686127816E-01 -0.368260739704E-01 -0.372892893183E-01 -0.377583311915E-01
 -0.382332728893E-01 -0.387141886199E-01 -0.392011535195E-01 -0.396942436884E-01
 -0.401935361651E-01 -0.406991089695E-01 -0.412110410956E-01 -0.417294125355E-01
 -0.422543042870E-01
