 Raios
  0.708610548533E-06  0.142613432051E-05  0.215268343049E-05  0.288837140323E-05
  0.363331319149E-05  0.438762519393E-05  0.515142527335E-05  0.592483277505E-05
  0.670796854553E-05  0.750095495134E-05  0.830391589824E-05  0.911697685050E-05
  0.994026485054E-05  0.107739085388E-04  0.116180381738E-04  0.124727856525E-04
  0.133382845309E-04  0.142146700451E-04  0.151020791319E-04  0.160006504510E-04
  0.169105244058E-04  0.178318431661E-04  0.187647506898E-04  0.197093927456E-04
  0.206659169356E-04  0.216344727189E-04  0.226152114341E-04  0.236082863238E-04
  0.246138525578E-04  0.256320672579E-04  0.266630895224E-04  0.277070804504E-04
  0.287642031677E-04  0.298346228519E-04  0.309185067582E-04  0.320160242457E-04
  0.331273468037E-04  0.342526480787E-04  0.353921039012E-04  0.365458923136E-04
  0.377141935976E-04  0.388971903027E-04  0.400950672745E-04  0.413080116838E-04
  0.425362130555E-04  0.437798632987E-04  0.450391567362E-04  0.463142901351E-04
  0.476054627378E-04  0.489128762924E-04  0.502367350851E-04  0.515772459715E-04
  0.529346184091E-04  0.543090644901E-04  0.557007989745E-04  0.571100393237E-04
  0.585370057344E-04  0.599819211729E-04  0.614450114102E-04  0.629265050572E-04
  0.644266336002E-04  0.659456314374E-04  0.674837359153E-04  0.690411873658E-04
  0.706182291439E-04  0.722151076656E-04  0.738320724464E-04  0.754693761404E-04
  0.771272745795E-04  0.788060268138E-04  0.805058951517E-04  0.822271452011E-04
  0.839700459109E-04  0.857348696128E-04  0.875218920641E-04  0.893313924907E-04
  0.911636536307E-04  0.930189617787E-04  0.948976068303E-04  0.967998823277E-04
  0.987260855052E-04  0.100676517336E-03  0.102651482579E-03  0.104651289827E-03
  0.106676251553E-03  0.108726684162E-03  0.110802908039E-03  0.112905247597E-03
  0.115034031331E-03  0.117189591868E-03  0.119372266019E-03  0.121582394831E-03
  0.123820323641E-03  0.126086402130E-03  0.128380984378E-03  0.130704428917E-03
  0.133057098791E-03  0.135439361609E-03  0.137851589604E-03  0.140294159692E-03
  0.142767453530E-03  0.145271857574E-03  0.147807763143E-03  0.150375566478E-03
  0.152975668802E-03  0.155608476388E-03  0.158274400616E-03  0.160973858043E-03
  0.163707270464E-03  0.166475064981E-03  0.169277674067E-03  0.172115535636E-03
  0.174989093109E-03  0.177898795485E-03  0.180845097412E-03  0.183828459254E-03
  0.186849347169E-03  0.189908233177E-03  0.193005595233E-03  0.196141917309E-03
  0.199317689459E-03  0.202533407906E-03  0.205789575111E-03  0.209086699857E-03
  0.212425297328E-03  0.215805889185E-03  0.219229003653E-03  0.222695175600E-03
  0.226204946623E-03  0.229758865131E-03  0.233357486431E-03  0.237001372814E-03
  0.240691093645E-03  0.244427225452E-03  0.248210352011E-03  0.252041064444E-03
  0.255919961308E-03  0.259847648688E-03  0.263824740293E-03  0.267851857553E-03
  0.271929629712E-03  0.276058693930E-03  0.280239695383E-03  0.284473287359E-03
  0.288760131368E-03  0.293100897235E-03  0.297496263216E-03  0.301946916095E-03
  0.306453551296E-03  0.311016872989E-03  0.315637594202E-03  0.320316436934E-03
  0.325054132262E-03  0.329851420461E-03  0.334709051118E-03  0.339627783246E-03
  0.344608385408E-03  0.349651635833E-03  0.354758322539E-03  0.359929243456E-03
  0.365165206551E-03  0.370467029955E-03  0.375835542087E-03  0.381271581789E-03
  0.386775998453E-03  0.392349652155E-03  0.397993413790E-03  0.403708165208E-03
  0.409494799349E-03  0.415354220387E-03  0.421287343869E-03  0.427295096857E-03
  0.433378418075E-03  0.439538258054E-03  0.445775579282E-03  0.452091356352E-03
  0.458486576119E-03  0.464962237847E-03  0.471519353372E-03  0.478158947258E-03
  0.484882056953E-03  0.491689732958E-03  0.498583038986E-03  0.505563052129E-03
  0.512630863029E-03  0.519787576047E-03  0.527034309432E-03  0.534372195502E-03
  0.541802380816E-03  0.549326026357E-03  0.556944307708E-03  0.564658415242E-03
  0.572469554303E-03  0.580378945399E-03  0.588387824387E-03  0.596497442672E-03
  0.604709067397E-03  0.613023981646E-03  0.621443484641E-03  0.629968891947E-03
  0.638601535675E-03  0.647342764693E-03  0.656193944838E-03  0.665156459123E-03
  0.674231707959E-03  0.683421109374E-03  0.692726099228E-03  0.702148131447E-03
  0.711688678241E-03  0.721349230341E-03  0.731131297227E-03  0.741036407368E-03
  0.751066108456E-03  0.761221967654E-03  0.771505571834E-03  0.781918527831E-03
  0.792462462691E-03  0.803139023924E-03  0.813949879765E-03  0.824896719433E-03
  0.835981253393E-03  0.847205213626E-03  0.858570353899E-03  0.870078450039E-03
  0.881731300208E-03  0.893530725188E-03  0.905478568663E-03  0.917576697508E-03
  0.929827002081E-03  0.942231396517E-03  0.954791819027E-03  0.967510232202E-03
  0.980388623321E-03  0.993429004659E-03  0.100663341380E-02  0.102000391397E-02
  0.103354259432E-02  0.104725157030E-02  0.106113298398E-02  0.107518900435E-02
  0.108942182768E-02  0.110383367790E-02  0.111842680687E-02  0.113320349481E-02
  0.114816605061E-02  0.116331681218E-02  0.117865814688E-02  0.119419245181E-02
  0.120992215425E-02  0.122584971198E-02  0.124197761373E-02  0.125830837950E-02
  0.127484456103E-02  0.129158874211E-02  0.130854353906E-02  0.132571160110E-02
  0.134309561078E-02  0.136069828439E-02  0.137852237237E-02  0.139657065977E-02
  0.141484596669E-02  0.143335114867E-02  0.145208909718E-02  0.147106274007E-02
  0.149027504201E-02  0.150972900495E-02  0.152942766863E-02  0.154937411099E-02
  0.156957144872E-02  0.159002283767E-02  0.161073147343E-02  0.163170059177E-02
  0.165293346914E-02  0.167443342323E-02  0.169620381345E-02  0.171824804147E-02
  0.174056955174E-02  0.176317183205E-02  0.178605841404E-02  0.180923287380E-02
  0.183269883238E-02  0.185645995638E-02  0.188051995853E-02  0.190488259824E-02
  0.192955168224E-02  0.195453106512E-02  0.197982464996E-02  0.200543638893E-02
  0.203137028391E-02  0.205763038714E-02  0.208422080180E-02  0.211114568270E-02
  0.213840923692E-02  0.216601572442E-02  0.219396945880E-02  0.222227480787E-02
  0.225093619440E-02  0.227995809679E-02  0.230934504977E-02  0.233910164512E-02
  0.236923253236E-02  0.239974241950E-02  0.243063607379E-02  0.246191832240E-02
  0.249359405327E-02  0.252566821577E-02  0.255814582158E-02  0.259103194538E-02
  0.262433172570E-02  0.265805036568E-02  0.269219313395E-02  0.272676536537E-02
  0.276177246193E-02  0.279721989356E-02  0.283311319899E-02  0.286945798662E-02
  0.290625993540E-02  0.294352479571E-02  0.298125839026E-02  0.301946661500E-02
  0.305815544004E-02  0.309733091060E-02  0.313699914791E-02  0.317716635022E-02
  0.321783879375E-02  0.325902283363E-02  0.330072490496E-02  0.334295152377E-02
  0.338570928807E-02  0.342900487882E-02  0.347284506107E-02  0.351723668493E-02
  0.356218668668E-02  0.360770208984E-02  0.365379000630E-02  0.370045763738E-02
  0.374771227500E-02  0.379556130279E-02  0.384401219726E-02  0.389307252895E-02
  0.394274996365E-02  0.399305226355E-02  0.404398728850E-02  0.409556299718E-02
  0.414778744842E-02  0.420066880239E-02  0.425421532191E-02  0.430843537373E-02
  0.436333742984E-02  0.441893006881E-02  0.447522197709E-02  0.453222195041E-02
  0.458993889513E-02  0.464838182965E-02  0.470755988578E-02  0.476748231023E-02
  0.482815846599E-02  0.488959783383E-02  0.495181001379E-02  0.501480472663E-02
  0.507859181542E-02  0.514318124701E-02  0.520858311364E-02  0.527480763448E-02
  0.534186515725E-02  0.540976615981E-02  0.547852125185E-02  0.554814117648E-02
  0.561863681195E-02  0.569001917337E-02  0.576229941435E-02  0.583548882885E-02
  0.590959885284E-02  0.598464106619E-02  0.606062719438E-02  0.613756911039E-02
  0.621547883658E-02  0.629436854647E-02  0.637425056676E-02  0.645513737917E-02
  0.653704162243E-02  0.661997609425E-02  0.670395375330E-02  0.678898772126E-02
  0.687509128487E-02  0.696227789799E-02  0.705056118369E-02  0.713995493642E-02
  0.723047312414E-02  0.732212989049E-02  0.741493955704E-02  0.750891662549E-02
  0.760407577993E-02  0.770043188919E-02  0.779800000910E-02  0.789679538487E-02
  0.799683345350E-02  0.809812984612E-02  0.820070039051E-02  0.830456111352E-02
  0.840972824360E-02  0.851621821333E-02  0.862404766198E-02  0.873323343813E-02
  0.884379260228E-02  0.895574242951E-02  0.906910041222E-02  0.918388426282E-02
  0.930011191652E-02  0.941780153413E-02  0.953697150490E-02  0.965764044937E-02
  0.977982722230E-02  0.990355091564E-02  0.100288308615E-01  0.101556866350E-01
  0.102841380578E-01  0.104142052005E-01  0.105459083865E-01  0.106792681946E-01
  0.108143054627E-01  0.109510412904E-01  0.110894970432E-01  0.112296943549E-01
  0.113716551317E-01  0.115154015552E-01  0.116609560862E-01  0.118083414678E-01
  0.119575807293E-01  0.121086971896E-01  0.122617144610E-01  0.124166564527E-01
  0.125735473747E-01  0.127324117416E-01  0.128932743762E-01  0.130561604137E-01
  0.132210953053E-01  0.133881048225E-01  0.135572150608E-01  0.137284524440E-01
  0.139018437283E-01  0.140774160066E-01  0.142551967122E-01  0.144352136238E-01
  0.146174948693E-01  0.148020689308E-01  0.149889646480E-01  0.151782112241E-01
  0.153698382290E-01  0.155638756049E-01  0.157603536705E-01  0.159593031260E-01
  0.161607550575E-01  0.163647409424E-01  0.165712926539E-01  0.167804424660E-01
  0.169922230590E-01  0.172066675238E-01  0.174238093680E-01  0.176436825203E-01
  0.178663213365E-01  0.180917606042E-01  0.183200355487E-01  0.185511818387E-01
  0.187852355910E-01  0.190222333771E-01  0.192622122284E-01  0.195052096420E-01
  0.197512635868E-01  0.200004125093E-01  0.202526953394E-01  0.205081514968E-01
  0.207668208971E-01  0.210287439580E-01  0.212939616054E-01  0.215625152801E-01
  0.218344469442E-01  0.221097990875E-01  0.223886147345E-01  0.226709374505E-01
  0.229568113492E-01  0.232462810988E-01  0.235393919297E-01  0.238361896409E-01
  0.241367206078E-01  0.244410317888E-01  0.247491707333E-01  0.250611855886E-01
  0.253771251076E-01  0.256970386566E-01  0.260209762226E-01  0.263489884216E-01
  0.266811265062E-01  0.270174423735E-01  0.273579885737E-01  0.277028183178E-01
  0.280519854861E-01  0.284055446367E-01  0.287635510140E-01  0.291260605571E-01
  0.294931299089E-01  0.298648164248E-01  0.302411781815E-01  0.306222739863E-01
  0.310081633863E-01  0.313989066774E-01  0.317945649140E-01  0.321951999186E-01
  0.326008742911E-01  0.330116514191E-01  0.334275954873E-01  0.338487714878E-01
  0.342752452303E-01  0.347070833520E-01  0.351443533286E-01  0.355871234844E-01
  0.360354630032E-01  0.364894419388E-01  0.369491312266E-01  0.374146026937E-01
  0.378859290712E-01  0.383631840046E-01  0.388464420661E-01  0.393357787657E-01
  0.398312705633E-01  0.403329948804E-01  0.408410301125E-01  0.413554556412E-01
  0.418763518465E-01  0.424038001194E-01  0.429378828749E-01  0.434786835645E-01
  0.440262866893E-01  0.445807778135E-01  0.451422435774E-01  0.457107717112E-01
  0.462864510486E-01  0.468693715407E-01  0.474596242699E-01  0.480573014645E-01
  0.486624965126E-01  0.492753039774E-01  0.498958196112E-01  0.505241403708E-01
  0.511603644326E-01  0.518045912080E-01  0.524569213587E-01  0.531174568125E-01
  0.537863007795E-01  0.544635577680E-01  0.551493336006E-01  0.558437354314E-01
  0.565468717619E-01  0.572588524587E-01  0.579797887701E-01  0.587097933441E-01
  0.594489802452E-01  0.601974649729E-01  0.609553644794E-01  0.617227971882E-01
  0.624998830122E-01  0.632867433725E-01  0.640835012177E-01  0.648902810429E-01
  0.657072089090E-01  0.665344124627E-01  0.673720209562E-01  0.682201652675E-01
  0.690789779210E-01  0.699485931078E-01  0.708291467070E-01  0.717207763071E-01
  0.726236212269E-01  0.735378225378E-01  0.744635230855E-01  0.754008675127E-01
  0.763500022814E-01  0.773110756958E-01  0.782842379255E-01  0.792696410292E-01
  0.802674389781E-01  0.812777876801E-01  0.823008450043E-01  0.833367708055E-01
  0.843857269492E-01  0.854478773369E-01  0.865233879318E-01  0.876124267846E-01
  0.887151640598E-01  0.898317720624E-01  0.909624252646E-01  0.921073003334E-01
  0.932665761577E-01  0.944404338768E-01  0.956290569083E-01  0.968326309771E-01
  0.980513441439E-01  0.992853868353E-01  0.100534951873      0.101800234504    
  0.103081432431      0.104378745844      0.105692377451      0.107022532509    
  0.108369418859      0.109733246953      0.111114229893      0.112512583460    
  0.113928526149      0.115362279205      0.116814066654      0.118284115341    
  0.119772654964      0.121279918111      0.122806140295      0.124351559990    
  0.125916418672      0.127500960853      0.129105434121      0.130730089178    
  0.132375179880      0.134040963276      0.135727699648      0.137435652551    
  0.139165088857      0.140916278794      0.142689495988      0.144485017510    
  0.146303123911      0.148144099276      0.150008231261      0.151895811139    
  0.153807133849      0.155742498039      0.157702206114      0.159686564282    
  0.161695882603      0.163730475037      0.165790659494      0.167876757881    
  0.169989096155      0.172128004374      0.174293816746      0.176486871685    
  0.178707511858      0.180956084247      0.183232940194      0.185538435463    
  0.187872930293      0.190236789453      0.192630382301      0.195054082841    
  0.197508269780      0.199993326591      0.202509641569      0.205057607892    
  0.207637623687      0.210250092085      0.212895421290      0.215574024640    
  0.218286320673      0.221032733191      0.223813691324      0.226629629605    
  0.229480988030      0.232368212128      0.235291753034      0.238252067558    
  0.241249618255      0.244284873498      0.247358307552      0.250470400647    
  0.253621639054      0.256812515161      0.260043527549      0.263315181069    
  0.266627986925      0.269982462748      0.273379132683      0.276818527467    
  0.280301184510      0.283827647987      0.287398468914      0.291014205238    
  0.294675421927      0.298382691053      0.302136591883      0.305937710973    
  0.309786642256      0.313683987134      0.317630354576      0.321626361209    
  0.325672631418      0.329769797441      0.333918499468      0.338119385743    
  0.342373112662      0.346680344879      0.351041755408      0.355458025728    
  0.359929845889      0.364457914625      0.369042939453      0.373685636794    
  0.378386732078      0.383146959862      0.387967063940      0.392847797463    
  0.397789923057      0.402794212938      0.407861449037      0.412992423120    
  0.418187936911      0.423448802221      0.428775841070      0.434169885819    
  0.439631779299      0.445162374941      0.450762536913      0.456433140250    
  0.462175070997      0.467989226341      0.473876514757      0.479837856145    
  0.485874181976      0.491986435439      0.498175571587      0.504442557483    
  0.510788372358      0.517214007758      0.523720467701      0.530308768836    
  0.536979940597      0.543735025368      0.550575078646      0.557501169203    
  0.564514379254      0.571615804628      0.578806554937      0.586087753750    
  0.593460538770      0.600926062009      0.608485489970      0.616140003829    
  0.623890799620      0.631739088420      0.639686096541      0.647733065718    
  0.655881253307      0.664131932479      0.672486392418      0.680945938528    
  0.689511892628      0.698185593167      0.706968395427      0.715861671740    
  0.724866811699      0.733985222373      0.743218328535      0.752567572875    
  0.762034416232      0.771620337820      0.781326835457      0.791155425805    
  0.801107644600      0.811185046897      0.821389207311      0.831721720261    
  0.842184200226      0.852778281987      0.863505620892      0.874367893110    
  0.885366795893      0.896504047841      0.907781389174      0.919200581998    
  0.930763410585      0.942471681651      0.954327224638      0.966331891997    
  0.978487559484      0.990796126444       1.00325951612       1.01587967593    
   1.02865857782       1.04159821850       1.05470061983       1.06796782908    
   1.08140191927       1.09500498952       1.10877916533       1.12272659894    
   1.13684946967       1.15114998424       1.16563037715       1.18029291097    
   1.19513987676       1.21017359440       1.22539641292       1.24081071093    
   1.25641889694       1.27222340976       1.28822671888       1.30443132485    
   1.32083975967       1.33745458719       1.35427840351       1.37131383739    
   1.38856355065       1.40603023860       1.42371663043       1.44162548968    
   1.45975961465       1.47812183884       1.49671503137       1.51554209747    
   1.53460597891       1.55390965446       1.57345614036       1.59324849078    
   1.61328979833       1.63358319449       1.65413185015       1.67493897608    
   1.69600782343       1.71734168426       1.73894389203       1.76081782212    
   1.78296689237       1.80539456364       1.82810434028       1.85109977075    
   1.87438444812       1.89796201068       1.92183614247       1.94601057386    
   1.97048908218       1.99527549222       2.02037367692       2.04578755792    
   2.07152110619       2.09757834265       2.12396333879       2.15068021734    
   2.17773315284       2.20512637238       2.23286415621       2.26095083840    
   2.28939080757       2.31818850751       2.34734843793       2.37687515511    
   2.40677327268       2.43704746227       2.46770245429       2.49874303864    
   2.53017406547       2.56200044595       2.59422715302       2.62685922216    
   2.65990175220       2.69335990610       2.72723891177       2.76154406288    
   2.79628071966       2.83145430980       2.86707032923       2.90313434304    
   2.93965198630       2.97662896497       3.01407105677       3.05198411211    
   3.09037405498       3.12924688388       3.16860867278       3.20846557203    
   3.24882380936       3.28968969082       3.33106960179       3.37297000796    
   3.41539745637       3.45835857637       3.50186008075       3.54590876669    
   3.59051151689       3.63567530062       3.68140717482       3.72771428518    
   3.77460386728       3.82208324772       3.87015984525       3.91884117192    
   3.96813483431       4.01804853464       4.06859007203       4.11976734370    
   4.17158834621       4.22406117668       4.27719403410       4.33099522060    
   4.38547314272       4.44063631274       4.49649335002       4.55305298233    
   4.61032404724       4.66831549347       4.72703638229       4.78649588897    
   4.84670330417       4.90766803542       4.96939960859       5.03190766936    
   5.09520198475       5.15929244462       5.22418906323       5.28990198081    
   5.35644146514       5.42381791315       5.49204185254       5.56112394346    
   5.63107498010       5.70190589247       5.77362774804       5.84625175349    
   5.91978925648       5.99425174738       6.06965086112       6.14599837895    
   6.22330623034       6.30158649479       6.38085140376       6.46111334254    
   6.54238485223       6.62467863166       6.70800753941       6.79238459579    
   6.87782298489       6.96433605662       7.05193732883       7.14064048940    
   7.23045939837       7.32140809014       7.41350077562       7.50675184449    
   7.60117586740       7.69678759831       7.79360197675       7.89163413015    
   7.99089937624       8.09141322542       8.19319138318       8.29624975257    
   8.40060443666       8.50627174109       8.61326817659       8.72161046157    
   8.83131552472       8.94240050770       9.05488276776       9.16877988047    
   9.28410964249       9.40089007434       9.51913942319       9.63887616574    
   9.76011901111       9.88288690373       10.0071990263       10.1330748030    
   10.2605339019       10.3895962390       10.5202819804       10.6526115461    
   10.7866056129       10.9222851175       11.0596712601       11.1987855078    
   11.3396495972       11.4822855387       11.6267156196       11.7729624072    
   11.9210487529       12.0709977956       12.2228329650       12.3765779858    
   12.5322568808       12.6898939753       12.8495139003       13.0111415969    
   13.1748023195       13.3405216407       13.5083254543       13.6782399800    
   13.8502917674       14.0245076998       14.2009149989       14.3795412286    
   14.5604142998       14.7435624741       14.9290143688       15.1167989612    
   15.3069455930       15.4994839750       15.6944441917       15.8918567060    
   16.0917523641       16.2941624000       16.4991184408       16.7066525111    
   16.9167970388       17.1295848591       17.3450492208       17.5632237905    
   17.7841426585       18.0078403437       18.2343517994       18.4637124185    
   18.6959580391       18.9311249499       19.1692498963       19.4103700858    
   19.6545231939       19.9017473701       20.1520812435       20.4055639295    
   20.6622350352       20.9221346659       21.1853034315       21.4517824527    
   21.7216133674       21.9948383371       22.2715000539       22.5516417467    
   22.8353071881       23.1225407016       23.4133871680       23.7078920325    
   24.0061013121       24.3080616028       24.6138200863       24.9234245381    
   25.2369233345       25.5543654603       25.8758005165       26.2012787280    
   26.5308509514       26.8645686830       27.2024840670       27.5446499032    
   27.8911196558       28.2419474614       28.5971881376       28.9568971914    
   29.3211308281       29.6899459599       30.0634002151       30.4415519464    
   30.8244602410       31.2121849290       31.6047865932       32.0023265785    
   32.4048670011       32.8124707590       33.2252015410       33.6431238371    
   34.0663029486       34.4948049980       34.9286969397       35.3680465701    
   35.8129225386       36.2633943579       36.7195324151       37.1814079828    
   37.6490932299       38.1226612333       38.6021859888       39.0877424233    
   39.5794064058       40.0772547599       40.5813652754       41.0918167205    
   41.6086888545       42.1320624395       42.6620192538       43.1986421043    
   43.7420148392       44.2922223618       44.8493506430       45.4134867353    
   45.9847187861       46.5631360515       47.1488289106       47.7418888788    
   48.3424086231       48.9504819760       49.5662039500       50.1896707531    
   50.8209798031       51.4602297434       52.1075204581       52.7629530877    
   53.4266300449       54.0986550305       54.7791330498       55.4681704289    
   56.1658748313       56.8723552747       57.5877221482       58.3120872292    
   59.0455637012       59.7882661715       60.5403106889       61.3018147617    
   62.0728973767       62.8536790169       63.6442816812       64.4448289028    
   65.2554457688       66.0762589398       66.9073966694       67.7489888248    
   68.6011669062       69.4640640684       70.3378151407       71.2225566485    
   72.1184268346       73.0255656803       73.9441149280       74.8742181030    
   75.8160205357       76.7696693846       77.7353136593       78.7131042438    
   79.7031939198       80.7057373907       81.7208913062       82.7488142859    
   83.7896669451       84.8436119189       85.9108138886       86.9914396065    
   88.0856579227       89.1936398109       90.3155583956       91.4515889789    
   92.6019090678       93.7666984022       94.9461389827       96.1404150995    
   97.3497133606       98.5742227212       99.8141345134       101.069642476    
   102.340942785       103.628234083       104.931717512       106.251596745    
   107.588078014       108.941370148       110.311684602       111.699235490    
   113.104239619       114.526916525       115.967488503       117.426180646    
   118.903220877    
Down potential follows (l on next line)
 1
  -87.9666255840      -88.0816468561      -87.9201791712      -88.0281814268    
  -87.9903044354      -88.0014781208      -87.9906663942      -87.9957963215    
  -87.9934278813      -87.9929973683      -87.9922956863      -87.9916120919    
  -87.9909223276      -87.9902388854      -87.9895556956      -87.9888753353    
  -87.9881968219      -87.9875204832      -87.9868462446      -87.9861741562    
  -87.9855042475      -87.9848365634      -87.9841711551      -87.9835080827    
  -87.9828474139      -87.9821892249      -87.9815336003      -87.9808806328    
  -87.9802304239      -87.9795830840      -87.9789387321      -87.9782974962    
  -87.9776595138      -87.9770249315      -87.9763939054      -87.9757666010    
  -87.9751431937      -87.9745238685      -87.9739088202      -87.9732982535    
  -87.9726923828      -87.9720914323      -87.9714956358      -87.9709052370    
  -87.9703204887      -87.9697416532      -87.9691690014      -87.9686028133    
  -87.9680433770      -87.9674909883      -87.9669459506      -87.9664085738    
  -87.9658791742      -87.9653580733      -87.9648455972      -87.9643420754    
  -87.9638478403      -87.9633632258      -87.9628885658      -87.9624241936    
  -87.9619704397      -87.9615276310      -87.9610960886      -87.9606761264    
  -87.9602680493      -87.9598721510      -87.9594887121      -87.9591179983    
  -87.9587602577      -87.9584157187      -87.9580845879      -87.9577670472    
  -87.9574632519      -87.9571733279      -87.9568973691      -87.9566354353    
  -87.9563875492      -87.9561536945      -87.9559338133      -87.9557278034    
  -87.9555355169      -87.9553567576      -87.9551912791      -87.9550387832    
  -87.9548989186      -87.9547712791      -87.9546554028      -87.9545507715    
  -87.9544568097      -87.9543728850      -87.9542983077      -87.9542323316    
  -87.9541741546      -87.9541229199      -87.9540777176      -87.9540375862    
  -87.9540015153      -87.9539684477      -87.9539372823      -87.9539068773    
  -87.9538760538      -87.9538435989      -87.9538082703      -87.9537687998    
  -87.9537238980      -87.9536722583      -87.9536125617      -87.9535434810    
  -87.9534636855      -87.9533718456      -87.9532666371      -87.9531467456    
  -87.9530108705      -87.9528577294      -87.9526860619      -87.9524946327    
  -87.9522822357      -87.9520476966      -87.9517898760      -87.9515076717    
  -87.9512000210      -87.9508659027      -87.9505043384      -87.9501143943    
  -87.9496951814      -87.9492458569      -87.9487656240      -87.9482537322    
  -87.9477094773      -87.9471322006      -87.9465212883      -87.9458761709    
  -87.9451963219      -87.9444812564      -87.9437305300      -87.9429437370    
  -87.9421205088      -87.9412605124      -87.9403634480      -87.9394290476    
  -87.9384570730      -87.9374473136      -87.9363995843      -87.9353137243    
  -87.9341895940      -87.9330270740      -87.9318260627      -87.9305864745    
  -87.9293082380      -87.9279912945      -87.9266355956      -87.9252411024    
  -87.9238077832      -87.9223356126      -87.9208245695      -87.9192746363    
  -87.9176857970      -87.9160580366      -87.9143913397      -87.9126856891    
  -87.9109410655      -87.9091574460      -87.9073348034      -87.9054731057    
  -87.9035723148      -87.9016323862      -87.8996532685      -87.8976349026    
  -87.8955772210      -87.8934801479      -87.8913435982      -87.8891674776    
  -87.8869516818      -87.8846960968      -87.8824005978      -87.8800650499    
  -87.8776893071      -87.8752732126      -87.8728165986      -87.8703192859    
  -87.8677810841      -87.8652017913      -87.8625811942      -87.8599190678    
  -87.8572151758      -87.8544692698      -87.8516810903      -87.8488503658    
  -87.8459768132      -87.8430601379      -87.8401000334      -87.8370961818    
  -87.8340482537      -87.8309559077      -87.8278187912      -87.8246365401    
  -87.8214087786      -87.8181351196      -87.8148151645      -87.8114485033    
  -87.8080347147      -87.8045733659      -87.8010640132      -87.7975062011    
  -87.7938994631      -87.7902433216      -87.7865372875      -87.7827808607    
  -87.7789735299      -87.7751147725      -87.7712040549      -87.7672408322    
  -87.7632245485      -87.7591546366      -87.7550305181      -87.7508516036    
  -87.7466172923      -87.7423269725      -87.7379800210      -87.7335758034    
  -87.7291136740      -87.7245929760      -87.7200130411      -87.7153731895    
  -87.7106727303      -87.7059109607      -87.7010871668      -87.6962006228    
  -87.6912505916      -87.6862363240      -87.6811570595      -87.6760120254    
  -87.6708004373      -87.6655214988      -87.6601744014      -87.6547583246    
  -87.6492724356      -87.6437158892      -87.6380878282      -87.6323873824    
  -87.6266136694      -87.6207657940      -87.6148428482      -87.6088439111    
  -87.6027680489      -87.5966143146      -87.5903817481      -87.5840693757    
  -87.5776762105      -87.5712012520      -87.5646434858      -87.5580018838    
  -87.5512754039      -87.5444629899      -87.5375635714      -87.5305760634    
  -87.5234993667      -87.5163323672      -87.5090739360      -87.5017229293    
  -87.4942781881      -87.4867385383      -87.4791027901      -87.4713697383    
  -87.4635381619      -87.4556068239      -87.4475744712      -87.4394398346    
  -87.4312016283      -87.4228585500      -87.4144092806      -87.4058524840    
  -87.3971868069      -87.3884108788      -87.3795233117      -87.3705226997    
  -87.3614076193      -87.3521766288      -87.3428282680      -87.3333610587    
  -87.3237735036      -87.3140640868      -87.3042312733      -87.2942735087    
  -87.2841892192      -87.2739768116      -87.2636346723      -87.2531611680    
  -87.2425546450      -87.2318134291      -87.2209358252      -87.2099201175    
  -87.1987645689      -87.1874674210      -87.1760268937      -87.1644411851    
  -87.1527084713      -87.1408269062      -87.1287946211      -87.1166097246    
  -87.1042703023      -87.0917744167      -87.0791201070      -87.0663053886    
  -87.0533282531      -87.0401866681      -87.0268785766      -87.0134018975    
  -86.9997545244      -86.9859343263      -86.9719391468      -86.9577668039    
  -86.9434150900      -86.9288817716      -86.9141645889      -86.8992612558    
  -86.8841694594      -86.8688868601      -86.8534110910      -86.8377397580    
  -86.8218704394      -86.8058006858      -86.7895280194      -86.7730499346    
  -86.7563638971      -86.7394673439      -86.7223576830      -86.7050322935    
  -86.6874885248      -86.6697236971      -86.6517351004      -86.6335199950    
  -86.6150756108      -86.5963991473      -86.5774877735      -86.5583386273    
  -86.5389488159      -86.5193154150      -86.4994354689      -86.4793059904    
  -86.4589239605      -86.4382863282      -86.4173900101      -86.3962318910    
  -86.3748088226      -86.3531176245      -86.3311550830      -86.3089179517    
  -86.2864029512      -86.2636067684      -86.2405260572      -86.2171574379    
  -86.1934974970      -86.1695427873      -86.1452898277      -86.1207351032    
  -86.0958750646      -86.0707061286      -86.0452246775      -86.0194270595    
  -85.9933095882      -85.9668685427      -85.9401001677      -85.9130006732    
  -85.8855662348      -85.8577929932      -85.8296770547      -85.8012144907    
  -85.7724013381      -85.7432335991      -85.7137072411      -85.6838181973    
  -85.6535623658      -85.6229356105      -85.5919337608      -85.5605526116    
  -85.5287879234      -85.4966354227      -85.4640908017      -85.4311497184    
  -85.3978077971      -85.3640606283      -85.3299037686      -85.2953327414    
  -85.2603430366      -85.2249301107      -85.1890893876      -85.1528162581    
  -85.1161060804      -85.0789541804      -85.0413558517      -85.0033063560    
  -84.9648009231      -84.9258347515      -84.8864030086      -84.8465008303    
  -84.8061233224      -84.7652655600      -84.7239225880      -84.6820894216    
  -84.6397610464      -84.5969324188      -84.5535984662      -84.5097540876    
  -84.4653941534      -84.4205135064      -84.3751069614      -84.3291693063    
  -84.2826953018      -84.2356796820      -84.1881171548      -84.1400024019    
  -84.0913300798      -84.0420948194      -83.9922912268      -83.9419138832    
  -83.8909573460      -83.8394161481      -83.7872847990      -83.7345577848    
  -83.6812295684      -83.6272945900      -83.5727472673      -83.5175819956    
  -83.4617931484      -83.4053750772      -83.3483221120      -83.2906285614    
  -83.2322887131      -83.1732968335      -83.1136471683      -83.0533339423    
  -82.9923513599      -82.9306936049      -82.8683548406      -82.8053292101    
  -82.7416108357      -82.6771938197      -82.6120722437      -82.5462401690    
  -82.4796916362      -82.4124206653      -82.3444212554      -82.2756873848    
  -82.2062130106      -82.1359920683      -82.0650184721      -81.9932861142    
  -81.9207888648      -81.8475205715      -81.7734750594      -81.6986461302    
  -81.6230275623      -81.5466131105      -81.4693965052      -81.3913714521    
  -81.3125316323      -81.2328707013      -81.1523822889      -81.0710599987    
  -80.9888974080      -80.9058880668      -80.8220254984      -80.7373031981    
  -80.6517146334      -80.5652532439      -80.4779124405      -80.3896856056    
  -80.3005660930      -80.2105472276      -80.1196223053      -80.0277845931    
  -79.9350273293      -79.8413437235      -79.7467269566      -79.6511701813    
  -79.5546665225      -79.4572090774      -79.3587909160      -79.2594050817    
  -79.1590445919      -79.0577024382      -78.9553715877      -78.8520449826    
  -78.7477155420      -78.6423761614      -78.5360197141      -78.4286390511    
  -78.3202270017      -78.2107763739      -78.1002799542      -77.9887305077    
  -77.8761207775      -77.7624434844      -77.6476913259      -77.5318569744    
  -77.4149330761      -77.2969122488      -77.1777870787      -77.0575501181    
  -76.9361938814      -76.8137108409      -76.6900934229      -76.5653340023    
  -76.4394248975      -76.3123583655      -76.1841265956      -76.0547217054    
  -75.9241357350      -75.7923606440      -75.6593883085      -75.5252105202    
  -75.3898189883      -75.2532053441      -75.1153611490      -74.9762779084    
  -74.8359470903      -74.6943601509      -74.5515085688      -74.4073838872    
  -74.2619777674      -74.1152820523      -73.9672888439      -73.8179905920    
  -73.6673801976      -73.5154511298      -73.3621975549      -73.2076144789    
  -73.0516978988      -72.8944449629      -72.7358541337      -72.5759253507    
  -72.4146601871      -72.2520619937      -72.0881360198      -71.9228895115    
  -71.7563317720      -71.5884741671      -71.4193300959      -71.2489148950    
  -71.0772456758      -70.9043411044      -70.7302211132      -70.5549065511    
  -70.3784187803      -70.2007792263      -70.0220088956      -69.8421278744    
  -69.6611548240      -69.4791064908      -69.2959972454      -69.1118386668    
  -68.9266391849      -68.7404037917      -68.5531338293      -68.3648268597    
  -68.1754766195      -67.9850730590      -67.7936024648      -67.6010476622    
  -67.4073882925      -67.2126011591      -67.0166606339      -66.8195391144    
  -66.6212075181      -66.4216358017      -66.2207934865      -66.0186501745    
  -65.8151760367      -65.6103422589      -65.4041214299      -65.1964878640    
  -64.9874178513      -64.7768898352      -64.5648845217      -64.3513849261    
  -64.1363763671      -63.9198464198      -63.7017848371      -63.4821834513    
  -63.2610360628      -63.0383383235      -62.8140876198      -62.5882829581    
  -62.3609248534      -62.1320152234      -61.9015572856      -61.6695554578    
  -61.4360152615      -61.2009432266      -60.9643467970      -60.7262342376    
  -60.4866145419      -60.2454973405      -60.0028928116      -59.7588115933    
  -59.5132646985      -59.2662634332      -59.0178193187      -58.7679440183    
  -58.5166492689      -58.2639468182      -58.0098483670      -57.7543655187    
  -57.4975097338      -57.2392922920      -56.9797242599      -56.7188164659    
  -56.4565794817      -56.1930236100      -55.9281588794      -55.6619950442    
  -55.3945415921      -55.1258077560      -54.8558025315      -54.5845346994    
  -54.3120128520      -54.0382454224      -53.7632407165      -53.4870069462    
  -53.2095522641      -52.9308847965      -52.6510126769      -52.3699440765    
  -52.0876872343      -51.8042504848      -51.5196422863      -51.2338712507    
  -50.9469461779      -50.6588761012      -50.3696703476      -50.0793386235    
  -49.7878911342      -49.4953387514      -49.2016932395      -48.9069675591    
  -48.6111762594      -48.3143359772      -48.0164660484      -47.7175892465    
  -47.4177326299      -47.1169285110      -46.8152154979      -46.5126395523    
  -46.2092550566      -45.9051257536      -45.6003254752      -45.2949385714    
  -44.9890598974      -44.6827942599      -44.3762552189      -44.0695631693    
  -43.7628426699      -43.4562190229      -43.1498141698      -42.8437420402    
  -42.5381035441      -42.2329814947      -41.9284358322      -41.6244995889    
  -41.3211761007      -41.0184379624      -40.7162281422      -40.4144634752    
  -40.1130404622      -39.8118429457      -39.5107508993      -39.2096493420    
  -38.9084363402      -38.6070292244      -38.3053684668      -38.0034190693    
  -37.7011696925      -37.3986300321      -37.0958270899      -36.7928009820    
  -36.4896008360      -36.1862811695      -35.8828989862      -35.5795116763    
  -35.2761756978      -34.9729459407      -34.6698756301      -34.3670166126    
  -34.0644198723      -33.7621361398      -33.4602164875      -33.1587128285    
  -32.8576782704      -32.5571672975      -32.2572357799      -31.9579408215    
  -31.6593404713      -31.3614933259      -31.0644580576      -30.7682928942    
  -30.4730550802      -30.1788003412      -29.8855823684      -29.5934523399    
  -29.3024584853      -29.0126457037      -28.7240552376      -28.4367244059    
  -28.1506863976      -27.8659701267      -27.5826001476      -27.3005966323    
  -27.0199754077      -26.7407480531      -26.4629220580      -26.1865010375    
  -25.9114850058      -25.6378707048      -25.3656519845      -25.0948202304    
  -24.8253648322      -24.5572736838      -24.2905337029      -24.0251313559    
  -23.7610531677      -23.4982861941      -23.2368184290      -22.9766391146    
  -22.7177389211      -22.4601099548      -22.2037455651      -21.9486399098    
  -21.6947872470      -21.4421809586      -21.1908122982      -20.9406688900    
  -20.6917330735      -20.4439802280      -20.1973772344      -19.9518813794    
  -19.7074400578      -19.4639917070      -19.2214685167      -18.9798014771    
  -18.7389283058      -18.4988046428      -18.2594185764      -18.0208080201    
  -17.7830796772      -17.5464273701      -17.3111464953      -17.0776405648    
  -16.8464155070      -16.6180579727      -16.3931955557      -16.1724396383    
  -15.9563153241      -15.7451871108      -15.5391927219      -15.3381995200    
  -15.1417965860      -14.9493297053      -14.7599765828      -14.5728484361    
  -14.3870962028      -14.2019987667      -14.0170174106      -13.8318118770    
  -13.6462239523      -13.4602406118      -13.2739495921      -13.0874973423    
  -12.9010550172      -12.7147943672      -12.5288728759      -12.3434263066    
  -12.1585665579      -11.9743829567      -11.7909455268      -11.6083091740    
  -11.4265180649      -11.2456097301      -11.0656186131      -10.8865789206    
  -10.7085267315      -10.5315013958      -10.3555462963      -10.1807090809    
  -10.0070414772      -9.83459880620      -9.66343929651      -9.49362328845    
  -9.32521239878      -9.15826869940      -8.99285394735      -8.82902889035    
  -8.66685266087      -8.50638226382      -8.34767215667      -8.19077391740    
  -8.03573599290      -7.88260351947      -7.73141820644      -7.58221827415    
  -7.43503843937      -7.28990993529      -7.14686057402      -7.00591481919    
  -6.86709388479      -6.73041587200      -6.59589588193      -6.46354614841    
  -6.33337620493      -6.20539300556      -6.07960106828      -5.95600265605    
  -5.83459787938      -5.71538483428      -5.59835974826      -5.48351708571    
  -5.37084966667      -5.26034876828      -5.15200421947      -5.04580448632    
  -4.94173674855      -4.83978696752      -4.73993994655      -4.64217938410    
  -4.54648792093      -4.45284718200      -4.36123781520      -4.27163952407    
  -4.18403110656      -4.09839048064      -4.01469471455      -3.93292007440    
  -3.85304204278      -3.77503535525      -3.69887404331      -3.62453146533    
  -3.55198034674      -3.48119281658      -3.41214044446      -3.34479427579    
  -3.27912486479      -3.21510230452      -3.15269625352      -3.09187595842    
  -3.03261027267      -2.97486767124      -2.91861626188      -2.86382379352    
  -2.81045766271      -2.75848491930      -2.70787227255      -2.65858609897    
  -2.61059245338      -2.56385708411      -2.51834545377      -2.47402276602    
  -2.43085399923      -2.38880394706      -2.34783726591      -2.30791852894    
  -2.26901228599      -2.23108312850      -2.19409575859      -2.15801506111    
  -2.12280617770      -2.08843458187      -2.05486615437      -2.02206725801    
  -1.99000481179      -1.95864636393      -1.92796016406      -1.89791523471    
  -1.86848144264      -1.83962957067      -1.81133139053      -1.78355973754    
  -1.75628858771      -1.72949313753      -1.70314988687      -1.67723672468    
  -1.65173301711      -1.62661969692      -1.60187935299      -1.57749631781    
  -1.55345675069      -1.52974871373      -1.50636223758      -1.48328937326    
  -1.46052422677      -1.43806297267      -1.41590384342      -1.39404709146    
  -1.37249492153      -1.35125139151      -1.33032228079      -1.30971492621    
  -1.28943802647      -1.26950141682      -1.24991581700      -1.23069255692    
  -1.21184328207      -1.19337964629      -1.17531299634      -1.15765405286    
  -1.14041259469      -1.12359715105      -1.10721470717      -1.09127042815    
  -1.07576740531      -1.06070642912      -1.04608579202      -1.03190112419    
  -1.01814526490      -1.00480817141     -0.991876867459     -0.979335432657    
 -0.967165034170     -0.955344001394     -0.943847944144     -0.932649914921    
 -0.921720613927     -0.911028637344     -0.900540765707     -0.890222290771    
 -0.880037378168     -0.869949458758     -0.859921647377     -0.849917178473    
 -0.839899853041     -0.829834489445     -0.819687366101     -0.809426649903    
 -0.799022798684     -0.788448929511     -0.777681144118     -0.766698803822    
 -0.755484748360     -0.744025453599     -0.732311125970     -0.720335732747    
 -0.708096969501     -0.695596167761     -0.682838147610     -0.669831021257    
 -0.656585954709     -0.643116895337     -0.629440273529     -0.615574686610    
 -0.601540572958     -0.587359883731     -0.573055758864     -0.558652213187    
 -0.544173837521     -0.529645518680     -0.515092181306     -0.500538553591    
 -0.486008958071     -0.471527127954     -0.457116048821     -0.442797824974    
 -0.428593569341     -0.414523315493     -0.400605950117     -0.386859164162    
 -0.373299420779     -0.359941938193     -0.346800685655     -0.333888390706    
 -0.321216556093     -0.308795484765     -0.296634311536     -0.284741040123    
 -0.273122584403     -0.261784812855     -0.250732595320     -0.239969851276    
 -0.229499598979     -0.219324004918     -0.209444433102     -0.199861493801    
 -0.190575091443     -0.181584471401     -0.172888265499     -0.164484536085    
 -0.156370818573     -0.148544162391     -0.141001170296     -0.133738036040    
 -0.126750580391     -0.120034285530     -0.113584327856     -0.107395609236    
 -0.101462786737     -0.957803009028E-01 -0.903424026153E-01 -0.851431785992E-01
 -0.801765756162E-01 -0.754364233974E-01 -0.709164563736E-01 -0.666103342345E-01
 -0.625116613761E-01 -0.586140052663E-01 -0.549109137737E-01 -0.513959314968E-01
 -0.480626151219E-01 -0.449045478485E-01 -0.419153529064E-01 -0.390887061971E-01
 -0.364183480771E-01 -0.338980943157E-01 -0.315218462479E-01 -0.292836001444E-01
 -0.271774558133E-01 -0.251976244688E-01 -0.233384358716E-01 -0.215943447703E-01
 -0.199599366632E-01 -0.184299328950E-01 -0.169991951143E-01 -0.156627291125E-01
 -0.144156880586E-01 -0.132533693495E-01 -0.121712261350E-01 -0.111648765618E-01
 -0.102300839787E-01 -0.936276552819E-02 -0.855898894278E-02 -0.781500158047E-02
 -0.771752632629E-02 -0.781460117759E-02 -0.791291071435E-02 -0.801245183330E-02
 -0.811324511410E-02 -0.821530532680E-02 -0.831864864402E-02 -0.842329126328E-02
 -0.852924958528E-02 -0.863654020642E-02 -0.874517501902E-02 -0.885517613118E-02
 -0.896656086218E-02 -0.907934662160E-02 -0.919355104030E-02 -0.930919196315E-02
 -0.942628746380E-02 -0.954485583863E-02 -0.966491561654E-02 -0.978648555868E-02
 -0.990958465900E-02 -0.100342321526E-01 -0.101604475172E-01 -0.102882504747E-01
 -0.104176609954E-01 -0.105486992992E-01 -0.106813858600E-01 -0.108157414134E-01
 -0.109517869504E-01 -0.110895437295E-01 -0.112290332752E-01 -0.113702773835E-01
 -0.115132981243E-01 -0.116581178432E-01 -0.118047591698E-01 -0.119532450181E-01
 -0.121035985874E-01 -0.122558433718E-01 -0.124100031604E-01 -0.125661020393E-01
 -0.127241643977E-01 -0.128842149346E-01 -0.130462786607E-01 -0.132103808960E-01
 -0.133765472850E-01 -0.135448037878E-01 -0.137151766993E-01 -0.138876926354E-01
 -0.140623785557E-01 -0.142392617554E-01 -0.144183698709E-01 -0.145997308902E-01
 -0.147833731508E-01 -0.149693253458E-01 -0.151576165310E-01 -0.153482761277E-01
 -0.155413339264E-01 -0.157368200952E-01 -0.159347651762E-01 -0.161352001006E-01
 -0.163381561837E-01 -0.165436651408E-01 -0.167517590847E-01 -0.169624705265E-01
 -0.171758323909E-01 -0.173918780183E-01 -0.176106411661E-01 -0.178321560134E-01
 -0.180564571770E-01 -0.182835796996E-01 -0.185135590731E-01 -0.187464312312E-01
 -0.189822325614E-01 -0.192209999046E-01 -0.194627705731E-01 -0.197075823404E-01
 -0.199554734619E-01 -0.202064826719E-01 -0.204606491872E-01 -0.207180127226E-01
 -0.209786134940E-01 -0.212424922187E-01 -0.215096901289E-01 -0.217802489783E-01
 -0.220542110366E-01 -0.223316191120E-01 -0.226125165526E-01 -0.228969472490E-01
 -0.231849556407E-01 -0.234765867362E-01 -0.237718860980E-01 -0.240708998668E-01
 -0.243736747658E-01 -0.246802581057E-01 -0.249906977857E-01 -0.253050423204E-01
 -0.256233408221E-01 -0.259456430233E-01 -0.262719992878E-01 -0.266024606106E-01
 -0.269370786248E-01 -0.272759056133E-01 -0.276189945226E-01 -0.279663989627E-01
 -0.283181732051E-01 -0.286743722275E-01 -0.290350516814E-01 -0.294002679232E-01
 -0.297700780204E-01 -0.301445397575E-01 -0.305237116399E-01 -0.309076529232E-01
 -0.312964235895E-01 -0.316900843887E-01 -0.320886968315E-01 -0.324923231975E-01
 -0.329010265642E-01 -0.333148707822E-01 -0.337339205214E-01 -0.341582412568E-01
 -0.345878992943E-01 -0.350229617624E-01 -0.354634966406E-01 -0.359095727650E-01
 -0.363612598366E-01 -0.368186284338E-01 -0.372817500188E-01 -0.377506969557E-01
 -0.382255425236E-01 -0.387063609047E-01 -0.391932272462E-01 -0.396862176029E-01
 -0.401854090245E-01 -0.406908794966E-01 -0.412027079997E-01 -0.417209745216E-01
 -0.422457600245E-01
Up potential follows (l on next line)
 1
  -87.9666255840      -88.0816468561      -87.9201791712      -88.0281814268    
  -87.9903044354      -88.0014781208      -87.9906663942      -87.9957963215    
  -87.9934278813      -87.9929973683      -87.9922956863      -87.9916120919    
  -87.9909223276      -87.9902388854      -87.9895556956      -87.9888753353    
  -87.9881968219      -87.9875204832      -87.9868462446      -87.9861741562    
  -87.9855042475      -87.9848365634      -87.9841711551      -87.9835080827    
  -87.9828474139      -87.9821892249      -87.9815336003      -87.9808806328    
  -87.9802304239      -87.9795830840      -87.9789387321      -87.9782974962    
  -87.9776595138      -87.9770249315      -87.9763939054      -87.9757666010    
  -87.9751431937      -87.9745238685      -87.9739088202      -87.9732982535    
  -87.9726923828      -87.9720914323      -87.9714956358      -87.9709052370    
  -87.9703204887      -87.9697416532      -87.9691690014      -87.9686028133    
  -87.9680433770      -87.9674909883      -87.9669459506      -87.9664085738    
  -87.9658791742      -87.9653580733      -87.9648455972      -87.9643420754    
  -87.9638478403      -87.9633632258      -87.9628885658      -87.9624241936    
  -87.9619704397      -87.9615276310      -87.9610960886      -87.9606761264    
  -87.9602680493      -87.9598721510      -87.9594887121      -87.9591179983    
  -87.9587602577      -87.9584157187      -87.9580845879      -87.9577670472    
  -87.9574632519      -87.9571733279      -87.9568973691      -87.9566354353    
  -87.9563875492      -87.9561536945      -87.9559338133      -87.9557278034    
  -87.9555355169      -87.9553567576      -87.9551912791      -87.9550387832    
  -87.9548989186      -87.9547712791      -87.9546554028      -87.9545507715    
  -87.9544568097      -87.9543728850      -87.9542983077      -87.9542323316    
  -87.9541741546      -87.9541229199      -87.9540777176      -87.9540375862    
  -87.9540015153      -87.9539684477      -87.9539372823      -87.9539068773    
  -87.9538760538      -87.9538435989      -87.9538082703      -87.9537687998    
  -87.9537238980      -87.9536722583      -87.9536125617      -87.9535434810    
  -87.9534636855      -87.9533718456      -87.9532666371      -87.9531467456    
  -87.9530108705      -87.9528577294      -87.9526860619      -87.9524946327    
  -87.9522822357      -87.9520476966      -87.9517898760      -87.9515076717    
  -87.9512000210      -87.9508659027      -87.9505043384      -87.9501143943    
  -87.9496951814      -87.9492458569      -87.9487656240      -87.9482537322    
  -87.9477094773      -87.9471322006      -87.9465212883      -87.9458761709    
  -87.9451963219      -87.9444812564      -87.9437305300      -87.9429437370    
  -87.9421205088      -87.9412605124      -87.9403634480      -87.9394290476    
  -87.9384570730      -87.9374473136      -87.9363995843      -87.9353137243    
  -87.9341895940      -87.9330270740      -87.9318260627      -87.9305864745    
  -87.9293082380      -87.9279912945      -87.9266355956      -87.9252411024    
  -87.9238077832      -87.9223356126      -87.9208245695      -87.9192746363    
  -87.9176857970      -87.9160580366      -87.9143913397      -87.9126856891    
  -87.9109410655      -87.9091574460      -87.9073348034      -87.9054731057    
  -87.9035723148      -87.9016323862      -87.8996532685      -87.8976349026    
  -87.8955772210      -87.8934801479      -87.8913435982      -87.8891674776    
  -87.8869516818      -87.8846960968      -87.8824005978      -87.8800650499    
  -87.8776893071      -87.8752732126      -87.8728165986      -87.8703192859    
  -87.8677810841      -87.8652017913      -87.8625811942      -87.8599190678    
  -87.8572151758      -87.8544692698      -87.8516810903      -87.8488503658    
  -87.8459768132      -87.8430601379      -87.8401000334      -87.8370961818    
  -87.8340482537      -87.8309559077      -87.8278187912      -87.8246365401    
  -87.8214087786      -87.8181351196      -87.8148151645      -87.8114485033    
  -87.8080347147      -87.8045733659      -87.8010640132      -87.7975062011    
  -87.7938994631      -87.7902433216      -87.7865372875      -87.7827808607    
  -87.7789735299      -87.7751147725      -87.7712040549      -87.7672408322    
  -87.7632245485      -87.7591546366      -87.7550305181      -87.7508516036    
  -87.7466172923      -87.7423269725      -87.7379800210      -87.7335758034    
  -87.7291136740      -87.7245929760      -87.7200130411      -87.7153731895    
  -87.7106727303      -87.7059109607      -87.7010871668      -87.6962006228    
  -87.6912505916      -87.6862363240      -87.6811570595      -87.6760120254    
  -87.6708004373      -87.6655214988      -87.6601744014      -87.6547583246    
  -87.6492724356      -87.6437158892      -87.6380878282      -87.6323873824    
  -87.6266136694      -87.6207657940      -87.6148428482      -87.6088439111    
  -87.6027680489      -87.5966143146      -87.5903817481      -87.5840693757    
  -87.5776762105      -87.5712012520      -87.5646434858      -87.5580018838    
  -87.5512754039      -87.5444629899      -87.5375635714      -87.5305760634    
  -87.5234993667      -87.5163323672      -87.5090739360      -87.5017229293    
  -87.4942781881      -87.4867385383      -87.4791027901      -87.4713697383    
  -87.4635381619      -87.4556068239      -87.4475744712      -87.4394398346    
  -87.4312016283      -87.4228585500      -87.4144092806      -87.4058524840    
  -87.3971868069      -87.3884108788      -87.3795233117      -87.3705226997    
  -87.3614076193      -87.3521766288      -87.3428282680      -87.3333610587    
  -87.3237735036      -87.3140640868      -87.3042312733      -87.2942735087    
  -87.2841892192      -87.2739768116      -87.2636346723      -87.2531611680    
  -87.2425546450      -87.2318134291      -87.2209358252      -87.2099201175    
  -87.1987645689      -87.1874674210      -87.1760268937      -87.1644411851    
  -87.1527084713      -87.1408269062      -87.1287946211      -87.1166097246    
  -87.1042703023      -87.0917744167      -87.0791201070      -87.0663053886    
  -87.0533282531      -87.0401866681      -87.0268785766      -87.0134018975    
  -86.9997545244      -86.9859343263      -86.9719391468      -86.9577668039    
  -86.9434150900      -86.9288817716      -86.9141645889      -86.8992612558    
  -86.8841694594      -86.8688868601      -86.8534110910      -86.8377397580    
  -86.8218704394      -86.8058006858      -86.7895280194      -86.7730499346    
  -86.7563638971      -86.7394673439      -86.7223576830      -86.7050322935    
  -86.6874885248      -86.6697236971      -86.6517351004      -86.6335199950    
  -86.6150756108      -86.5963991473      -86.5774877735      -86.5583386273    
  -86.5389488159      -86.5193154150      -86.4994354689      -86.4793059904    
  -86.4589239605      -86.4382863282      -86.4173900101      -86.3962318910    
  -86.3748088226      -86.3531176245      -86.3311550830      -86.3089179517    
  -86.2864029512      -86.2636067684      -86.2405260572      -86.2171574379    
  -86.1934974970      -86.1695427873      -86.1452898277      -86.1207351032    
  -86.0958750646      -86.0707061286      -86.0452246775      -86.0194270595    
  -85.9933095882      -85.9668685427      -85.9401001677      -85.9130006732    
  -85.8855662348      -85.8577929932      -85.8296770547      -85.8012144907    
  -85.7724013381      -85.7432335991      -85.7137072411      -85.6838181973    
  -85.6535623658      -85.6229356105      -85.5919337608      -85.5605526116    
  -85.5287879234      -85.4966354227      -85.4640908017      -85.4311497184    
  -85.3978077971      -85.3640606283      -85.3299037686      -85.2953327414    
  -85.2603430366      -85.2249301107      -85.1890893876      -85.1528162581    
  -85.1161060804      -85.0789541804      -85.0413558517      -85.0033063560    
  -84.9648009231      -84.9258347515      -84.8864030086      -84.8465008303    
  -84.8061233224      -84.7652655600      -84.7239225880      -84.6820894216    
  -84.6397610464      -84.5969324188      -84.5535984662      -84.5097540876    
  -84.4653941534      -84.4205135064      -84.3751069614      -84.3291693063    
  -84.2826953018      -84.2356796820      -84.1881171548      -84.1400024019    
  -84.0913300798      -84.0420948194      -83.9922912268      -83.9419138832    
  -83.8909573460      -83.8394161481      -83.7872847990      -83.7345577848    
  -83.6812295684      -83.6272945900      -83.5727472673      -83.5175819956    
  -83.4617931484      -83.4053750772      -83.3483221120      -83.2906285614    
  -83.2322887131      -83.1732968335      -83.1136471683      -83.0533339423    
  -82.9923513599      -82.9306936049      -82.8683548406      -82.8053292101    
  -82.7416108357      -82.6771938197      -82.6120722437      -82.5462401690    
  -82.4796916362      -82.4124206653      -82.3444212554      -82.2756873848    
  -82.2062130106      -82.1359920683      -82.0650184721      -81.9932861142    
  -81.9207888648      -81.8475205715      -81.7734750594      -81.6986461302    
  -81.6230275623      -81.5466131105      -81.4693965052      -81.3913714521    
  -81.3125316323      -81.2328707013      -81.1523822889      -81.0710599987    
  -80.9888974080      -80.9058880668      -80.8220254984      -80.7373031981    
  -80.6517146334      -80.5652532439      -80.4779124405      -80.3896856056    
  -80.3005660930      -80.2105472276      -80.1196223053      -80.0277845931    
  -79.9350273293      -79.8413437235      -79.7467269566      -79.6511701813    
  -79.5546665225      -79.4572090774      -79.3587909160      -79.2594050817    
  -79.1590445919      -79.0577024382      -78.9553715877      -78.8520449826    
  -78.7477155420      -78.6423761614      -78.5360197141      -78.4286390511    
  -78.3202270017      -78.2107763739      -78.1002799542      -77.9887305077    
  -77.8761207775      -77.7624434844      -77.6476913259      -77.5318569744    
  -77.4149330761      -77.2969122488      -77.1777870787      -77.0575501181    
  -76.9361938814      -76.8137108409      -76.6900934229      -76.5653340023    
  -76.4394248975      -76.3123583655      -76.1841265956      -76.0547217054    
  -75.9241357350      -75.7923606440      -75.6593883085      -75.5252105202    
  -75.3898189883      -75.2532053441      -75.1153611490      -74.9762779084    
  -74.8359470903      -74.6943601509      -74.5515085688      -74.4073838872    
  -74.2619777674      -74.1152820523      -73.9672888439      -73.8179905920    
  -73.6673801976      -73.5154511298      -73.3621975549      -73.2076144789    
  -73.0516978988      -72.8944449629      -72.7358541337      -72.5759253507    
  -72.4146601871      -72.2520619937      -72.0881360198      -71.9228895115    
  -71.7563317720      -71.5884741671      -71.4193300959      -71.2489148950    
  -71.0772456758      -70.9043411044      -70.7302211132      -70.5549065511    
  -70.3784187803      -70.2007792263      -70.0220088956      -69.8421278744    
  -69.6611548240      -69.4791064908      -69.2959972454      -69.1118386668    
  -68.9266391849      -68.7404037917      -68.5531338293      -68.3648268597    
  -68.1754766195      -67.9850730590      -67.7936024648      -67.6010476622    
  -67.4073882925      -67.2126011591      -67.0166606339      -66.8195391144    
  -66.6212075181      -66.4216358017      -66.2207934865      -66.0186501745    
  -65.8151760367      -65.6103422589      -65.4041214299      -65.1964878640    
  -64.9874178513      -64.7768898352      -64.5648845217      -64.3513849261    
  -64.1363763671      -63.9198464198      -63.7017848371      -63.4821834513    
  -63.2610360628      -63.0383383235      -62.8140876198      -62.5882829581    
  -62.3609248534      -62.1320152234      -61.9015572856      -61.6695554578    
  -61.4360152615      -61.2009432266      -60.9643467970      -60.7262342376    
  -60.4866145419      -60.2454973405      -60.0028928116      -59.7588115933    
  -59.5132646985      -59.2662634332      -59.0178193187      -58.7679440183    
  -58.5166492689      -58.2639468182      -58.0098483670      -57.7543655187    
  -57.4975097338      -57.2392922920      -56.9797242599      -56.7188164659    
  -56.4565794817      -56.1930236100      -55.9281588794      -55.6619950442    
  -55.3945415921      -55.1258077560      -54.8558025315      -54.5845346994    
  -54.3120128520      -54.0382454224      -53.7632407165      -53.4870069462    
  -53.2095522641      -52.9308847965      -52.6510126769      -52.3699440765    
  -52.0876872343      -51.8042504848      -51.5196422863      -51.2338712507    
  -50.9469461779      -50.6588761012      -50.3696703476      -50.0793386235    
  -49.7878911342      -49.4953387514      -49.2016932395      -48.9069675591    
  -48.6111762594      -48.3143359772      -48.0164660484      -47.7175892465    
  -47.4177326299      -47.1169285110      -46.8152154979      -46.5126395523    
  -46.2092550566      -45.9051257536      -45.6003254752      -45.2949385714    
  -44.9890598974      -44.6827942599      -44.3762552189      -44.0695631693    
  -43.7628426699      -43.4562190229      -43.1498141698      -42.8437420402    
  -42.5381035441      -42.2329814947      -41.9284358322      -41.6244995889    
  -41.3211761007      -41.0184379624      -40.7162281422      -40.4144634752    
  -40.1130404622      -39.8118429457      -39.5107508993      -39.2096493420    
  -38.9084363402      -38.6070292244      -38.3053684668      -38.0034190693    
  -37.7011696925      -37.3986300321      -37.0958270899      -36.7928009820    
  -36.4896008360      -36.1862811695      -35.8828989862      -35.5795116763    
  -35.2761756978      -34.9729459407      -34.6698756301      -34.3670166126    
  -34.0644198723      -33.7621361398      -33.4602164875      -33.1587128285    
  -32.8576782704      -32.5571672975      -32.2572357799      -31.9579408215    
  -31.6593404713      -31.3614933259      -31.0644580576      -30.7682928942    
  -30.4730550802      -30.1788003412      -29.8855823684      -29.5934523399    
  -29.3024584853      -29.0126457037      -28.7240552376      -28.4367244059    
  -28.1506863976      -27.8659701267      -27.5826001476      -27.3005966323    
  -27.0199754077      -26.7407480531      -26.4629220580      -26.1865010375    
  -25.9114850058      -25.6378707048      -25.3656519845      -25.0948202304    
  -24.8253648322      -24.5572736838      -24.2905337029      -24.0251313559    
  -23.7610531677      -23.4982861941      -23.2368184290      -22.9766391146    
  -22.7177389211      -22.4601099548      -22.2037455651      -21.9486399098    
  -21.6947872470      -21.4421809586      -21.1908122982      -20.9406688900    
  -20.6917330735      -20.4439802280      -20.1973772344      -19.9518813794    
  -19.7074400578      -19.4639917070      -19.2214685167      -18.9798014771    
  -18.7389283058      -18.4988046428      -18.2594185764      -18.0208080201    
  -17.7830796772      -17.5464273701      -17.3111464953      -17.0776405648    
  -16.8464155070      -16.6180579727      -16.3931955557      -16.1724396383    
  -15.9563153241      -15.7451871108      -15.5391927219      -15.3381995200    
  -15.1417965860      -14.9493297053      -14.7599765828      -14.5728484361    
  -14.3870962028      -14.2019987667      -14.0170174106      -13.8318118770    
  -13.6462239523      -13.4602406118      -13.2739495921      -13.0874973423    
  -12.9010550172      -12.7147943672      -12.5288728759      -12.3434263066    
  -12.1585665579      -11.9743829567      -11.7909455268      -11.6083091740    
  -11.4265180649      -11.2456097301      -11.0656186131      -10.8865789206    
  -10.7085267315      -10.5315013958      -10.3555462963      -10.1807090809    
  -10.0070414772      -9.83459880620      -9.66343929651      -9.49362328845    
  -9.32521239878      -9.15826869940      -8.99285394735      -8.82902889035    
  -8.66685266087      -8.50638226382      -8.34767215667      -8.19077391740    
  -8.03573599290      -7.88260351947      -7.73141820644      -7.58221827415    
  -7.43503843937      -7.28990993529      -7.14686057402      -7.00591481919    
  -6.86709388479      -6.73041587200      -6.59589588193      -6.46354614841    
  -6.33337620493      -6.20539300556      -6.07960106828      -5.95600265605    
  -5.83459787938      -5.71538483428      -5.59835974826      -5.48351708571    
  -5.37084966667      -5.26034876828      -5.15200421947      -5.04580448632    
  -4.94173674855      -4.83978696752      -4.73993994655      -4.64217938410    
  -4.54648792093      -4.45284718200      -4.36123781520      -4.27163952407    
  -4.18403110656      -4.09839048064      -4.01469471455      -3.93292007440    
  -3.85304204278      -3.77503535525      -3.69887404331      -3.62453146533    
  -3.55198034674      -3.48119281658      -3.41214044446      -3.34479427579    
  -3.27912486479      -3.21510230452      -3.15269625352      -3.09187595842    
  -3.03261027267      -2.97486767124      -2.91861626188      -2.86382379352    
  -2.81045766271      -2.75848491930      -2.70787227255      -2.65858609897    
  -2.61059245338      -2.56385708411      -2.51834545377      -2.47402276602    
  -2.43085399923      -2.38880394706      -2.34783726591      -2.30791852894    
  -2.26901228599      -2.23108312850      -2.19409575859      -2.15801506111    
  -2.12280617770      -2.08843458187      -2.05486615437      -2.02206725801    
  -1.99000481179      -1.95864636393      -1.92796016406      -1.89791523471    
  -1.86848144264      -1.83962957067      -1.81133139053      -1.78355973754    
  -1.75628858771      -1.72949313753      -1.70314988687      -1.67723672468    
  -1.65173301711      -1.62661969692      -1.60187935299      -1.57749631781    
  -1.55345675069      -1.52974871373      -1.50636223758      -1.48328937326    
  -1.46052422677      -1.43806297267      -1.41590384342      -1.39404709146    
  -1.37249492153      -1.35125139151      -1.33032228079      -1.30971492621    
  -1.28943802647      -1.26950141682      -1.24991581700      -1.23069255692    
  -1.21184328207      -1.19337964629      -1.17531299634      -1.15765405286    
  -1.14041259469      -1.12359715105      -1.10721470717      -1.09127042815    
  -1.07576740531      -1.06070642912      -1.04608579202      -1.03190112419    
  -1.01814526490      -1.00480817141     -0.991876867459     -0.979335432657    
 -0.967165034170     -0.955344001394     -0.943847944144     -0.932649914921    
 -0.921720613927     -0.911028637344     -0.900540765707     -0.890222290771    
 -0.880037378168     -0.869949458758     -0.859921647377     -0.849917178473    
 -0.839899853041     -0.829834489445     -0.819687366101     -0.809426649903    
 -0.799022798684     -0.788448929511     -0.777681144118     -0.766698803822    
 -0.755484748360     -0.744025453599     -0.732311125970     -0.720335732747    
 -0.708096969501     -0.695596167761     -0.682838147610     -0.669831021257    
 -0.656585954709     -0.643116895337     -0.629440273529     -0.615574686610    
 -0.601540572958     -0.587359883731     -0.573055758864     -0.558652213187    
 -0.544173837521     -0.529645518680     -0.515092181306     -0.500538553591    
 -0.486008958071     -0.471527127954     -0.457116048821     -0.442797824974    
 -0.428593569341     -0.414523315493     -0.400605950117     -0.386859164162    
 -0.373299420779     -0.359941938193     -0.346800685655     -0.333888390706    
 -0.321216556093     -0.308795484765     -0.296634311536     -0.284741040123    
 -0.273122584403     -0.261784812855     -0.250732595320     -0.239969851276    
 -0.229499598979     -0.219324004918     -0.209444433102     -0.199861493801    
 -0.190575091443     -0.181584471401     -0.172888265499     -0.164484536085    
 -0.156370818573     -0.148544162391     -0.141001170296     -0.133738036040    
 -0.126750580391     -0.120034285530     -0.113584327856     -0.107395609236    
 -0.101462786737     -0.957803009028E-01 -0.903424026153E-01 -0.851431785992E-01
 -0.801765756162E-01 -0.754364233974E-01 -0.709164563736E-01 -0.666103342345E-01
 -0.625116613761E-01 -0.586140052663E-01 -0.549109137737E-01 -0.513959314968E-01
 -0.480626151219E-01 -0.449045478485E-01 -0.419153529064E-01 -0.390887061971E-01
 -0.364183480771E-01 -0.338980943157E-01 -0.315218462479E-01 -0.292836001444E-01
 -0.271774558133E-01 -0.251976244688E-01 -0.233384358716E-01 -0.215943447703E-01
 -0.199599366632E-01 -0.184299328950E-01 -0.169991951143E-01 -0.156627291125E-01
 -0.144156880586E-01 -0.132533693495E-01 -0.121712261350E-01 -0.111648765618E-01
 -0.102300839787E-01 -0.936276552819E-02 -0.855898894278E-02 -0.781500158047E-02
 -0.771752632629E-02 -0.781460117759E-02 -0.791291071435E-02 -0.801245183330E-02
 -0.811324511410E-02 -0.821530532680E-02 -0.831864864402E-02 -0.842329126328E-02
 -0.852924958528E-02 -0.863654020642E-02 -0.874517501902E-02 -0.885517613118E-02
 -0.896656086218E-02 -0.907934662160E-02 -0.919355104030E-02 -0.930919196315E-02
 -0.942628746380E-02 -0.954485583863E-02 -0.966491561654E-02 -0.978648555868E-02
 -0.990958465900E-02 -0.100342321526E-01 -0.101604475172E-01 -0.102882504747E-01
 -0.104176609954E-01 -0.105486992992E-01 -0.106813858600E-01 -0.108157414134E-01
 -0.109517869504E-01 -0.110895437295E-01 -0.112290332752E-01 -0.113702773835E-01
 -0.115132981243E-01 -0.116581178432E-01 -0.118047591698E-01 -0.119532450181E-01
 -0.121035985874E-01 -0.122558433718E-01 -0.124100031604E-01 -0.125661020393E-01
 -0.127241643977E-01 -0.128842149346E-01 -0.130462786607E-01 -0.132103808960E-01
 -0.133765472850E-01 -0.135448037878E-01 -0.137151766993E-01 -0.138876926354E-01
 -0.140623785557E-01 -0.142392617554E-01 -0.144183698709E-01 -0.145997308902E-01
 -0.147833731508E-01 -0.149693253458E-01 -0.151576165310E-01 -0.153482761277E-01
 -0.155413339264E-01 -0.157368200952E-01 -0.159347651762E-01 -0.161352001006E-01
 -0.163381561837E-01 -0.165436651408E-01 -0.167517590847E-01 -0.169624705265E-01
 -0.171758323909E-01 -0.173918780183E-01 -0.176106411661E-01 -0.178321560134E-01
 -0.180564571770E-01 -0.182835796996E-01 -0.185135590731E-01 -0.187464312312E-01
 -0.189822325614E-01 -0.192209999046E-01 -0.194627705731E-01 -0.197075823404E-01
 -0.199554734619E-01 -0.202064826719E-01 -0.204606491872E-01 -0.207180127226E-01
 -0.209786134940E-01 -0.212424922187E-01 -0.215096901289E-01 -0.217802489783E-01
 -0.220542110366E-01 -0.223316191120E-01 -0.226125165526E-01 -0.228969472490E-01
 -0.231849556407E-01 -0.234765867362E-01 -0.237718860980E-01 -0.240708998668E-01
 -0.243736747658E-01 -0.246802581057E-01 -0.249906977857E-01 -0.253050423204E-01
 -0.256233408221E-01 -0.259456430233E-01 -0.262719992878E-01 -0.266024606106E-01
 -0.269370786248E-01 -0.272759056133E-01 -0.276189945226E-01 -0.279663989627E-01
 -0.283181732051E-01 -0.286743722275E-01 -0.290350516814E-01 -0.294002679232E-01
 -0.297700780204E-01 -0.301445397575E-01 -0.305237116399E-01 -0.309076529232E-01
 -0.312964235895E-01 -0.316900843887E-01 -0.320886968315E-01 -0.324923231975E-01
 -0.329010265642E-01 -0.333148707822E-01 -0.337339205214E-01 -0.341582412568E-01
 -0.345878992943E-01 -0.350229617624E-01 -0.354634966406E-01 -0.359095727650E-01
 -0.363612598366E-01 -0.368186284338E-01 -0.372817500188E-01 -0.377506969557E-01
 -0.382255425236E-01 -0.387063609047E-01 -0.391932272462E-01 -0.396862176029E-01
 -0.401854090245E-01 -0.406908794966E-01 -0.412027079997E-01 -0.417209745216E-01
 -0.422457600245E-01
