 Raios
  0.259823867795E-05  0.522915917521E-05  0.789317257845E-05  0.105906951452E-04
  0.133221483688E-04  0.160879590444E-04  0.188885593356E-04  0.217243868418E-04
  0.245958846669E-04  0.275035014883E-04  0.304476916269E-04  0.334289151185E-04
  0.364476377853E-04  0.395043313089E-04  0.425994733039E-04  0.457335473925E-04
  0.489070432801E-04  0.521204568319E-04  0.553742901504E-04  0.586690516536E-04
  0.620052561547E-04  0.653834249425E-04  0.688040858626E-04  0.722677734004E-04
  0.757750287640E-04  0.793263999693E-04  0.829224419251E-04  0.865637165205E-04
  0.902507927119E-04  0.939842466124E-04  0.977646615820E-04  0.101592628318E-03
  0.105468744948E-03  0.109393617124E-03  0.113367858113E-03  0.117392088901E-03
  0.121466938280E-03  0.125593042955E-03  0.129771047638E-03  0.134001605150E-03
  0.138285376525E-03  0.142623031110E-03  0.147015246673E-03  0.151462709507E-03
  0.155966114537E-03  0.160526165429E-03  0.165143574699E-03  0.169819063829E-03
  0.174553363372E-03  0.179347213072E-03  0.184201361979E-03  0.189116568562E-03
  0.194093600833E-03  0.199133236464E-03  0.204236262907E-03  0.209403477520E-03
  0.214635687693E-03  0.219933710967E-03  0.225298375171E-03  0.230730518543E-03
  0.236230989867E-03  0.241800648604E-03  0.247440365023E-03  0.253151020341E-03
  0.258933506861E-03  0.264788728107E-03  0.270717598970E-03  0.276721045848E-03
  0.282800006791E-03  0.288955431650E-03  0.295188282223E-03  0.301499532404E-03
  0.307890168340E-03  0.314361188580E-03  0.320913604235E-03  0.327548439133E-03
  0.334266729979E-03  0.341069526522E-03  0.347957891711E-03  0.354932901868E-03
  0.361995646853E-03  0.369147230232E-03  0.376388769457E-03  0.383721396032E-03
  0.391146255695E-03  0.398664508596E-03  0.406277329476E-03  0.413985907855E-03
  0.421791448213E-03  0.429695170183E-03  0.437698308736E-03  0.445802114380E-03
  0.454007853350E-03  0.462316807811E-03  0.470730276052E-03  0.479249572696E-03
  0.487876028900E-03  0.496610992565E-03  0.505455828548E-03  0.514411918871E-03
  0.523480662943E-03  0.532663477772E-03  0.541961798192E-03  0.551377077086E-03
  0.560910785608E-03  0.570564413422E-03  0.580339468925E-03  0.590237479490E-03
  0.600259991701E-03  0.610408571596E-03  0.620684804912E-03  0.631090297331E-03
  0.641626674731E-03  0.652295583445E-03  0.663098690509E-03  0.674037683932E-03
  0.685114272954E-03  0.696330188314E-03  0.707687182522E-03  0.719187030131E-03
  0.730831528016E-03  0.742622495654E-03  0.754561775406E-03  0.766651232811E-03
  0.778892756869E-03  0.791288260345E-03  0.803839680060E-03  0.816548977200E-03
  0.829418137618E-03  0.842449172147E-03  0.855644116913E-03  0.869005033651E-03
  0.882534010033E-03  0.896233159990E-03  0.910104624040E-03  0.924150569628E-03
  0.938373191462E-03  0.952774711856E-03  0.967357381076E-03  0.982123477694E-03
  0.997075308943E-03  0.101221521108E-02  0.102754554974E-02  0.104306872032E-02
  0.105878714835E-02  0.107470328986E-02  0.109081963179E-02  0.110713869235E-02
  0.112366302142E-02  0.114039520096E-02  0.115733784541E-02  0.117449360209E-02
  0.119186515163E-02  0.120945520836E-02  0.122726652077E-02  0.124530187190E-02
  0.126356407983E-02  0.128205599805E-02  0.130078051598E-02  0.131974055934E-02
  0.133893909069E-02  0.135837910983E-02  0.137806365432E-02  0.139799579989E-02
  0.141817866099E-02  0.143861539124E-02  0.145930918390E-02  0.148026327243E-02
  0.150148093095E-02  0.152296547475E-02  0.154472026085E-02  0.156674868848E-02
  0.158905419961E-02  0.161164027953E-02  0.163451045737E-02  0.165766830662E-02
  0.168111744577E-02  0.170486153877E-02  0.172890429570E-02  0.175324947328E-02
  0.177790087549E-02  0.180286235418E-02  0.182813780961E-02  0.185373119114E-02
  0.187964649777E-02  0.190588777884E-02  0.193245913458E-02  0.195936471684E-02
  0.198660872966E-02  0.201419542997E-02  0.204212912826E-02  0.207041418922E-02
  0.209905503244E-02  0.212805613313E-02  0.215742202275E-02  0.218715728980E-02
  0.221726658046E-02  0.224775459937E-02  0.227862611035E-02  0.230988593714E-02
  0.234153896414E-02  0.237359013721E-02  0.240604446441E-02  0.243890701678E-02
  0.247218292918E-02  0.250587740104E-02  0.253999569717E-02  0.257454314864E-02
  0.260952515355E-02  0.264494717792E-02  0.268081475650E-02  0.271713349368E-02
  0.275390906434E-02  0.279114721473E-02  0.282885376339E-02  0.286703460205E-02
  0.290569569653E-02  0.294484308772E-02  0.298448289247E-02  0.302462130459E-02
  0.306526459577E-02  0.310641911663E-02  0.314809129763E-02  0.319028765014E-02
  0.323301476743E-02  0.327627932569E-02  0.332008808510E-02  0.336444789086E-02
  0.340936567430E-02  0.345484845390E-02  0.350090333643E-02  0.354753751807E-02
  0.359475828551E-02  0.364257301708E-02  0.369098918394E-02  0.374001435121E-02
  0.378965617916E-02  0.383992242445E-02  0.389082094126E-02  0.394235968260E-02
  0.399454670150E-02  0.404739015229E-02  0.410089829187E-02  0.415507948098E-02
  0.420994218556E-02  0.426549497801E-02  0.432174653856E-02  0.437870565665E-02
  0.443638123224E-02  0.449478227726E-02  0.455391791700E-02  0.461379739151E-02
  0.467443005710E-02  0.473582538773E-02  0.479799297655E-02  0.486094253738E-02
  0.492468390621E-02  0.498922704275E-02  0.505458203201E-02  0.512075908584E-02
  0.518776854453E-02  0.525562087845E-02  0.532432668966E-02  0.539389671359E-02
  0.546434182070E-02  0.553567301817E-02  0.560790145165E-02  0.568103840698E-02
  0.575509531196E-02  0.583008373813E-02  0.590601540259E-02  0.598290216981E-02
  0.606075605350E-02  0.613958921850E-02  0.621941398264E-02  0.630024281871E-02
  0.638208835637E-02  0.646496338417E-02  0.654888085149E-02  0.663385387060E-02
  0.671989571872E-02  0.680701984005E-02  0.689523984793E-02  0.698456952689E-02
  0.707502283490E-02  0.716661390545E-02  0.725935704985E-02  0.735326675940E-02
  0.744835770767E-02  0.754464475283E-02  0.764214293993E-02  0.774086750324E-02
  0.784083386869E-02  0.794205765622E-02  0.804455468226E-02  0.814834096218E-02
  0.825343271279E-02  0.835984635489E-02  0.846759851583E-02  0.857670603210E-02
  0.868718595198E-02  0.879905553818E-02  0.891233227055E-02  0.902703384881E-02
  0.914317819531E-02  0.926078345784E-02  0.937986801247E-02  0.950045046640E-02
  0.962254966089E-02  0.974618467417E-02  0.987137482448E-02  0.999813967303E-02
  0.101264990271E-01  0.102564729430E-01  0.103880817296E-01  0.105213459509E-01
  0.106562864298E-01  0.107929242509E-01  0.109312807643E-01  0.110713775883E-01
  0.112132366135E-01  0.113568800055E-01  0.115023302090E-01  0.116496099508E-01
  0.117987422437E-01  0.119497503900E-01  0.121026579848E-01  0.122574889205E-01
  0.124142673896E-01  0.125730178890E-01  0.127337652239E-01  0.128965345114E-01
  0.130613511845E-01  0.132282409961E-01  0.133972300231E-01  0.135683446704E-01
  0.137416116750E-01  0.139170581102E-01  0.140947113899E-01  0.142745992728E-01
  0.144567498667E-01  0.146411916330E-01  0.148279533912E-01  0.150170643230E-01
  0.152085539776E-01  0.154024522754E-01  0.155987895137E-01  0.157975963703E-01
  0.159989039094E-01  0.162027435856E-01  0.164091472493E-01  0.166181471515E-01
  0.168297759488E-01  0.170440667087E-01  0.172610529145E-01  0.174807684708E-01
  0.177032477086E-01  0.179285253907E-01  0.181566367172E-01  0.183876173310E-01
  0.186215033232E-01  0.188583312390E-01  0.190981380834E-01  0.193409613264E-01
  0.195868389099E-01  0.198358092526E-01  0.200879112568E-01  0.203431843137E-01
  0.206016683105E-01  0.208634036357E-01  0.211284311860E-01  0.213967923724E-01
  0.216685291271E-01  0.219436839094E-01  0.222222997127E-01  0.225044200714E-01
  0.227900890674E-01  0.230793513371E-01  0.233722520781E-01  0.236688370570E-01
  0.239691526156E-01  0.242732456789E-01  0.245811637621E-01  0.248929549780E-01
  0.252086680445E-01  0.255283522926E-01  0.258520576735E-01  0.261798347669E-01
  0.265117347885E-01  0.268478095985E-01  0.271881117092E-01  0.275326942935E-01
  0.278816111931E-01  0.282349169270E-01  0.285926667000E-01  0.289549164112E-01
  0.293217226628E-01  0.296931427691E-01  0.300692347652E-01  0.304500574162E-01
  0.308356702265E-01  0.312261334489E-01  0.316215080939E-01  0.320218559398E-01
  0.324272395417E-01  0.328377222415E-01  0.332533681781E-01  0.336742422970E-01
  0.341004103606E-01  0.345319389585E-01  0.349688955180E-01  0.354113483143E-01
  0.358593664818E-01  0.363130200240E-01  0.367723798254E-01  0.372375176617E-01
  0.377085062118E-01  0.381854190685E-01  0.386683307505E-01  0.391573167137E-01
  0.396524533631E-01  0.401538180649E-01  0.406614891583E-01  0.411755459679E-01
  0.416960688162E-01  0.422231390359E-01  0.427568389828E-01  0.432972520487E-01
  0.438444626741E-01  0.443985563619E-01  0.449596196902E-01  0.455277403264E-01
  0.461030070406E-01  0.466855097192E-01  0.472753393795E-01  0.478725881837E-01
  0.484773494529E-01  0.490897176825E-01  0.497097885562E-01  0.503376589613E-01
  0.509734270039E-01  0.516171920240E-01  0.522690546112E-01  0.529291166204E-01
  0.535974811876E-01  0.542742527461E-01  0.549595370428E-01  0.556534411549E-01
  0.563560735062E-01  0.570675438845E-01  0.577879634585E-01  0.585174447952E-01
  0.592561018775E-01  0.600040501221E-01  0.607614063975E-01  0.615282890421E-01
  0.623048178829E-01  0.630911142540E-01  0.638873010160E-01  0.646935025746E-01
  0.655098449004E-01  0.663364555486E-01  0.671734636787E-01  0.680210000751E-01
  0.688791971670E-01  0.697481890494E-01  0.706281115041E-01  0.715191020207E-01
  0.724212998184E-01  0.733348458673E-01  0.742598829110E-01  0.751965554883E-01
  0.761450099562E-01  0.771053945127E-01  0.780778592197E-01  0.790625560270E-01
  0.800596387953E-01  0.810692633210E-01  0.820915873598E-01  0.831267706519E-01
  0.841749749470E-01  0.852363640290E-01  0.863111037421E-01  0.873993620166E-01
  0.885013088951E-01  0.896171165590E-01  0.907469593555E-01  0.918910138249E-01
  0.930494587280E-01  0.942224750742E-01  0.954102461496E-01  0.966129575460E-01
  0.978307971893E-01  0.990639553696E-01  0.100312624770      0.101577000499    
  0.102857280116      0.104153663668      0.105466353718      0.106795555376    
  0.108141476333      0.109504326891      0.110884319999      0.112281671283    
  0.113696599083      0.115129324484      0.116580071351      0.118049066368    
  0.119536539067      0.121042721870      0.122567850120      0.124112162122    
  0.125675899178      0.127259305624      0.128862628871      0.130486119443    
  0.132130031012      0.133794620442      0.135480147831      0.137186876544    
  0.138915073261      0.140665008017      0.142436954242      0.144231188808    
  0.146047992065      0.147887647895      0.149750443746      0.151636670684    
  0.153546623437      0.155480600438      0.157438903875      0.159421839736    
  0.161429717861      0.163462851983      0.165521559784      0.167606162941    
  0.169716987178      0.171854362316      0.174018622323      0.176210105370    
  0.178429153880      0.180676114584      0.182951338574      0.185255181360    
  0.187588002920      0.189950167763      0.192342044982      0.194764008312    
  0.197216436192      0.199699711816      0.202214223202      0.204760363248    
  0.207338529794      0.209949125682      0.212592558824      0.215269242262    
  0.217979594232      0.220724038234      0.223503003091      0.226316923024    
  0.229166237711      0.232051392366      0.234972837798      0.237931030491    
  0.240926432666      0.243959512363      0.247030743506      0.250140605981    
  0.253289585710      0.256478174728      0.259706871259      0.262976179793    
  0.266286611165      0.269638682638      0.273032917980      0.276469847547    
  0.279950008365      0.283473944218      0.287042205727      0.290655350440    
  0.294313942920      0.298018554827      0.301769765016      0.305568159620    
  0.309414332147      0.313308883569      0.317252422416      0.321245564877    
  0.325288934886      0.329383164229      0.333528892637      0.337726767889    
  0.341977445912      0.346281590882      0.350639875331      0.355052980249    
  0.359521595194      0.364046418396      0.368628156867      0.373267526513    
  0.377965252246      0.382722068094      0.387538717320      0.392415952535    
  0.397354535816      0.402355238828      0.407418842940      0.412546139352    
  0.417737929212      0.422995023750      0.428318244397      0.433708422917    
  0.439166401536      0.444693033075      0.450289181080      0.455955719963    
  0.461693535129      0.467503523126      0.473386591776      0.479343660319    
  0.485375659560      0.491483532012      0.497668232041      0.503930726020    
  0.510271992475      0.516693022244      0.523194818624      0.529778397535    
  0.536444787675      0.543195030679      0.550030181289      0.556951307509    
  0.563959490779      0.571055826144      0.578241422418      0.585517402368    
  0.592884902878      0.600345075137      0.607899084811      0.615548112229    
  0.623293352569      0.631136016038      0.639077328070      0.647118529511    
  0.655260876814      0.663505642238      0.671854114045      0.680307596699    
  0.688867411076      0.697534894663      0.706311401772      0.715198303750    
  0.724196989194      0.733308864168      0.742535352419      0.751877895605    
  0.761337953518      0.770917004311      0.780616544730      0.790438090348    
  0.800383175802      0.810453355032      0.820650201523      0.830975308553    
  0.841430289442      0.852016777801      0.862736427791      0.873590914379    
  0.884581933601      0.895711202825      0.906980461023      0.918391469039    
  0.929946009866      0.941645888925      0.953492934346      0.965488997254    
  0.977635952058      0.989935696744       1.00239015317       1.01500126738    
   1.02777100987       1.04070137595       1.05379438602       1.06705208587    
   1.08047654707       1.09406986719       1.10783417024       1.12177160690    
   1.13588435494       1.15017461949       1.16464463344       1.17929665777    
   1.19413298187       1.20915592395       1.22436783138       1.23977108106    
   1.25536807976       1.27116126456       1.28715310316       1.30334609433    
   1.31974276826       1.33634568696       1.35315744466       1.37018066824    
   1.38741801762       1.40487218616       1.42254590111       1.44044192403    
   1.45856305121       1.47691211411       1.49549197980       1.51430555144    
   1.53335576867       1.55264560814       1.57217808392       1.59195624800    
   1.61198319076       1.63226204145       1.65279596868       1.67358818092    
   1.69464192699       1.71596049658       1.73754722078       1.75940547253    
   1.78153866725       1.80395026328       1.82664376248       1.84962271077    
   1.87289069865       1.89645136178       1.92030838157       1.94446548573    
   1.96892644885       1.99369509302       2.01877528837       2.04417095374    
   2.06988605727       2.09592461697       2.12229070144       2.14898843042    
   2.17602197549       2.20339556070       2.23111346322       2.25918001404    
   2.28759959861       2.31637665754       2.34551568732       2.37502124097    
   2.40489792879       2.43515041909       2.46578343887       2.49680177460    
   2.52821027297       2.56001384161       2.59221744990       2.62482612971    
   2.65784497623       2.69127914870       2.72513387130       2.75941443388    
   2.79412619285       2.82927457201       2.86486506334       2.90090322795    
   2.93739469687       2.97434517196       3.01176042681       3.04964630763    
   3.08800873416       3.12685370062       3.16618727661       3.20601560807    
   3.24634491827       3.28718150875       3.32853176030       3.37040213399    
   3.41279917214       3.45572949939       3.49919982367       3.54321693732    
   3.58778771811       3.63291913030       3.67861822577       3.72489214509    
   3.77174811867       3.81919346785       3.86723560604       3.91588203995    
   3.96514037067       4.01501829491       4.06552360621       4.11666419611    
   4.16844805545       4.22088327556       4.27397804953       4.32774067355    
   4.38217954814       4.43730317946       4.49312018072       4.54963927341    
   4.60686928878       4.66481916912       4.72349796923       4.78291485777    
   4.84307911877       4.90400015301       4.96568747953       5.02815073710    
   5.09139968572       5.15544420818       5.22029431156       5.28596012883    
   5.35245192039       5.41978007574       5.48795511502       5.55698769073    
   5.62688858935       5.69766873303       5.76933918132       5.84191113288    
   5.91539592720       5.98980504646       6.06515011721       6.14144291228    
   6.21869535259       6.29691950896       6.37612760410       6.45633201442    
   6.53754527204       6.61978006667       6.70304924769       6.78736582607    
   6.87274297644       6.95919403916       7.04673252238       7.13537210417    
   7.22512663464       7.31601013813       7.40803681536       7.50122104570    
   7.59557738935       7.69112058971       7.78786557558       7.88582746356    
   7.98502156041       8.08546336540       8.18716857276       8.29015307415    
   8.39443296109       8.50002452754       8.60694427240       8.71520890208    
   8.82483533316       8.93584069499       9.04824233238       9.16205780833    
   9.27730490672       9.39400163516       9.51216622774       9.63181714792    
   9.75297309140       9.87565298905       9.99987600984       10.1256615639    
   10.2530293054       10.3819991359       10.5125912072       10.6448259245    
   10.7787239498       10.9143062049       11.0515938748       11.1906084111    
   11.3313715349       11.4739052409       11.6182318002       11.7643737641    
   11.9123539676       12.0621955330       12.2139218732       12.3675566959    
   12.5231240067       12.6806481134       12.8401536294       13.0016654779    
   13.1652088953       13.3308094356       13.4984929743       13.6682857123    
   13.8402141800       14.0143052416       14.1905860992       14.3690842971    
   14.5498277258       14.7328446270       14.9181635975       15.1058135936    
   15.2958239361       15.4882243145       15.6830447917       15.8803158089    
   16.0800681900       16.2823331467       16.4871422834       16.6945276019    
   16.9045215066       17.1171568094       17.3324667351       17.5504849262    
   17.7712454486       17.9947827965       18.2211318982       18.4503281210    
   18.6824072774       18.9174056303       19.1553598985       19.3963072630    
   19.6402853722       19.8873323482       20.1374867927       20.3907877927    
   20.6472749270       20.9069882724       21.1699684095       21.4362564295    
   21.7058939404       21.9789230737       22.2553864908       22.5353273895    
   22.8187895113       23.1058171476       23.3964551471       23.6907489226    
   23.9887444582       24.2904883161       24.5960276445       24.9054101846    
   25.2186842779       25.5358988743       25.8571035390       26.1823484611    
   26.5116844607       26.8451629972       27.1828361773       27.5247567631    
   27.8709781805       28.2215545271       28.5765405814       28.9359918105    
   29.2999643796       29.6685151599       30.0417017383       30.4195824261    
   30.8022162678       31.1896630507       31.5819833142       31.9792383591    
   32.3814902573       32.7888018616       33.2012368151       33.6188595617    
   34.0417353558       34.4699302726       34.9035112184       35.3425459410    
   35.7871030407       36.2372519803       36.6930630966       37.1546076109    
   37.6219576404       38.0951862097       38.5743672616       39.0595756692    
   39.5508872472       40.0483787640       40.5521279538       41.0622135284    
   41.5787151897       42.1017136421       42.6312906051       43.1675288263    
   43.7105120941       44.2603252505       44.8170542051       45.3807859478    
   45.9516085630       46.5296112427       47.1148843012       47.7075191885    
   48.3076085049       48.9152460158       49.5305266656       50.1535465933    
   50.7844031470       51.4231948992       52.0700216626       52.7249845050    
   53.3881857658       54.0597290716       54.7397193522       55.4282628577    
   56.1254671743       56.8314412415       57.5462953694       58.2701412553    
   59.0030920016       59.7452621333       60.4967676161       61.2577258741    
   62.0282558088       62.8084778169       63.5985138097       64.3984872319    
   65.2085230811       66.0287479269       66.8592899313       67.7002788679    
   68.5518461432       69.4141248162       70.2872496197       71.1713569812    
   72.0665850443       72.9730736902       73.8909645596       74.8204010749    
   75.7615284623       76.7144937749       77.6794459156       78.6565356600    
   79.6459156803       80.6477405694       81.6621668642       82.6893530711    
   83.7294596898       84.7826492393       85.8490862825       86.9289374523    
   88.0223714778       89.1295592102       90.2506736498       91.3858899730    
   92.5353855598       93.6993400211       94.8779352272       96.0713553359    
   97.2797868217       98.5034185044       99.7424415789       100.997049645    
   102.267438738       103.553807359       104.856356505       106.175289702    
   107.510813036       108.863135186       110.232467455       111.619023804    
   113.023020884       114.444678073       115.884217509       117.341864121    
   118.817845671    
Down potential follows (l on next line)
 1
  -23.9689372370      -24.0765063782      -23.9259037850      -24.0270230692    
  -23.9921452508      -24.0026295095      -23.9929721581      -23.9981594436    
  -23.9963408025      -23.9964819206      -23.9963525163      -23.9963406331    
  -23.9963593048      -23.9964557040      -23.9966088938      -23.9968292653    
  -23.9971136693      -23.9974634846      -23.9978780745      -23.9983568792    
  -23.9988987602      -23.9995021890      -24.0001651853      -24.0008853494    
  -24.0016598701      -24.0024855533      -24.0033588514      -24.0042759016    
  -24.0052325685      -24.0062244908      -24.0072471314      -24.0082958293    
  -24.0093658520      -24.0104524473      -24.0115508933      -24.0126565462    
  -24.0137648834      -24.0148715435      -24.0159723604      -24.0170633928    
  -24.0181409479      -24.0192016002      -24.0202422040      -24.0212599020    
  -24.0222521285      -24.0232166085      -24.0241513529      -24.0250546508    
  -24.0259250587      -24.0267613878      -24.0275626890      -24.0283282374    
  -24.0290575155      -24.0297501963      -24.0304061254      -24.0310253048    
  -24.0316078756      -24.0321541019      -24.0326643558      -24.0331391026    
  -24.0335788875      -24.0339843225      -24.0343560752      -24.0346948580    
  -24.0350014185      -24.0352765304      -24.0355209866      -24.0357355912    
  -24.0359211541      -24.0360784855      -24.0362083909      -24.0363116676    
  -24.0363891006      -24.0364414604      -24.0364695001      -24.0364739537    
  -24.0364555343      -24.0364149328      -24.0363528172      -24.0362698317    
  -24.0361665961      -24.0360437060      -24.0359017322      -24.0357412213    
  -24.0355626951      -24.0353666518      -24.0351535657      -24.0349238880    
  -24.0346780471      -24.0344164492      -24.0341394793      -24.0338475010    
  -24.0335408578      -24.0332198738      -24.0328848536      -24.0325360838    
  -24.0321738332      -24.0317983537      -24.0314098805      -24.0310086333    
  -24.0305948165      -24.0301686197      -24.0297302190      -24.0292797764    
  -24.0288174416      -24.0283433515      -24.0278576312      -24.0273603945    
  -24.0268517440      -24.0263317721      -24.0258005608      -24.0252581826    
  -24.0247047008      -24.0241401695      -24.0235646344      -24.0229781329    
  -24.0223806946      -24.0217723413      -24.0211530876      -24.0205229411    
  -24.0198819023      -24.0192299656      -24.0185671186      -24.0178933433    
  -24.0172086154      -24.0165129051      -24.0158061772      -24.0150883910    
  -24.0143595007      -24.0136194555      -24.0128681998      -24.0121056732    
  -24.0113318109      -24.0105465434      -24.0097497971      -24.0089414940    
  -24.0081215520      -24.0072898851      -24.0064464032      -24.0055910125    
  -24.0047236153      -24.0038441102      -24.0029523924      -24.0020483531    
  -24.0011318804      -24.0002028586      -23.9992611690      -23.9983066891    
  -23.9973392935      -23.9963588531      -23.9953652358      -23.9943583064    
  -23.9933379262      -23.9923039536      -23.9912562438      -23.9901946488    
  -23.9891190175      -23.9880291958      -23.9869250267      -23.9858063497    
  -23.9846730015      -23.9835248159      -23.9823616233      -23.9811832514    
  -23.9799895247      -23.9787802645      -23.9775552894      -23.9763144146    
  -23.9750574524      -23.9737842121      -23.9724944997      -23.9711881183    
  -23.9698648678      -23.9685245449      -23.9671669433      -23.9657918536    
  -23.9643990629      -23.9629883554      -23.9615595120      -23.9601123102    
  -23.9586465245      -23.9571619259      -23.9556582821      -23.9541353576    
  -23.9525929133      -23.9510307069      -23.9494484925      -23.9478460209    
  -23.9462230392      -23.9445792911      -23.9429145167      -23.9412284525    
  -23.9395208313      -23.9377913823      -23.9360398310      -23.9342658989    
  -23.9324693041      -23.9306497607      -23.9288069786      -23.9269406643    
  -23.9250505200      -23.9231362440      -23.9211975304      -23.9192340695    
  -23.9172455472      -23.9152316452      -23.9131920411      -23.9111264081    
  -23.9090344150      -23.9069157264      -23.9047700023      -23.9025968982    
  -23.9003960651      -23.8981671494      -23.8959097926      -23.8936236319    
  -23.8913082993      -23.8889634223      -23.8865886233      -23.8841835197    
  -23.8817477241      -23.8792808438      -23.8767824811      -23.8742522331    
  -23.8716896914      -23.8690944427      -23.8664660678      -23.8638041424    
  -23.8611082366      -23.8583779147      -23.8556127356      -23.8528122523    
  -23.8499760120      -23.8471035560      -23.8441944198      -23.8412481326    
  -23.8382642179      -23.8352421925      -23.8321815674      -23.8290818470    
  -23.8259425295      -23.8227631064      -23.8195430627      -23.8162818769    
  -23.8129790206      -23.8096339586      -23.8062461489      -23.8028150424    
  -23.7993400832      -23.7958207079      -23.7922563461      -23.7886464199    
  -23.7849903443      -23.7812875266      -23.7775373664      -23.7737392557    
  -23.7698925790      -23.7659967125      -23.7620510248      -23.7580548762    
  -23.7540076191      -23.7499085975      -23.7457571471      -23.7415525951    
  -23.7372942602      -23.7329814527      -23.7286134739      -23.7241896163    
  -23.7197091636      -23.7151713904      -23.7105755622      -23.7059209351    
  -23.7012067562      -23.6964322628      -23.6915966829      -23.6866992347    
  -23.6817391268      -23.6767155578      -23.6716277164      -23.6664747811    
  -23.6612559205      -23.6559702926      -23.6506170451      -23.6451953153    
  -23.6397042298      -23.6341429043      -23.6285104440      -23.6228059430    
  -23.6170284841      -23.6111771394      -23.6052509693      -23.5992490231    
  -23.5931703384      -23.5870139413      -23.5807788461      -23.5744640554    
  -23.5680685597      -23.5615913376      -23.5550313554      -23.5483875672    
  -23.5416589147      -23.5348443272      -23.5279427214      -23.5209530010    
  -23.5138740574      -23.5067047686      -23.4994440000      -23.4920906035    
  -23.4846434182      -23.4771012694      -23.4694629694      -23.4617273168    
  -23.4538930964      -23.4459590798      -23.4379240242      -23.4297866732    
  -23.4215457565      -23.4131999896      -23.4047480738      -23.3961886962    
  -23.3875205296      -23.3787422323      -23.3698524483      -23.3608498068    
  -23.3517329225      -23.3425003954      -23.3331508108      -23.3236827390    
  -23.3140947356      -23.3043853412      -23.2945530813      -23.2845964665    
  -23.2745139923      -23.2643041391      -23.2539653720      -23.2434961411    
  -23.2328948811      -23.2221600117      -23.2112899372      -23.2002830467    
  -23.1891377140      -23.1778522976      -23.1664251409      -23.1548545719    
  -23.1431389035      -23.1312764332      -23.1192654436      -23.1071042021    
  -23.0947909608      -23.0823239570      -23.0697014130      -23.0569215361    
  -23.0439825189      -23.0308825391      -23.0176197599      -23.0041923298    
  -22.9905983830      -22.9768360393      -22.9629034043      -22.9487985694    
  -22.9345196124      -22.9200645971      -22.9054315736      -22.8906185788    
  -22.8756236364      -22.8604447566      -22.8450799374      -22.8295271636    
  -22.8137844080      -22.7978496309      -22.7817207810      -22.7653957952    
  -22.7488725990      -22.7321491068      -22.7152232222      -22.6980928384    
  -22.6807558383      -22.6632100951      -22.6454534724      -22.6274838245    
  -22.6092989973      -22.5908968279      -22.5722751458      -22.5534317725    
  -22.5343645226      -22.5150712039      -22.4955496178      -22.4757975598    
  -22.4558128203      -22.4355931844      -22.4151364330      -22.3944403430    
  -22.3735026881      -22.3523212387      -22.3308937632      -22.3092180281    
  -22.2872917985      -22.2651128389      -22.2426789139      -22.2199877881    
  -22.1970372276      -22.1738249999      -22.1503488749      -22.1266066253    
  -22.1025960272      -22.0783148611      -22.0537609120      -22.0289319705    
  -22.0038258330      -21.9784403029      -21.9527731905      -21.9268223144    
  -21.9005855017      -21.8740605888      -21.8472454219      -21.8201378578    
  -21.7927357645      -21.7650370218      -21.7370395219      -21.7087411701    
  -21.6801398852      -21.6512336004      -21.6220202637      -21.5924978385    
  -21.5626643042      -21.5325176566      -21.5020559086      -21.4712770907    
  -21.4401792512      -21.4087604571      -21.3770187943      -21.3449523678    
  -21.3125593025      -21.2798377435      -21.2467858559      -21.2134018258    
  -21.1796838601      -21.1456301870      -21.1112390560      -21.0765087380    
  -21.0414375257      -21.0060237334      -20.9702656969      -20.9341617742    
  -20.8977103444      -20.8609098084      -20.8237585886      -20.7862551282    
  -20.7483978915      -20.7101853636      -20.6716160496      -20.6326884746    
  -20.5934011831      -20.5537527385      -20.5137417226      -20.4733667350    
  -20.4326263926      -20.3915193286      -20.3500441920      -20.3081996468    
  -20.2659843713      -20.2233970572      -20.1804364084      -20.1371011408    
  -20.0933899808      -20.0493016648      -20.0048349377      -19.9599885526    
  -19.9147612695      -19.8691518545      -19.8231590787      -19.7767817176    
  -19.7300185500      -19.6828683575      -19.6353299234      -19.5874020323    
  -19.5390834692      -19.4903730197      -19.4412694686      -19.3917716005    
  -19.3418781992      -19.2915880478      -19.2408999290      -19.1898126253    
  -19.1383249197      -19.0864355962      -19.0341434410      -18.9814472438    
  -18.9283457987      -18.8748379065      -18.8209223764      -18.7665980282    
  -18.7118636947      -18.6567182247      -18.6011604859      -18.5451893679    
  -18.4888037861      -18.4320026854      -18.3747850436      -18.3171498760    
  -18.2590962393      -18.2006232358      -18.1417300173      -18.0824157896    
  -18.0226798160      -17.9625214209      -17.9019399928      -17.8409349866    
  -17.7795059256      -17.7176524020      -17.6553740765      -17.5926706764    
  -17.5295419924      -17.4659878731      -17.4020082175      -17.3376029650    
  -17.2727720828      -17.2075155497      -17.1418333370      -17.0757253851    
  -17.0091915767      -16.9422317046      -16.8748454361      -16.8070322712    
  -16.7387914971      -16.6701221370      -16.6010228938      -16.5314920903    
  -16.4615276040      -16.3911267999      -16.3202864603      -16.2490027148    
  -16.1772709711      -16.1050858502      -16.0324411300      -15.9593296982    
  -15.8857435245      -15.8116736535      -15.7371102253      -15.6620425365    
  -15.5864591442      -15.5103480248      -15.4336967984      -15.3564930267    
  -15.2787245942      -15.2003801792      -15.1214498216      -15.0419255849    
  -14.9618023114      -14.8810784578      -14.7997569919      -14.7178463231    
  -14.6353612280      -14.5523237233      -14.4687638294      -14.3847201638    
  -14.3002402961      -14.2153808036      -14.1302069689      -14.0447920761    
  -13.9592162796      -13.8735650407      -13.7879271552      -13.7023924183    
  -13.6170490016      -13.5319806371      -13.4472637254      -13.3629644965    
  -13.2791363651      -13.1958176235      -13.1130296169      -13.0307755345    
  -12.9490399327      -12.8677890745      -12.7869721239      -12.7065231753    
  -12.6263640313      -12.5464075721      -12.4665614988      -12.3867321932    
  -12.3068284241      -12.2267646471      -12.1464636968      -12.0658587402    
  -11.9848944412      -11.9035273627      -11.8217257003      -11.7394684821    
  -11.6567443909      -11.5735503669      -11.4898901293      -11.4057727321    
  -11.3212112371      -11.2362215576      -11.1508214987      -11.0650300007    
  -10.9788665744      -10.8923509083      -10.8055026225      -10.7183411402    
  -10.6308856507      -10.5431551375      -10.4551684512      -10.3669444069    
  -10.2785018925      -10.1898599768      -10.1010380080      -10.0120556987    
  -9.92293319248      -9.83369111198      -9.74435058744      -9.65493326704    
  -9.56546131041      -9.47595736742      -9.38644454436      -9.29694635975    
  -9.20748669198      -9.11808972073      -9.02877986397      -8.93958171208    
  -8.85051996044      -8.76161934148      -8.67290455722      -8.58440021274    
  -8.49613075136      -8.40812039162      -8.32039306655      -8.23297236526    
  -8.14588147701      -8.05914313771      -7.97277957905      -7.88681248000    
  -7.80126292091      -7.71615134000      -7.63149749228      -7.54732041099    
  -7.46363837134      -7.38046885681      -7.29782852784      -7.21573319311    
  -7.13419778340      -7.05323632807      -6.97286193441      -6.89308676985    
  -6.81392204715      -6.73537801288      -6.65746393922      -6.58018811931    
  -6.50355786637      -6.42757951681      -6.35225843756      -6.27759903789    
  -6.20360478599      -6.13027823055      -6.05762102770      -5.98563397358    
  -5.91431704287      -5.84366943344      -5.77368961773      -5.70437540073    
  -5.63572398519      -5.56773204393      -5.50039579943      -5.43371111172    
  -5.36767357115      -5.30227860230      -5.23752157235      -5.17339790240    
  -5.10990319188      -5.04703334090      -4.98478467764      -4.92315408828    
  -4.86213914338      -4.80173822320      -4.74195063556      -4.68277672459    
  -4.62421796624      -4.56627704666      -4.50895791936      -4.45226583675    
  -4.39620735179      -4.34079028560      -4.28602365723      -4.23191757219    
  -4.17848306720      -4.12573190942      -4.07367634943      -4.02232882833    
  -3.97170164069      -3.92180655589      -3.87265440158      -3.82425461356    
  -3.77661475675      -3.72974002169      -3.68363270008      -3.63829164160    
  -3.59371169196      -3.54988310954      -3.50679095509      -3.46441444606    
  -3.42272626543      -3.38169181475      -3.34126840473      -3.30140438521    
  -3.26203823286      -3.22309764188      -3.18449870352      -3.14614531702    
  -3.10792904992      -3.06972975748      -3.03141737467      -2.99285539608    
  -2.95390663512      -2.91444186607      -2.87435184900      -2.83356295245    
  -2.79205605865      -2.74988761710      -2.70721062085      -2.66429203802    
  -2.62152211392      -2.57941041004      -2.53856402175      -2.49964561161    
  -2.46331284695      -2.43014598437      -2.40057529211      -2.37482275378    
  -2.35287129864      -2.33446920195      -2.31916878077      -2.30639008766    
  -2.29549507381      -2.28585726149      -2.27691577421      -2.26820849769    
  -2.25938479342      -2.25020198217      -2.24051134693      -2.23023913402    
  -2.21936676168      -2.20791290302      -2.19591875402      -2.18343682056    
  -2.17052296858      -2.15723119965      -2.14361053731      -2.12970344909    
  -2.11554532177      -2.10116461272      -2.08658339908      -2.07181812827    
  -2.05688043791      -2.04177796093      -2.02651506604      -2.01109350770    
  -1.99551297576      -1.97977154545      -1.96386603501      -1.94779228204    
  -1.93154535141      -1.91511968868      -1.89850923259      -1.88170749975    
  -1.86470765386      -1.84750257071      -1.83008490908      -1.81244719642    
  -1.79458193702      -1.77648174870      -1.75813953289      -1.73954868072    
  -1.72070331649      -1.70159857715      -1.68223092470      -1.66259848557    
  -1.64270140902      -1.62254223396      -1.60212625172      -1.58146185051    
  -1.56056082615      -1.53943864346      -1.51811463295      -1.49661210898    
  -1.47495839810      -1.45318476795      -1.43132625585      -1.40942138586    
  -1.38751179983      -1.36564178377      -1.34385770662      -1.32220742195    
  -1.30073959468      -1.27950299803      -1.25854580871      -1.23791489704    
  -1.21765514109      -1.19780877430      -1.17841477976      -1.15950834060    
  -1.14112035330      -1.12327700889      -1.10599944462      -1.08930346714    
  -1.07319934696      -1.05769168294      -1.04277933525      -1.02845542460    
  -1.01470739606      -1.00151714557     -0.988861207676     -0.976711003414    
 -0.965033147157     -0.953789811593     -0.942939149583     -0.932435771287    
 -0.922231274135     -0.912274822116     -0.902513769522     -0.892894322601    
 -0.883362230861     -0.873863497876     -0.864345099776     -0.854755698034    
 -0.845046332094     -0.835171076732     -0.825087649086     -0.814757950967    
 -0.804148533480     -0.793230973055     -0.781982150628     -0.770384428787    
 -0.758425725019     -0.746099482601     -0.733404543897     -0.720344933769    
 -0.706929563259     -0.693171865571     -0.679089377633     -0.664703281120    
 -0.650037916754     -0.635120285213     -0.619979546871     -0.604646531301    
 -0.589153265856     -0.573532530925     -0.557817447761     -0.542041103058    
 -0.526236212952     -0.510434827675     -0.494668076956     -0.478965955202    
 -0.463357144773     -0.447868875009     -0.432526814281     -0.417354992068    
 -0.402375747932     -0.387609704225     -0.373075759455     -0.358791099352    
 -0.344771222847     -0.331029980419     -0.317579622454     -0.304430855541    
 -0.291592904831     -0.279073580840     -0.266879349294     -0.255015402803    
 -0.243485733364     -0.232293204839     -0.221439624724     -0.210925814659    
 -0.200751679233     -0.190916272747     -0.181417863707     -0.172253996847    
 -0.163421552589     -0.154916803870     -0.146735470315     -0.138872769778    
 -0.131323467276     -0.124081921381     -0.117142128149     -0.110497762654    
 -0.104142218224     -0.980686434782E-01 -0.922699772380E-01 -0.867389814307E-01
 -0.814682720553E-01 -0.764503483081E-01 -0.716776199523E-01 -0.671424330054E-01
 -0.628370938232E-01 -0.587538916523E-01 -0.548851197109E-01 -0.512230948653E-01
 -0.477601759546E-01 -0.444887808218E-01 -0.414014020937E-01 -0.384906217668E-01
 -0.357491246299E-01 -0.331697105792E-01 -0.307453058514E-01 -0.284689732246E-01
 -0.263339212146E-01 -0.243335123052E-01 -0.224612702491E-01 -0.207108864680E-01
 -0.190762255908E-01 -0.175513301603E-01 -0.161304245402E-01 -0.148079180621E-01
 -0.135784074394E-01 -0.124366784860E-01 -0.113777071730E-01 -0.103966600878E-01
 -0.948889403408E-02 -0.864995697744E-02 -0.787557939926E-02 -0.724476270461E-02
 -0.733588341617E-02 -0.742814712115E-02 -0.752158796913E-02 -0.761619902566E-02
 -0.771200095587E-02 -0.780900753359E-02 -0.790723409393E-02 -0.800669607043E-02
 -0.810740904189E-02 -0.820938876659E-02 -0.831265119504E-02 -0.841721247384E-02
 -0.852308894935E-02 -0.863029717083E-02 -0.873885389503E-02 -0.884877608688E-02
 -0.896008092343E-02 -0.907278579902E-02 -0.918690832464E-02 -0.930246633322E-02
 -0.941947788117E-02 -0.953796125242E-02 -0.965793496038E-02 -0.977941775093E-02
 -0.990242860691E-02 -0.100269867490E-01 -0.101531116390E-01 -0.102808229854E-01
 -0.104101407419E-01 -0.105410851160E-01 -0.106736765674E-01 -0.108079358140E-01
 -0.109438838338E-01 -0.110815418693E-01 -0.112209314300E-01 -0.113620742955E-01
 -0.115049925197E-01 -0.116497084336E-01 -0.117962446499E-01 -0.119446240646E-01
 -0.120948698625E-01 -0.122470055202E-01 -0.124010548090E-01 -0.125570417990E-01
 -0.127149908641E-01 -0.128749266836E-01 -0.130368742478E-01 -0.132008588621E-01
 -0.133669061484E-01 -0.135350420530E-01 -0.137052928470E-01 -0.138776851319E-01
 -0.140522458447E-01 -0.142290022614E-01 -0.144079819998E-01 -0.145892130266E-01
 -0.147727236590E-01 -0.149585425708E-01 -0.151466987966E-01 -0.153372217363E-01
 -0.155301411601E-01 -0.157254872114E-01 -0.159232904134E-01 -0.161235816729E-01
 -0.163263922871E-01 -0.165317539442E-01 -0.167396987332E-01 -0.169502591460E-01
 -0.171634680820E-01 -0.173793588570E-01 -0.175979652030E-01 -0.178193212789E-01
 -0.180434616711E-01 -0.182704214025E-01 -0.185002359362E-01 -0.187329411807E-01
 -0.189685734965E-01 -0.192071697019E-01 -0.194487670788E-01 -0.196934033756E-01
 -0.199411168191E-01 -0.201919461138E-01 -0.204459304530E-01 -0.207031095214E-01
 -0.209635235039E-01 -0.212272130917E-01 -0.214942194862E-01 -0.217645844077E-01
 -0.220383501007E-01 -0.223155593432E-01 -0.225962554476E-01 -0.228804822752E-01
 -0.231682842357E-01 -0.234597062995E-01 -0.237547940012E-01 -0.240535934502E-01
 -0.243561513322E-01 -0.246625149252E-01 -0.249727320973E-01 -0.252868513210E-01
 -0.256049216775E-01 -0.259269928668E-01 -0.262531152143E-01 -0.265833396743E-01
 -0.269177178471E-01 -0.272563019808E-01 -0.275991449774E-01 -0.279463004080E-01
 -0.282978225161E-01 -0.286537662287E-01 -0.290141871616E-01 -0.293791416322E-01
 -0.297486866646E-01 -0.301228800016E-01 -0.305017801109E-01 -0.308854461969E-01
 -0.312739382081E-01 -0.316673168477E-01 -0.320656435811E-01 -0.324689806490E-01
 -0.328773910714E-01 -0.332909386651E-01 -0.337096880468E-01 -0.341337046469E-01
 -0.345630547208E-01 -0.349978053527E-01 -0.354380244737E-01 -0.358837808707E-01
 -0.363351441921E-01 -0.367921849662E-01 -0.372549746048E-01 -0.377235854215E-01
 -0.381980906354E-01 -0.386785643904E-01 -0.391650817615E-01 -0.396577187673E-01
 -0.401565523847E-01 -0.406616605561E-01 -0.411731222054E-01 -0.416910172505E-01
 -0.422154266144E-01
Up potential follows (l on next line)
 1
  -23.9689372370      -24.0765063782      -23.9259037850      -24.0270230692    
  -23.9921452508      -24.0026295095      -23.9929721581      -23.9981594436    
  -23.9963408025      -23.9964819206      -23.9963525163      -23.9963406331    
  -23.9963593048      -23.9964557040      -23.9966088938      -23.9968292653    
  -23.9971136693      -23.9974634846      -23.9978780745      -23.9983568792    
  -23.9988987602      -23.9995021890      -24.0001651853      -24.0008853494    
  -24.0016598701      -24.0024855533      -24.0033588514      -24.0042759016    
  -24.0052325685      -24.0062244908      -24.0072471314      -24.0082958293    
  -24.0093658520      -24.0104524473      -24.0115508933      -24.0126565462    
  -24.0137648834      -24.0148715435      -24.0159723604      -24.0170633928    
  -24.0181409479      -24.0192016002      -24.0202422040      -24.0212599020    
  -24.0222521285      -24.0232166085      -24.0241513529      -24.0250546508    
  -24.0259250587      -24.0267613878      -24.0275626890      -24.0283282374    
  -24.0290575155      -24.0297501963      -24.0304061254      -24.0310253048    
  -24.0316078756      -24.0321541019      -24.0326643558      -24.0331391026    
  -24.0335788875      -24.0339843225      -24.0343560752      -24.0346948580    
  -24.0350014185      -24.0352765304      -24.0355209866      -24.0357355912    
  -24.0359211541      -24.0360784855      -24.0362083909      -24.0363116676    
  -24.0363891006      -24.0364414604      -24.0364695001      -24.0364739537    
  -24.0364555343      -24.0364149328      -24.0363528172      -24.0362698317    
  -24.0361665961      -24.0360437060      -24.0359017322      -24.0357412213    
  -24.0355626951      -24.0353666518      -24.0351535657      -24.0349238880    
  -24.0346780471      -24.0344164492      -24.0341394793      -24.0338475010    
  -24.0335408578      -24.0332198738      -24.0328848536      -24.0325360838    
  -24.0321738332      -24.0317983537      -24.0314098805      -24.0310086333    
  -24.0305948165      -24.0301686197      -24.0297302190      -24.0292797764    
  -24.0288174416      -24.0283433515      -24.0278576312      -24.0273603945    
  -24.0268517440      -24.0263317721      -24.0258005608      -24.0252581826    
  -24.0247047008      -24.0241401695      -24.0235646344      -24.0229781329    
  -24.0223806946      -24.0217723413      -24.0211530876      -24.0205229411    
  -24.0198819023      -24.0192299656      -24.0185671186      -24.0178933433    
  -24.0172086154      -24.0165129051      -24.0158061772      -24.0150883910    
  -24.0143595007      -24.0136194555      -24.0128681998      -24.0121056732    
  -24.0113318109      -24.0105465434      -24.0097497971      -24.0089414940    
  -24.0081215520      -24.0072898851      -24.0064464032      -24.0055910125    
  -24.0047236153      -24.0038441102      -24.0029523924      -24.0020483531    
  -24.0011318804      -24.0002028586      -23.9992611690      -23.9983066891    
  -23.9973392935      -23.9963588531      -23.9953652358      -23.9943583064    
  -23.9933379262      -23.9923039536      -23.9912562438      -23.9901946488    
  -23.9891190175      -23.9880291958      -23.9869250267      -23.9858063497    
  -23.9846730015      -23.9835248159      -23.9823616233      -23.9811832514    
  -23.9799895247      -23.9787802645      -23.9775552894      -23.9763144146    
  -23.9750574524      -23.9737842121      -23.9724944997      -23.9711881183    
  -23.9698648678      -23.9685245449      -23.9671669433      -23.9657918536    
  -23.9643990629      -23.9629883554      -23.9615595120      -23.9601123102    
  -23.9586465245      -23.9571619259      -23.9556582821      -23.9541353576    
  -23.9525929133      -23.9510307069      -23.9494484925      -23.9478460209    
  -23.9462230392      -23.9445792911      -23.9429145167      -23.9412284525    
  -23.9395208313      -23.9377913823      -23.9360398310      -23.9342658989    
  -23.9324693041      -23.9306497607      -23.9288069786      -23.9269406643    
  -23.9250505200      -23.9231362440      -23.9211975304      -23.9192340695    
  -23.9172455472      -23.9152316452      -23.9131920411      -23.9111264081    
  -23.9090344150      -23.9069157264      -23.9047700023      -23.9025968982    
  -23.9003960651      -23.8981671494      -23.8959097926      -23.8936236319    
  -23.8913082993      -23.8889634223      -23.8865886233      -23.8841835197    
  -23.8817477241      -23.8792808438      -23.8767824811      -23.8742522331    
  -23.8716896914      -23.8690944427      -23.8664660678      -23.8638041424    
  -23.8611082366      -23.8583779147      -23.8556127356      -23.8528122523    
  -23.8499760120      -23.8471035560      -23.8441944198      -23.8412481326    
  -23.8382642179      -23.8352421925      -23.8321815674      -23.8290818470    
  -23.8259425295      -23.8227631064      -23.8195430627      -23.8162818769    
  -23.8129790206      -23.8096339586      -23.8062461489      -23.8028150424    
  -23.7993400832      -23.7958207079      -23.7922563461      -23.7886464199    
  -23.7849903443      -23.7812875266      -23.7775373664      -23.7737392557    
  -23.7698925790      -23.7659967125      -23.7620510248      -23.7580548762    
  -23.7540076191      -23.7499085975      -23.7457571471      -23.7415525951    
  -23.7372942602      -23.7329814527      -23.7286134739      -23.7241896163    
  -23.7197091636      -23.7151713904      -23.7105755622      -23.7059209351    
  -23.7012067562      -23.6964322628      -23.6915966829      -23.6866992347    
  -23.6817391268      -23.6767155578      -23.6716277164      -23.6664747811    
  -23.6612559205      -23.6559702926      -23.6506170451      -23.6451953153    
  -23.6397042298      -23.6341429043      -23.6285104440      -23.6228059430    
  -23.6170284841      -23.6111771394      -23.6052509693      -23.5992490231    
  -23.5931703384      -23.5870139413      -23.5807788461      -23.5744640554    
  -23.5680685597      -23.5615913376      -23.5550313554      -23.5483875672    
  -23.5416589147      -23.5348443272      -23.5279427214      -23.5209530010    
  -23.5138740574      -23.5067047686      -23.4994440000      -23.4920906035    
  -23.4846434182      -23.4771012694      -23.4694629694      -23.4617273168    
  -23.4538930964      -23.4459590798      -23.4379240242      -23.4297866732    
  -23.4215457565      -23.4131999896      -23.4047480738      -23.3961886962    
  -23.3875205296      -23.3787422323      -23.3698524483      -23.3608498068    
  -23.3517329225      -23.3425003954      -23.3331508108      -23.3236827390    
  -23.3140947356      -23.3043853412      -23.2945530813      -23.2845964665    
  -23.2745139923      -23.2643041391      -23.2539653720      -23.2434961411    
  -23.2328948811      -23.2221600117      -23.2112899372      -23.2002830467    
  -23.1891377140      -23.1778522976      -23.1664251409      -23.1548545719    
  -23.1431389035      -23.1312764332      -23.1192654436      -23.1071042021    
  -23.0947909608      -23.0823239570      -23.0697014130      -23.0569215361    
  -23.0439825189      -23.0308825391      -23.0176197599      -23.0041923298    
  -22.9905983830      -22.9768360393      -22.9629034043      -22.9487985694    
  -22.9345196124      -22.9200645971      -22.9054315736      -22.8906185788    
  -22.8756236364      -22.8604447566      -22.8450799374      -22.8295271636    
  -22.8137844080      -22.7978496309      -22.7817207810      -22.7653957952    
  -22.7488725990      -22.7321491068      -22.7152232222      -22.6980928384    
  -22.6807558383      -22.6632100951      -22.6454534724      -22.6274838245    
  -22.6092989973      -22.5908968279      -22.5722751458      -22.5534317725    
  -22.5343645226      -22.5150712039      -22.4955496178      -22.4757975598    
  -22.4558128203      -22.4355931844      -22.4151364330      -22.3944403430    
  -22.3735026881      -22.3523212387      -22.3308937632      -22.3092180281    
  -22.2872917985      -22.2651128389      -22.2426789139      -22.2199877881    
  -22.1970372276      -22.1738249999      -22.1503488749      -22.1266066253    
  -22.1025960272      -22.0783148611      -22.0537609120      -22.0289319705    
  -22.0038258330      -21.9784403029      -21.9527731905      -21.9268223144    
  -21.9005855017      -21.8740605888      -21.8472454219      -21.8201378578    
  -21.7927357645      -21.7650370218      -21.7370395219      -21.7087411701    
  -21.6801398852      -21.6512336004      -21.6220202637      -21.5924978385    
  -21.5626643042      -21.5325176566      -21.5020559086      -21.4712770907    
  -21.4401792512      -21.4087604571      -21.3770187943      -21.3449523678    
  -21.3125593025      -21.2798377435      -21.2467858559      -21.2134018258    
  -21.1796838601      -21.1456301870      -21.1112390560      -21.0765087380    
  -21.0414375257      -21.0060237334      -20.9702656969      -20.9341617742    
  -20.8977103444      -20.8609098084      -20.8237585886      -20.7862551282    
  -20.7483978915      -20.7101853636      -20.6716160496      -20.6326884746    
  -20.5934011831      -20.5537527385      -20.5137417226      -20.4733667350    
  -20.4326263926      -20.3915193286      -20.3500441920      -20.3081996468    
  -20.2659843713      -20.2233970572      -20.1804364084      -20.1371011408    
  -20.0933899808      -20.0493016648      -20.0048349377      -19.9599885526    
  -19.9147612695      -19.8691518545      -19.8231590787      -19.7767817176    
  -19.7300185500      -19.6828683575      -19.6353299234      -19.5874020323    
  -19.5390834692      -19.4903730197      -19.4412694686      -19.3917716005    
  -19.3418781992      -19.2915880478      -19.2408999290      -19.1898126253    
  -19.1383249197      -19.0864355962      -19.0341434410      -18.9814472438    
  -18.9283457987      -18.8748379065      -18.8209223764      -18.7665980282    
  -18.7118636947      -18.6567182247      -18.6011604859      -18.5451893679    
  -18.4888037861      -18.4320026854      -18.3747850436      -18.3171498760    
  -18.2590962393      -18.2006232358      -18.1417300173      -18.0824157896    
  -18.0226798160      -17.9625214209      -17.9019399928      -17.8409349866    
  -17.7795059256      -17.7176524020      -17.6553740765      -17.5926706764    
  -17.5295419924      -17.4659878731      -17.4020082175      -17.3376029650    
  -17.2727720828      -17.2075155497      -17.1418333370      -17.0757253851    
  -17.0091915767      -16.9422317046      -16.8748454361      -16.8070322712    
  -16.7387914971      -16.6701221370      -16.6010228938      -16.5314920903    
  -16.4615276040      -16.3911267999      -16.3202864603      -16.2490027148    
  -16.1772709711      -16.1050858502      -16.0324411300      -15.9593296982    
  -15.8857435245      -15.8116736535      -15.7371102253      -15.6620425365    
  -15.5864591442      -15.5103480248      -15.4336967984      -15.3564930267    
  -15.2787245942      -15.2003801792      -15.1214498216      -15.0419255849    
  -14.9618023114      -14.8810784578      -14.7997569919      -14.7178463231    
  -14.6353612280      -14.5523237233      -14.4687638294      -14.3847201638    
  -14.3002402961      -14.2153808036      -14.1302069689      -14.0447920761    
  -13.9592162796      -13.8735650407      -13.7879271552      -13.7023924183    
  -13.6170490016      -13.5319806371      -13.4472637254      -13.3629644965    
  -13.2791363651      -13.1958176235      -13.1130296169      -13.0307755345    
  -12.9490399327      -12.8677890745      -12.7869721239      -12.7065231753    
  -12.6263640313      -12.5464075721      -12.4665614988      -12.3867321932    
  -12.3068284241      -12.2267646471      -12.1464636968      -12.0658587402    
  -11.9848944412      -11.9035273627      -11.8217257003      -11.7394684821    
  -11.6567443909      -11.5735503669      -11.4898901293      -11.4057727321    
  -11.3212112371      -11.2362215576      -11.1508214987      -11.0650300007    
  -10.9788665744      -10.8923509083      -10.8055026225      -10.7183411402    
  -10.6308856507      -10.5431551375      -10.4551684512      -10.3669444069    
  -10.2785018925      -10.1898599768      -10.1010380080      -10.0120556987    
  -9.92293319248      -9.83369111198      -9.74435058744      -9.65493326704    
  -9.56546131041      -9.47595736742      -9.38644454436      -9.29694635975    
  -9.20748669198      -9.11808972073      -9.02877986397      -8.93958171208    
  -8.85051996044      -8.76161934148      -8.67290455722      -8.58440021274    
  -8.49613075136      -8.40812039162      -8.32039306655      -8.23297236526    
  -8.14588147701      -8.05914313771      -7.97277957905      -7.88681248000    
  -7.80126292091      -7.71615134000      -7.63149749228      -7.54732041099    
  -7.46363837134      -7.38046885681      -7.29782852784      -7.21573319311    
  -7.13419778340      -7.05323632807      -6.97286193441      -6.89308676985    
  -6.81392204715      -6.73537801288      -6.65746393922      -6.58018811931    
  -6.50355786637      -6.42757951681      -6.35225843756      -6.27759903789    
  -6.20360478599      -6.13027823055      -6.05762102770      -5.98563397358    
  -5.91431704287      -5.84366943344      -5.77368961773      -5.70437540073    
  -5.63572398519      -5.56773204393      -5.50039579943      -5.43371111172    
  -5.36767357115      -5.30227860230      -5.23752157235      -5.17339790240    
  -5.10990319188      -5.04703334090      -4.98478467764      -4.92315408828    
  -4.86213914338      -4.80173822320      -4.74195063556      -4.68277672459    
  -4.62421796624      -4.56627704666      -4.50895791936      -4.45226583675    
  -4.39620735179      -4.34079028560      -4.28602365723      -4.23191757219    
  -4.17848306720      -4.12573190942      -4.07367634943      -4.02232882833    
  -3.97170164069      -3.92180655589      -3.87265440158      -3.82425461356    
  -3.77661475675      -3.72974002169      -3.68363270008      -3.63829164160    
  -3.59371169196      -3.54988310954      -3.50679095509      -3.46441444606    
  -3.42272626543      -3.38169181475      -3.34126840473      -3.30140438521    
  -3.26203823286      -3.22309764188      -3.18449870352      -3.14614531702    
  -3.10792904992      -3.06972975748      -3.03141737467      -2.99285539608    
  -2.95390663512      -2.91444186607      -2.87435184900      -2.83356295245    
  -2.79205605865      -2.74988761710      -2.70721062085      -2.66429203802    
  -2.62152211392      -2.57941041004      -2.53856402175      -2.49964561161    
  -2.46331284695      -2.43014598437      -2.40057529211      -2.37482275378    
  -2.35287129864      -2.33446920195      -2.31916878077      -2.30639008766    
  -2.29549507381      -2.28585726149      -2.27691577421      -2.26820849769    
  -2.25938479342      -2.25020198217      -2.24051134693      -2.23023913402    
  -2.21936676168      -2.20791290302      -2.19591875402      -2.18343682056    
  -2.17052296858      -2.15723119965      -2.14361053731      -2.12970344909    
  -2.11554532177      -2.10116461272      -2.08658339908      -2.07181812827    
  -2.05688043791      -2.04177796093      -2.02651506604      -2.01109350770    
  -1.99551297576      -1.97977154545      -1.96386603501      -1.94779228204    
  -1.93154535141      -1.91511968868      -1.89850923259      -1.88170749975    
  -1.86470765386      -1.84750257071      -1.83008490908      -1.81244719642    
  -1.79458193702      -1.77648174870      -1.75813953289      -1.73954868072    
  -1.72070331649      -1.70159857715      -1.68223092470      -1.66259848557    
  -1.64270140902      -1.62254223396      -1.60212625172      -1.58146185051    
  -1.56056082615      -1.53943864346      -1.51811463295      -1.49661210898    
  -1.47495839810      -1.45318476795      -1.43132625585      -1.40942138586    
  -1.38751179983      -1.36564178377      -1.34385770662      -1.32220742195    
  -1.30073959468      -1.27950299803      -1.25854580871      -1.23791489704    
  -1.21765514109      -1.19780877430      -1.17841477976      -1.15950834060    
  -1.14112035330      -1.12327700889      -1.10599944462      -1.08930346714    
  -1.07319934696      -1.05769168294      -1.04277933525      -1.02845542460    
  -1.01470739606      -1.00151714557     -0.988861207676     -0.976711003414    
 -0.965033147157     -0.953789811593     -0.942939149583     -0.932435771287    
 -0.922231274135     -0.912274822116     -0.902513769522     -0.892894322601    
 -0.883362230861     -0.873863497876     -0.864345099776     -0.854755698034    
 -0.845046332094     -0.835171076732     -0.825087649086     -0.814757950967    
 -0.804148533480     -0.793230973055     -0.781982150628     -0.770384428787    
 -0.758425725019     -0.746099482601     -0.733404543897     -0.720344933769    
 -0.706929563259     -0.693171865571     -0.679089377633     -0.664703281120    
 -0.650037916754     -0.635120285213     -0.619979546871     -0.604646531301    
 -0.589153265856     -0.573532530925     -0.557817447761     -0.542041103058    
 -0.526236212952     -0.510434827675     -0.494668076956     -0.478965955202    
 -0.463357144773     -0.447868875009     -0.432526814281     -0.417354992068    
 -0.402375747932     -0.387609704225     -0.373075759455     -0.358791099352    
 -0.344771222847     -0.331029980419     -0.317579622454     -0.304430855541    
 -0.291592904831     -0.279073580840     -0.266879349294     -0.255015402803    
 -0.243485733364     -0.232293204839     -0.221439624724     -0.210925814659    
 -0.200751679233     -0.190916272747     -0.181417863707     -0.172253996847    
 -0.163421552589     -0.154916803870     -0.146735470315     -0.138872769778    
 -0.131323467276     -0.124081921381     -0.117142128149     -0.110497762654    
 -0.104142218224     -0.980686434782E-01 -0.922699772380E-01 -0.867389814307E-01
 -0.814682720553E-01 -0.764503483081E-01 -0.716776199523E-01 -0.671424330054E-01
 -0.628370938232E-01 -0.587538916523E-01 -0.548851197109E-01 -0.512230948653E-01
 -0.477601759546E-01 -0.444887808218E-01 -0.414014020937E-01 -0.384906217668E-01
 -0.357491246299E-01 -0.331697105792E-01 -0.307453058514E-01 -0.284689732246E-01
 -0.263339212146E-01 -0.243335123052E-01 -0.224612702491E-01 -0.207108864680E-01
 -0.190762255908E-01 -0.175513301603E-01 -0.161304245402E-01 -0.148079180621E-01
 -0.135784074394E-01 -0.124366784860E-01 -0.113777071730E-01 -0.103966600878E-01
 -0.948889403408E-02 -0.864995697744E-02 -0.787557939926E-02 -0.724476270461E-02
 -0.733588341617E-02 -0.742814712115E-02 -0.752158796913E-02 -0.761619902566E-02
 -0.771200095587E-02 -0.780900753359E-02 -0.790723409393E-02 -0.800669607043E-02
 -0.810740904189E-02 -0.820938876659E-02 -0.831265119504E-02 -0.841721247384E-02
 -0.852308894935E-02 -0.863029717083E-02 -0.873885389503E-02 -0.884877608688E-02
 -0.896008092343E-02 -0.907278579902E-02 -0.918690832464E-02 -0.930246633322E-02
 -0.941947788117E-02 -0.953796125242E-02 -0.965793496038E-02 -0.977941775093E-02
 -0.990242860691E-02 -0.100269867490E-01 -0.101531116390E-01 -0.102808229854E-01
 -0.104101407419E-01 -0.105410851160E-01 -0.106736765674E-01 -0.108079358140E-01
 -0.109438838338E-01 -0.110815418693E-01 -0.112209314300E-01 -0.113620742955E-01
 -0.115049925197E-01 -0.116497084336E-01 -0.117962446499E-01 -0.119446240646E-01
 -0.120948698625E-01 -0.122470055202E-01 -0.124010548090E-01 -0.125570417990E-01
 -0.127149908641E-01 -0.128749266836E-01 -0.130368742478E-01 -0.132008588621E-01
 -0.133669061484E-01 -0.135350420530E-01 -0.137052928470E-01 -0.138776851319E-01
 -0.140522458447E-01 -0.142290022614E-01 -0.144079819998E-01 -0.145892130266E-01
 -0.147727236590E-01 -0.149585425708E-01 -0.151466987966E-01 -0.153372217363E-01
 -0.155301411601E-01 -0.157254872114E-01 -0.159232904134E-01 -0.161235816729E-01
 -0.163263922871E-01 -0.165317539442E-01 -0.167396987332E-01 -0.169502591460E-01
 -0.171634680820E-01 -0.173793588570E-01 -0.175979652030E-01 -0.178193212789E-01
 -0.180434616711E-01 -0.182704214025E-01 -0.185002359362E-01 -0.187329411807E-01
 -0.189685734965E-01 -0.192071697019E-01 -0.194487670788E-01 -0.196934033756E-01
 -0.199411168191E-01 -0.201919461138E-01 -0.204459304530E-01 -0.207031095214E-01
 -0.209635235039E-01 -0.212272130917E-01 -0.214942194862E-01 -0.217645844077E-01
 -0.220383501007E-01 -0.223155593432E-01 -0.225962554476E-01 -0.228804822752E-01
 -0.231682842357E-01 -0.234597062995E-01 -0.237547940012E-01 -0.240535934502E-01
 -0.243561513322E-01 -0.246625149252E-01 -0.249727320973E-01 -0.252868513210E-01
 -0.256049216775E-01 -0.259269928668E-01 -0.262531152143E-01 -0.265833396743E-01
 -0.269177178471E-01 -0.272563019808E-01 -0.275991449774E-01 -0.279463004080E-01
 -0.282978225161E-01 -0.286537662287E-01 -0.290141871616E-01 -0.293791416322E-01
 -0.297486866646E-01 -0.301228800016E-01 -0.305017801109E-01 -0.308854461969E-01
 -0.312739382081E-01 -0.316673168477E-01 -0.320656435811E-01 -0.324689806490E-01
 -0.328773910714E-01 -0.332909386651E-01 -0.337096880468E-01 -0.341337046469E-01
 -0.345630547208E-01 -0.349978053527E-01 -0.354380244737E-01 -0.358837808707E-01
 -0.363351441921E-01 -0.367921849662E-01 -0.372549746048E-01 -0.377235854215E-01
 -0.381980906354E-01 -0.386785643904E-01 -0.391650817615E-01 -0.396577187673E-01
 -0.401565523847E-01 -0.406616605561E-01 -0.411731222054E-01 -0.416910172505E-01
 -0.422154266144E-01
