 Raios
  0.404920313447E-06  0.814933897435E-06  0.123010481742E-05  0.165049794470E-05
  0.207617896657E-05  0.250721439653E-05  0.294367158477E-05  0.338561872860E-05
  0.383312488316E-05  0.428625997220E-05  0.474509479899E-05  0.520970105743E-05
  0.568015134317E-05  0.615651916503E-05  0.663887895645E-05  0.712730608714E-05
  0.762187687482E-05  0.812266859718E-05  0.862975950396E-05  0.914322882913E-05
  0.966315680333E-05  0.101896246664E-04  0.107227146799E-04  0.112625101403E-04
  0.118090953918E-04  0.123625558394E-04  0.129229779624E-04  0.134904493279E-04
  0.140650586044E-04  0.146468955760E-04  0.152360511556E-04  0.158326174002E-04
  0.164366875244E-04  0.170483559154E-04  0.176677181475E-04  0.182948709975E-04
  0.189299124593E-04  0.195729417592E-04  0.202240593721E-04  0.208833670363E-04
  0.215509677701E-04  0.222269658872E-04  0.229114670140E-04  0.236045781050E-04
  0.243064074603E-04  0.250170647421E-04  0.257366609921E-04  0.264653086487E-04
  0.272031215644E-04  0.279502150242E-04  0.287067057629E-04  0.294727119837E-04
  0.302483533766E-04  0.310337511372E-04  0.318290279854E-04  0.326343081850E-04
  0.334497175625E-04  0.342753835274E-04  0.351114350915E-04  0.359580028898E-04
  0.368152192001E-04  0.376832179642E-04  0.385621348087E-04  0.394521070662E-04
  0.403532737965E-04  0.412657758089E-04  0.421897556837E-04  0.431253577945E-04
  0.440727283311E-04  0.450320153222E-04  0.460033686581E-04  0.469869401149E-04
  0.479828833777E-04  0.489913540644E-04  0.500125097509E-04  0.510465099947E-04
  0.520935163604E-04  0.531536924450E-04  0.542272039030E-04  0.553142184730E-04
  0.564149060030E-04  0.575294384778E-04  0.586579900453E-04  0.598007370440E-04
  0.609578580304E-04  0.621295338071E-04  0.633159474508E-04  0.645172843410E-04
  0.657337321891E-04  0.669654810674E-04  0.682127234394E-04  0.694756541891E-04
  0.707544706520E-04  0.720493726458E-04  0.733605625016E-04  0.746882450955E-04
  0.760326278805E-04  0.773939209193E-04  0.787723369166E-04  0.801680912527E-04
  0.815814020170E-04  0.830124900424E-04  0.844615789391E-04  0.859288951303E-04
  0.874146678870E-04  0.889191293644E-04  0.904425146376E-04  0.919850617387E-04
  0.935470116937E-04  0.951286085605E-04  0.967300994668E-04  0.983517346489E-04
  0.999937674906E-04  0.101656454563E-03  0.103340055664E-03  0.105044833860E-03
  0.106771055525E-03  0.108518990387E-03  0.110288911562E-03  0.112081095605E-03
  0.113895822548E-03  0.115733375946E-03  0.117594042920E-03  0.119478114204E-03
  0.121385884187E-03  0.123317650963E-03  0.125273716373E-03  0.127254386057E-03
  0.129259969499E-03  0.131290780075E-03  0.133347135103E-03  0.135429355894E-03
  0.137537767797E-03  0.139672700258E-03  0.141834486863E-03  0.144023465397E-03
  0.146239977890E-03  0.148484370679E-03  0.150756994453E-03  0.153058204316E-03
  0.155388359835E-03  0.157747825103E-03  0.160136968790E-03  0.162556164205E-03
  0.165005789353E-03  0.167486226992E-03  0.169997864695E-03  0.172541094912E-03
  0.175116315026E-03  0.177723927422E-03  0.180364339544E-03  0.183037963962E-03
  0.185745218436E-03  0.188486525978E-03  0.191262314924E-03  0.194073018998E-03
  0.196919077376E-03  0.199800934762E-03  0.202719041451E-03  0.205673853403E-03
  0.208665832315E-03  0.211695445689E-03  0.214763166907E-03  0.217869475308E-03
  0.221014856259E-03  0.224199801232E-03  0.227424807880E-03  0.230690380119E-03
  0.233997028199E-03  0.237345268793E-03  0.240735625068E-03  0.244168626775E-03
  0.247644810329E-03  0.251164718888E-03  0.254728902447E-03  0.258337917916E-03
  0.261992329211E-03  0.265692707341E-03  0.269439630499E-03  0.273233684147E-03
  0.277075461116E-03  0.280965561690E-03  0.284904593706E-03  0.288893172645E-03
  0.292931921731E-03  0.297021472027E-03  0.301162462533E-03  0.305355540287E-03
  0.309601360466E-03  0.313900586489E-03  0.318253890119E-03  0.322661951567E-03
  0.327125459602E-03  0.331645111657E-03  0.336221613936E-03  0.340855681527E-03
  0.345548038513E-03  0.350299418084E-03  0.355110562652E-03  0.359982223970E-03
  0.364915163243E-03  0.369910151253E-03  0.374967968479E-03  0.380089405213E-03
  0.385275261691E-03  0.390526348213E-03  0.395843485273E-03  0.401227503684E-03
  0.406679244709E-03  0.412199560195E-03  0.417789312701E-03  0.423449375639E-03
  0.429180633404E-03  0.434983981516E-03  0.440860326762E-03  0.446810587332E-03
  0.452835692966E-03  0.458936585099E-03  0.465114217009E-03  0.471369553962E-03
  0.477703573367E-03  0.484117264929E-03  0.490611630800E-03  0.497187685736E-03
  0.503846457261E-03  0.510588985821E-03  0.517416324950E-03  0.524329541433E-03
  0.531329715475E-03  0.538417940867E-03  0.545595325158E-03  0.552862989830E-03
  0.560222070469E-03  0.567673716948E-03  0.575219093601E-03  0.582859379409E-03
  0.590595768181E-03  0.598429468745E-03  0.606361705131E-03  0.614393716769E-03
  0.622526758675E-03  0.630762101656E-03  0.639101032498E-03  0.647544854179E-03
  0.656094886061E-03  0.664752464105E-03  0.673518941074E-03  0.682395686750E-03
  0.691384088141E-03  0.700485549703E-03  0.709701493558E-03  0.719033359717E-03
  0.728482606301E-03  0.738050709776E-03  0.747739165177E-03  0.757549486345E-03
  0.767483206162E-03  0.777541876792E-03  0.787727069924E-03  0.798040377014E-03
  0.808483409537E-03  0.819057799238E-03  0.829765198389E-03  0.840607280040E-03
  0.851585738290E-03  0.862702288545E-03  0.873958667789E-03  0.885356634854E-03
  0.896897970695E-03  0.908584478670E-03  0.920417984819E-03  0.932400338152E-03
  0.944533410935E-03  0.956819098986E-03  0.969259321969E-03  0.981856023695E-03
  0.994611172422E-03  0.100752676117E-02  0.102060480802E-02  0.103384735646E-02
  0.104725647564E-02  0.106083426079E-02  0.107458283344E-02  0.108850434185E-02
  0.110260096128E-02  0.111687489436E-02  0.113132837141E-02  0.114596365081E-02
  0.116078301938E-02  0.117578879265E-02  0.119098331531E-02  0.120636896154E-02
  0.122194813538E-02  0.123772327110E-02  0.125369683360E-02  0.126987131878E-02
  0.128624925394E-02  0.130283319816E-02  0.131962574273E-02  0.133662951150E-02
  0.135384716135E-02  0.137128138257E-02  0.138893489931E-02  0.140681046994E-02
  0.142491088758E-02  0.144323898044E-02  0.146179761233E-02  0.148058968308E-02
  0.149961812897E-02  0.151888592325E-02  0.153839607654E-02  0.155815163735E-02
  0.157815569253E-02  0.159841136775E-02  0.161892182799E-02  0.163969027807E-02
  0.166071996308E-02  0.168201416898E-02  0.170357622300E-02  0.172540949429E-02
  0.174751739431E-02  0.176990337748E-02  0.179257094166E-02  0.181552362870E-02
  0.183876502500E-02  0.186229876207E-02  0.188612851712E-02  0.191025801358E-02
  0.193469102175E-02  0.195943135933E-02  0.198448289204E-02  0.200984953425E-02
  0.203553524953E-02  0.206154405134E-02  0.208788000360E-02  0.211454722136E-02
  0.214154987143E-02  0.216889217302E-02  0.219657839843E-02  0.222461287369E-02
  0.225299997923E-02  0.228174415060E-02  0.231084987914E-02  0.234032171268E-02
  0.237016425624E-02  0.240038217280E-02  0.243098018395E-02  0.246196307070E-02
  0.249333567420E-02  0.252510289646E-02  0.255726970119E-02  0.258984111452E-02
  0.262282222579E-02  0.265621818837E-02  0.269003422045E-02  0.272427560585E-02
  0.275894769485E-02  0.279405590505E-02  0.282960572216E-02  0.286560270093E-02
  0.290205246595E-02  0.293896071258E-02  0.297633320780E-02  0.301417579113E-02
  0.305249437557E-02  0.309129494846E-02  0.313058357248E-02  0.317036638656E-02
  0.321064960683E-02  0.325143952764E-02  0.329274252249E-02  0.333456504505E-02
  0.337691363020E-02  0.341979489496E-02  0.346321553964E-02  0.350718234880E-02
  0.355170219233E-02  0.359678202656E-02  0.364242889529E-02  0.368864993095E-02
  0.373545235568E-02  0.378284348243E-02  0.383083071617E-02  0.387942155501E-02
  0.392862359136E-02  0.397844451313E-02  0.402889210496E-02  0.407997424938E-02
  0.413169892808E-02  0.418407422314E-02  0.423710831831E-02  0.429080950028E-02
  0.434518615996E-02  0.440024679382E-02  0.445600000520E-02  0.451245450564E-02
  0.456961911628E-02  0.462750276921E-02  0.468611450886E-02  0.474546349344E-02
  0.480555899634E-02  0.486641040762E-02  0.492802723542E-02  0.499041910750E-02
  0.505359577273E-02  0.511756710258E-02  0.518234309269E-02  0.524793386447E-02
  0.531434966658E-02  0.538160087665E-02  0.544969800280E-02  0.551865168535E-02
  0.558847269846E-02  0.565917195180E-02  0.573076049227E-02  0.580324950572E-02
  0.587665031872E-02  0.595097440029E-02  0.602623336372E-02  0.610243896837E-02
  0.617960312152E-02  0.625773788024E-02  0.633685545324E-02  0.641696820279E-02
  0.649808864668E-02  0.658022946014E-02  0.666340347785E-02  0.674762369590E-02
  0.683290327389E-02  0.691925553691E-02  0.700669397770E-02  0.709523225867E-02
  0.718488421412E-02  0.727566385234E-02  0.736758535785E-02  0.746066309356E-02
  0.755491160305E-02  0.765034561286E-02  0.774698003473E-02  0.784482996800E-02
  0.794391070191E-02  0.804423771803E-02  0.814582669266E-02  0.824869349929E-02
  0.835285421105E-02  0.845832510329E-02  0.856512265603E-02  0.867326355661E-02
  0.878276470227E-02  0.889364320278E-02  0.900591638314E-02  0.911960178626E-02
  0.923471717571E-02  0.935128053851E-02  0.946931008792E-02  0.958882426630E-02
  0.970984174798E-02  0.983238144219E-02  0.995646249600E-02  0.100821042973E-01
  0.102093264780E-01  0.103381489167E-01  0.104685917421E-01  0.106006753364E-01
  0.107344203377E-01  0.108698476441E-01  0.110069784162E-01  0.111458340811E-01
  0.112864363353E-01  0.114288071482E-01  0.115729687653E-01  0.117189437125E-01
  0.118667547984E-01  0.120164251189E-01  0.121679780602E-01  0.123214373029E-01
  0.124768268252E-01  0.126341709072E-01  0.127934941340E-01  0.129548214003E-01
  0.131181779138E-01  0.132835891993E-01  0.134510811027E-01  0.136206797948E-01
  0.137924117759E-01  0.139663038793E-01  0.141423832762E-01  0.143206774792E-01
  0.145012143472E-01  0.146840220895E-01  0.148691292701E-01  0.150565648124E-01
  0.152463580035E-01  0.154385384992E-01  0.156331363278E-01  0.158301818959E-01
  0.160297059921E-01  0.162317397924E-01  0.164363148651E-01  0.166434631755E-01
  0.168532170908E-01  0.170656093856E-01  0.172806732466E-01  0.174984422779E-01
  0.177189505065E-01  0.179422323871E-01  0.181683228080E-01  0.183972570963E-01
  0.186290710235E-01  0.188638008109E-01  0.191014831356E-01  0.193421551359E-01
  0.195858544173E-01  0.198326190583E-01  0.200824876163E-01  0.203354991339E-01
  0.205916931447E-01  0.208511096793E-01  0.211137892723E-01  0.213797729678E-01
  0.216491023264E-01  0.219218194312E-01  0.221979668949E-01  0.224775878661E-01
  0.227607260362E-01  0.230474256459E-01  0.233377314929E-01  0.236316889378E-01
  0.239293439123E-01  0.242307429254E-01  0.245359330714E-01  0.248449620368E-01
  0.251578781082E-01  0.254747301791E-01  0.257955677585E-01  0.261204409778E-01
  0.264494005992E-01  0.267824980232E-01  0.271197852971E-01  0.274613151225E-01
  0.278071408644E-01  0.281573165585E-01  0.285118969207E-01  0.288709373548E-01
  0.292344939615E-01  0.296026235474E-01  0.299753836335E-01  0.303528324643E-01
  0.307350290169E-01  0.311220330103E-01  0.315139049146E-01  0.319107059608E-01
  0.323124981497E-01  0.327193442621E-01  0.331313078687E-01  0.335484533395E-01
  0.339708458544E-01  0.343985514131E-01  0.348316368454E-01  0.352701698218E-01
  0.357142188641E-01  0.361638533557E-01  0.366191435530E-01  0.370801605959E-01
  0.375469765194E-01  0.380196642644E-01  0.384982976892E-01  0.389829515814E-01
  0.394737016691E-01  0.399706246330E-01  0.404737981183E-01  0.409833007469E-01
  0.414992121297E-01  0.420216128787E-01  0.425505846203E-01  0.430862100073E-01
  0.436285727322E-01  0.441777575404E-01  0.447338502432E-01  0.452969377310E-01
  0.458671079875E-01  0.464444501029E-01  0.470290542882E-01  0.476210118889E-01
  0.482204153995E-01  0.488273584782E-01  0.494419359610E-01  0.500642438769E-01
  0.506943794627E-01  0.513324411785E-01  0.519785287226E-01  0.526327430476E-01
  0.532951863758E-01  0.539659622153E-01  0.546451753762E-01  0.553329319869E-01
  0.560293395108E-01  0.567345067630E-01  0.574485439273E-01  0.581715625735E-01
  0.589036756747E-01  0.596449976251E-01  0.603956442576E-01  0.611557328625E-01
  0.619253822051E-01  0.627047125446E-01  0.634938456530E-01  0.642929048340E-01
  0.651020149422E-01  0.659213024026E-01  0.667508952307E-01  0.675909230520E-01
  0.684415171225E-01  0.693028103493E-01  0.701749373112E-01  0.710580342799E-01
  0.719522392410E-01  0.728576919158E-01  0.737745337832E-01  0.747029081017E-01
  0.756429599315E-01  0.765948361577E-01  0.775586855129E-01  0.785346586005E-01
  0.795229079183E-01  0.805235878822E-01  0.815368548506E-01  0.825628671484E-01
  0.836017850922E-01  0.846537710150E-01  0.857189892917E-01  0.867976063650E-01
  0.878897907708E-01  0.889957131652E-01  0.901155463509E-01  0.912494653041E-01
  0.923976472018E-01  0.935602714499E-01  0.947375197108E-01  0.959295759319E-01
  0.971366263744E-01  0.983588596423E-01  0.995964667123E-01  0.100849640963    
  0.102118578205      0.103403476712      0.104704537254      0.106021963122    
  0.107355960168      0.108706736831      0.110074504172      0.111459475909    
  0.112861868446      0.114281900909      0.115719795182      0.117175775938    
  0.118650070678      0.120142909763      0.121654526451      0.123185156937    
  0.124735040385      0.126304418966      0.127893537900      0.129502645489    
  0.131131993160      0.132781835501      0.134452430305      0.136144038605    
  0.137856924717      0.139591356284      0.141347604315      0.143125943227    
  0.144926650888      0.146750008664      0.148596301457      0.150465817754    
  0.152358849671      0.154275692999      0.156216647248      0.158182015695    
  0.160172105434      0.162187227421      0.164227696522      0.166293831565    
  0.168385955387      0.170504394887      0.172649481076      0.174821549128    
  0.177020938432      0.179247992648      0.181503059758      0.183786492119    
  0.186098646525      0.188439884252      0.190810571125      0.193211077567    
  0.195641778664      0.198103054217      0.200595288804      0.203118871844    
  0.205674197651      0.208261665500      0.210881679687      0.213534649596    
  0.216220989759      0.218941119921      0.221695465108      0.224484455693    
  0.227308527461      0.230168121679      0.233063685164      0.235995670354    
  0.238964535378      0.241970744126      0.245014766326      0.248097077611    
  0.251218159600      0.254378499966      0.257578592522      0.260818937286    
  0.264100040570      0.267422415052      0.270786579861      0.274193060654    
  0.277642389701      0.281135105965      0.284671755192      0.288252889990    
  0.291879069919      0.295550861576      0.299268838686      0.303033582192    
  0.306845680341      0.310705728782      0.314614330655      0.318572096687    
  0.322579645288      0.326637602645      0.330746602821      0.334907287857    
  0.339120307869      0.343386321148      0.347705994268      0.352080002188    
  0.356509028354      0.360993764812      0.365534912309      0.370133180410    
  0.374789287604      0.379503961416      0.384277938525      0.389111964873    
  0.394006795787      0.398963196095      0.403981940244      0.409063812423    
  0.414209606685      0.419420127071      0.424696187734      0.430038613072    
  0.435448237847      0.440925907326      0.446472477404      0.452088814746    
  0.457775796914      0.463534312513      0.469365261320      0.475269554435    
  0.481248114415      0.487301875421      0.493431783367      0.499638796063    
  0.505923883367      0.512288027338      0.518732222385      0.525257475427    
  0.531864806048      0.538555246658      0.545329842650      0.552189652570    
  0.559135748276      0.566169215111      0.573291152067      0.580502671963    
  0.587804901611      0.595198982002      0.602686068474      0.610267330901    
  0.617943953870      0.625717136869      0.633588094474      0.641558056537    
  0.649628268382      0.657799990996      0.666074501226      0.674453091983    
  0.682937072437      0.691527768228      0.700226521670      0.709034691961    
  0.717953655394      0.726984805577      0.736129553646      0.745389328484    
  0.754765576952      0.764259764106      0.773873373434      0.783607907080    
  0.793464886087      0.803445850626      0.813552360244      0.823785994103    
  0.834148351230      0.844641050764      0.855265732211      0.866024055698    
  0.876917702236      0.887948373979      0.899117794492      0.910427709020    
  0.921879884759      0.933476111136      0.945218200085      0.957107986330    
  0.969147327676      0.981338105293      0.993682224016       1.00618161264    
   1.01883822421       1.03165403636       1.04463105159       1.05777129757    
   1.07107682750       1.08454972039       1.09819208141       1.11200604221    
   1.12599376124       1.14015742412       1.15449924395       1.16902146167    
   1.18372634639       1.19861619580       1.21369333645       1.22896012419    
   1.24441894448       1.26007221279       1.27592237498       1.29197190766    
   1.30822331861       1.32467914715       1.34134196453       1.35821437435    
   1.37529901296       1.39259854987       1.41011568816       1.42785316493    
   1.44581375170       1.46400025483       1.48241551601       1.50106241266    
   1.51994385840       1.53906280349       1.55842223530       1.57802517879    
   1.59787469695       1.61797389131       1.63832590242       1.65893391031    
   1.67980113503       1.70093083713       1.72232631815       1.74399092120    
   1.76592803141       1.78814107650       1.81063352730       1.83340889830    
   1.85647074820       1.87982268047       1.90346834388       1.92741143312    
   1.95165568935       1.97620490079       2.00106290328       2.02623358096    
   2.05172086679       2.07752874321       2.10366124275       2.13012244867    
   2.15691649559       2.18404757013       2.21151991157       2.23933781253    
   2.26750561961       2.29602773408       2.32490861259       2.35415276783    
   2.38376476926       2.41374924382       2.44411087663       2.47485441177    
   2.50598465298       2.53750646442       2.56942477144       2.60174456133    
   2.63447088414       2.66760885341       2.70116364702       2.73514050798    
   2.76954474524       2.80438173453       2.83965691919       2.87537581107    
   2.91154399129       2.94816711121       2.98525089327       3.02280113189    
   3.06082369436       3.09932452180       3.13830963002       3.17778511055    
   3.21775713149       3.25823193855       3.29921585602       3.34071528771    
   3.38273671799       3.42528671279       3.46837192064       3.51199907369    
   3.55617498877       3.60090656845       3.64620080215       3.69206476717    
   3.73850562984       3.78553064666       3.83314716538       3.88136262617    
   3.93018456279       3.97962060378       4.02967847362       4.08036599394    
   4.13169108478       4.18366176580       4.23628615750       4.28957248256    
   4.34352906709       4.39816434189       4.45348684386       4.50950521723    
   4.56622821500       4.62366470024       4.68182364753       4.74071414433    
   4.80034539238       4.86072670920       4.92186752948       4.98377740661    
   5.04646601413       5.10994314726       5.17421872443       5.23930278884    
   5.30520550999       5.37193718534       5.43950824182       5.50792923757    
   5.57721086349       5.64736394499       5.71839944362       5.79032845884    
   5.86316222968       5.93691213658       6.01158970311       6.08720659780    
   6.16377463592       6.24130578141       6.31981214865       6.39930600443    
   6.47979976982       6.56130602214       6.64383749690       6.72740708982    
   6.81202785881       6.89771302605       6.98447598001       7.07233027758    
   7.16128964618       7.25136798588       7.34257937161       7.43493805534    
   7.52845846830       7.62315522324       7.71904311672       7.81613713143    
   7.91445243849       8.01400439988       8.11480857079       8.21688070208    
   8.32023674273       8.42489284232       8.53086535359       8.63817083496    
   8.74682605313       8.85684798570       8.96825382381       9.08106097485    
   9.19528706518       9.31094994286       9.42806768043       9.54665857779    
   9.66674116501       9.78833420523       9.91145669761       10.0361278803    
   10.1623672334       10.2901944821       10.4196295997       10.5506928106    
   10.6834045937       10.8177856856       10.9538570836       11.0916400490    
   11.2311561108       11.3724270686       11.5154749963       11.6603222454    
   11.8069914487       11.9555055234       12.1058876752       12.2581614016    
   12.4123504956       12.5684790498       12.7265714594       12.8866524267    
   13.0487469647       13.2128804009       13.3790783817       13.5473668757    
   13.7177721784       13.8903209159       14.0650400493       14.2419568789    
   14.4210990483       14.6024945487       14.7861717237       14.9721592731    
   15.1604862579       15.3511821046       15.5442766097       15.7397999447    
   15.9377826605       16.1382556922       16.3412503643       16.5467983951    
   16.7549319018       16.9656834057       17.1790858372       17.3951725408    
   17.6139772806       17.8355342452       18.0598780533       18.2870437591    
   18.5170668578       18.7499832909       18.9858294520       19.2246421926    
   19.4664588278       19.7113171417       19.9592553941       20.2103123258    
   20.4645271649       20.7219396331       20.9825899515       21.2465188473    
   21.5137675600       21.7843778476       22.0583919936       22.3358528133    
   22.6168036604       22.9012884342       23.1893515859       23.4810381260    
   23.7763936311       24.0754642512       24.3782967165       24.6849383453    
   24.9954370510       25.3098413496       25.6282003674       25.9505638487    
   26.2769821635       26.6075063152       26.9421879489       27.2810793593    
   27.6242334989       27.9717039863       28.3235451143       28.6798118589    
   29.0405598875       29.4058455677       29.7757259761       30.1502589073    
   30.5295028828       30.9135171603       31.3023617427       31.6960973880    
   32.0947856179       32.4984887284       32.9072697990       33.3211927024    
   33.7403221150       34.1647235266       34.5944632508       35.0296084353    
   35.4702270724       35.9163880097       36.3681609607       36.8256165159    
   37.2888261536       37.7578622513       38.2327980968       38.7137078999    
   39.2006668036       39.6937508962       40.1930372233       40.6986037992    
   41.2105296197       41.7288946745       42.2537799589       42.7852674874    
   43.3234403061       43.8683825055       44.4201792339       44.9789167107    
   45.5446822399       46.1175642233       46.6976521749       47.2850367348    
   47.8798096829       48.4820639537       49.0918936506       49.7093940609    
   50.3346616701       50.9677941777       51.6088905118       52.2580508451    
   52.9153766101       53.5809705155       54.2549365616       54.9373800569    
   55.6284076346       56.3281272692       57.0366482934       57.7540814149    
   58.4805387342       59.2161337616       59.9609814355       60.7151981397    
   61.4789017222       62.2522115132       63.0352483440       63.8281345655    
   64.6309940680       65.4439522999       66.2671362874       67.1006746549    
   67.9446976443       68.7993371359       69.6647266691       70.5410014625    
   71.4282984359       72.3267562313       73.2365152346       74.1577175974    
   75.0905072595       76.0350299711       76.9914333160       77.9598667339    
   78.9404815446       79.9334309713       80.9388701641       81.9569562252    
   82.9878482324       84.0317072647       85.0886964274       86.1589808770    
   87.2427278476       88.3401066771       89.4512888329       90.5764479397    
   91.7157598057       92.8694024509       94.0375561341       95.2204033819    
   96.4181290164       97.6309201848       98.8589663881       100.102459511    
   101.361593852       102.636566153       103.927575632       105.234824011    
   106.558515550       107.898857079       109.256058029       110.630330465    
   112.021889121       113.430951429       114.857737560       116.302470451    
   117.765375845       119.246682323    
Down potential follows (l on next line)
 1
  -153.966236500      -154.082258297      -153.919209933      -154.028118270    
  -153.989772392      -154.001007036      -153.989997679      -153.995081041    
  -153.992610687      -153.992075606      -153.991276742      -153.990486701    
  -153.989691665      -153.988898595      -153.988103956      -153.987309095    
  -153.986513348      -153.985716787      -153.984919256      -153.984120665    
  -153.983320911      -153.982519898      -153.981717528      -153.980913708    
  -153.980108344      -153.979301345      -153.978492622      -153.977682087    
  -153.976869653      -153.976055237      -153.975238755      -153.974420127    
  -153.973599273      -153.972776116      -153.971950581      -153.971122595    
  -153.970292087      -153.969458987      -153.968623230      -153.967784750    
  -153.966943487      -153.966099380      -153.965252374      -153.964402413    
  -153.963549448      -153.962693430      -153.961834313      -153.960972055    
  -153.960106619      -153.959237967      -153.958366069      -153.957490895    
  -153.956612422      -153.955730627      -153.954845494      -153.953957010    
  -153.953065166      -153.952169957      -153.951271383      -153.950369449    
  -153.949464162      -153.948555537      -153.947643592      -153.946728350    
  -153.945809840      -153.944888094      -153.943963151      -153.943035056    
  -153.942103856      -153.941169607      -153.940232367      -153.939292203    
  -153.938349185      -153.937403388      -153.936454895      -153.935503791    
  -153.934550170      -153.933594127      -153.932635766      -153.931675194    
  -153.930712522      -153.929747868      -153.928781351      -153.927813098    
  -153.926843236      -153.925871897      -153.924899218      -153.923925333    
  -153.922950385      -153.921974513      -153.920997859      -153.920020565    
  -153.919042774      -153.918064625      -153.917086256      -153.916107804    
  -153.915129398      -153.914151167      -153.913173229      -153.912195699    
  -153.911218682      -153.910242272      -153.909266554      -153.908291600    
  -153.907317469      -153.906344203      -153.905371828      -153.904400352    
  -153.903429764      -153.902460029      -153.901491090      -153.900522866    
  -153.899555248      -153.898588100      -153.897621253      -153.896654512    
  -153.895687643      -153.894720382      -153.893752426      -153.892783435    
  -153.891813033      -153.890840801      -153.889866280      -153.888888969    
  -153.887908326      -153.886923763      -153.885934652      -153.884940317    
  -153.883940043      -153.882933066      -153.881918582      -153.880895745    
  -153.879863664      -153.878821409      -153.877768010      -153.876702459    
  -153.875623710      -153.874530685      -153.873422270      -153.872297322    
  -153.871154672      -153.869993122      -153.868811454      -153.867608429    
  -153.866382790      -153.865133267      -153.863858581      -153.862557441    
  -153.861228554      -153.859870624      -153.858482358      -153.857062466    
  -153.855609665      -153.854122683      -153.852600261      -153.851041152    
  -153.849444132      -153.847807993      -153.846131551      -153.844413643    
  -153.842653136      -153.840848921      -153.838999917      -153.837105075    
  -153.835163373      -153.833173822      -153.831135465      -153.829047374    
  -153.826908655      -153.824718445      -153.822475910      -153.820180251    
  -153.817830696      -153.815426504      -153.812966961      -153.810451383    
  -153.807879110      -153.805249510      -153.802561973      -153.799815912    
  -153.797010763      -153.794145980      -153.791221037      -153.788235425    
  -153.785188648      -153.782080227      -153.778909695      -153.775676596    
  -153.772380482      -153.769020914      -153.765597461      -153.762109697    
  -153.758557197      -153.754939543      -153.751256315      -153.747507095    
  -153.743691464      -153.739809000      -153.735859278      -153.731841869    
  -153.727756338      -153.723602246      -153.719379145      -153.715086580    
  -153.710724086      -153.706291191      -153.701787412      -153.697212253    
  -153.692565211      -153.687845767      -153.683053392      -153.678187545    
  -153.673247668      -153.668233192      -153.663143534      -153.657978094    
  -153.652736261      -153.647417405      -153.642020882      -153.636546033    
  -153.630992183      -153.625358638      -153.619644691      -153.613849617    
  -153.607972673      -153.602013102      -153.595970127      -153.589842954    
  -153.583630773      -153.577332756      -153.570948057      -153.564475812    
  -153.557915138      -153.551265137      -153.544524891      -153.537693463    
  -153.530769900      -153.523753227      -153.516642455      -153.509436573    
  -153.502134552      -153.494735346      -153.487237888      -153.479641093    
  -153.471943857      -153.464145056      -153.456243548      -153.448238171    
  -153.440127743      -153.431911064      -153.423586914      -153.415154050    
  -153.406611214      -153.397957126      -153.389190484      -153.380309968    
  -153.371314237      -153.362201929      -153.352971663      -153.343622036    
  -153.334151622      -153.324558978      -153.314842638      -153.305001113    
  -153.295032894      -153.284936451      -153.274710231      -153.264352658    
  -153.253862137      -153.243237046      -153.232475745      -153.221576568    
  -153.210537828      -153.199357813      -153.188034789      -153.176566998    
  -153.164952658      -153.153189963      -153.141277083      -153.129212164    
  -153.116993327      -153.104618667      -153.092086256      -153.079394138    
  -153.066540334      -153.053522837      -153.040339616      -153.026988612    
  -153.013467740      -152.999774888      -152.985907917      -152.971864661    
  -152.957642926      -152.943240490      -152.928655103      -152.913884487    
  -152.898926334      -152.883778308      -152.868438043      -152.852903146    
  -152.837171190      -152.821239721      -152.805106254      -152.788768272    
  -152.772223227      -152.755468542      -152.738501607      -152.721319779    
  -152.703920384      -152.686300715      -152.668458032      -152.650389564    
  -152.632092503      -152.613564009      -152.594801208      -152.575801193    
  -152.556561019      -152.537077708      -152.517348246      -152.497369585    
  -152.477138639      -152.456652286      -152.435907368      -152.414900690    
  -152.393629020      -152.372089086      -152.350277582      -152.328191161    
  -152.305826439      -152.283179991      -152.260248354      -152.237028027    
  -152.213515468      -152.189707093      -152.165599280      -152.141188366    
  -152.116470646      -152.091442373      -152.066099761      -152.040438979    
  -152.014456155      -151.988147374      -151.961508680      -151.934536071    
  -151.907225503      -151.879572888      -151.851574094      -151.823224944    
  -151.794521217      -151.765458647      -151.736032923      -151.706239688    
  -151.676074541      -151.645533031      -151.614610666      -151.583302904    
  -151.551605157      -151.519512791      -151.487021124      -151.454125426    
  -151.420820921      -151.387102784      -151.352966143      -151.318406076    
  -151.283417615      -151.247995740      -151.212135386      -151.175831436    
  -151.139078727      -151.101872043      -151.064206120      -151.026075647    
  -150.987475259      -150.948399545      -150.908843041      -150.868800234    
  -150.828265562      -150.787233412      -150.745698119      -150.703653970    
  -150.661095199      -150.618015993      -150.574410485      -150.530272759    
  -150.485596847      -150.440376732      -150.394606346      -150.348279568    
  -150.301390229      -150.253932108      -150.205898933      -150.157284381    
  -150.108082081      -150.058285607      -150.007888486      -149.956884193    
  -149.905266151      -149.853027736      -149.800162270      -149.746663027    
  -149.692523229      -149.637736050      -149.582294611      -149.526191987    
  -149.469421198      -149.411975218      -149.353846969      -149.295029325    
  -149.235515110      -149.175297097      -149.114368012      -149.052720528    
  -148.990347273      -148.927240823      -148.863393706      -148.798798400    
  -148.733447334      -148.667332891      -148.600447400      -148.532783145    
  -148.464332360      -148.395087230      -148.325039891      -148.254182430    
  -148.182506886      -148.110005249      -148.036669458      -147.962491407    
  -147.887462935      -147.811575838      -147.734821858      -147.657192689    
  -147.578679975      -147.499275312      -147.418970242      -147.337756261    
  -147.255624810      -147.172567283      -147.088575019      -147.003639308    
  -146.917751388      -146.830902444      -146.743083607      -146.654285956    
  -146.564500517      -146.473718261      -146.381930104      -146.289126908    
  -146.195299478      -146.100438563      -146.004534857      -145.907578993    
  -145.809561549      -145.710473044      -145.610303936      -145.509044624    
  -145.406685447      -145.303216683      -145.198628547      -145.092911191    
  -144.986054707      -144.878049122      -144.768884396      -144.658550429    
  -144.547037052      -144.434334033      -144.320431072      -144.205317803    
  -144.088983792      -143.971418540      -143.852611478      -143.732551971    
  -143.611229313      -143.488632733      -143.364751390      -143.239574374    
  -143.113090708      -142.985289344      -142.856159168      -142.725688997    
  -142.593867577      -142.460683589      -142.326125644      -142.190182284    
  -142.052841984      -141.914093149      -141.773924116      -141.632323153    
  -141.489278457      -141.344778158      -141.198810311      -141.051362902    
  -140.902423844      -140.751980973      -140.600022053      -140.446534766    
  -140.291506718      -140.134925429      -139.976778339      -139.817052797    
  -139.655736065      -139.492815313      -139.328277618      -139.162109962    
  -138.994299230      -138.824832213      -138.653695607      -138.480876020    
  -138.306359971      -138.130133906      -137.952184206      -137.772497200    
  -137.591059192      -137.407856481      -137.222875396      -137.036102334    
  -136.847523807      -136.657126498      -136.464897326      -136.270823517    
  -136.074892687      -135.877092939      -135.677412959      -135.475842127    
  -135.272370634      -135.066989596      -134.859691182      -134.650468722    
  -134.439316827      -134.226231485      -134.011210142      -133.794251768    
  -133.575356884      -133.354527563      -133.131767388      -132.907081374    
  -132.680475823      -132.451958158      -132.221536693      -131.989220357    
  -131.755018385      -131.518939971      -131.280993898      -131.041188151    
  -130.799529537      -130.556023306      -130.310672800      -130.063479141    
  -129.814440959      -129.563554175      -129.310811848      -129.056204082    
  -128.799717996      -128.541337760      -128.281044689      -128.018817387    
  -127.754631950      -127.488462196      -127.220279945      -126.950055314    
  -126.677757041      -126.403352826      -126.126809669      -125.848094222    
  -125.567173122      -125.284013321      -124.998582390      -124.710848795    
  -124.420782145      -124.128353402      -123.833535049      -123.536301230    
  -123.236627837      -122.934492577      -122.629874994      -122.322756473    
  -122.013120214      -121.700951191      -121.386236092      -121.068963253    
  -120.749122573      -120.426705433      -120.101704605      -119.774114156    
  -119.443929357      -119.111146585      -118.775763227      -118.437777587    
  -118.097188796      -117.753996718      -117.408201868      -117.059805330    
  -116.708808678      -116.355213904      -115.999023352      -115.640239658    
  -115.278865688      -114.914904498      -114.548359282      -114.179233342    
  -113.807530051      -113.433252831      -113.056405138      -112.676990442    
  -112.295012230      -111.910473998      -111.523379262      -111.133731566    
  -110.741534504      -110.346791737      -109.949507028      -109.549684269    
  -109.147327526      -108.742441082      -108.335029487      -107.925097620    
  -107.512650748      -107.097694607      -106.680235481      -106.260280299    
  -105.837836749      -105.412913400      -104.985519853      -104.555666907    
  -104.123366761      -103.688633233      -103.251482015      -102.811930960    
  -102.370000396      -101.925713459      -101.479096452      -101.030179200    
  -100.578995395      -100.125582909      -99.6699840455      -99.2122457017    
  -98.7524194043      -98.2905612027      -97.8267313711      -97.3609938846    
  -96.8934156990      -96.4240657794      -95.9530138962      -95.4803292310    
  -95.0060788050      -94.5303257965      -94.0531278081      -93.5745351651    
  -93.0945893356      -92.6133215758      -92.1307519034      -91.6468885047    
  -91.1617276786      -90.6752543767      -90.1874433709      -89.6982610209    
  -89.2076675365      -88.7156195745      -88.2220729498      -87.7269852279    
  -87.2303179727      -86.7320384827      -86.2321209198      -85.7305468239    
  -85.2273050861      -84.7223915065      -84.2158080912      -83.7075622406    
  -83.1976659551      -82.6861351426      -82.1729890731      -81.6582499832    
  -81.1419428065      -80.6240949907      -80.1047363525      -79.5838989319    
  -79.0616168113      -78.5379258819      -78.0128635503      -77.4864683888    
  -76.9587797433      -76.4298373131      -75.8996807244      -75.3683491126    
  -74.8358807336      -74.3023126156      -73.7676802637      -73.2320174245    
  -72.6953559154      -72.1577255221      -71.6191539623      -71.0796669147    
  -70.5392881083      -69.9980394672      -69.4559413015      -68.9130125382    
  -68.3692709798      -67.8247335821      -67.2794167402      -66.7333365757    
  -66.1865092186      -65.6389510846      -65.0906791561      -64.5417112849    
  -63.9920665495      -63.4417657166      -62.8908318721      -62.3392913137    
  -61.7871747895      -61.2345192182      -60.6813699686      -60.1277837575    
  -59.5738322430      -59.0196061865      -58.4652200055      -57.9108163972    
  -57.3565704940      -56.8026928916      -56.2494307328      -55.6970659858    
  -55.1459100335      -54.5962938536      -54.0485532897      -53.5030092762    
  -52.9599435718      -52.4195714142      -51.8820139086      -51.3472745226    
  -50.8152253443      -50.2856089582      -49.7580598170      -49.2321446901    
  -48.7074161528      -48.1834684800      -47.6599840635      -47.1367614393    
  -46.6137218301      -46.0908970771      -45.5684056264      -45.0464240300    
  -44.5251599314      -44.0048300759      -43.4856446456      -42.9677977080    
  -42.4514628081      -41.9367924887      -41.4239205573      -40.9129660441    
  -40.4040379502      -39.8972400491      -39.3926751763      -38.8904486278    
  -38.3906704703      -37.8934567291      -37.3989295499      -36.9072165140    
  -36.4184493275      -35.9327621082      -35.4502894735      -34.9711645923    
  -34.4955173257      -34.0234725381      -33.5551486294      -33.0906563102    
  -32.6300976246      -32.1735652124      -31.7211417946      -31.2728998643    
  -30.8289015610      -30.3891987103      -29.9538330098      -29.5228363427    
  -29.0962312036      -28.6740312218      -28.2562417645      -27.8428606079    
  -27.4338786584      -27.0292807098      -26.6290462189      -26.2331500835    
  -25.8415634053      -25.4542542223      -25.0711881924      -24.6923292197    
  -24.3176400166      -23.9470825758      -23.5806186028      -23.2182098896    
  -22.8598186288      -22.5054077815      -22.1549414730      -21.8083854991    
  -21.4657080237      -21.1268804911      -20.7918788233      -20.4606849111    
  -20.1332883759      -19.8096885203      -19.4898963093      -19.1739361450    
  -18.8618471177      -18.5536833618      -18.2495131256      -17.9494162077    
  -17.6534795354      -17.3617908623      -17.0744308355      -16.7914639961    
  -16.5129295715      -16.2388331349      -15.9691402745      -15.7037732856    
  -15.4426115673      -15.1854959030      -14.9322362282      -14.6826219591    
  -14.4364335872      -14.1934541303      -13.9534791743      -13.7163245962    
  -13.4818315280      -13.2498685761      -13.0203316793      -12.7931421974    
  -12.5682438921      -12.3455994045      -12.1251867080      -11.9069958616    
  -11.6910262399      -11.4772843015      -11.2657818696      -11.0565348556    
  -10.8495623287      -10.6448858404      -10.4425289171      -10.2425166560    
  -10.0448753746      -9.84963228152      -9.65681515247      -9.46645200197    
  -9.27857075286      -9.09319890705      -8.91036322485      -8.73008941988    
  -8.55240187630      -8.37732339394      -8.20487496481      -8.03507558523    
  -7.86794209772      -7.70348908039      -7.54172875018      -7.38267090400    
  -7.22632291496      -7.07268970988      -6.92177378292      -6.77357526420    
  -6.62809194281      -6.48531932992      -6.34525078324      -6.20787754146    
  -6.07318881539      -5.94117190111      -5.81181225053      -5.68509356879    
  -5.56099789905      -5.43950570717      -5.32059596212      -5.20424621255    
  -5.09043265902      -4.97913022184      -4.87031260487      -4.76395235527    
  -4.66002091968      -4.55848869729      -4.45932508986      -4.36249855081    
  -4.26797662761      -4.17572601522      -4.08571258913      -3.99790144537    
  -3.91225696619      -3.82874283821      -3.74732209666      -3.66795717798    
  -3.59060995145      -3.51524176466      -3.44181348326      -3.37028553244    
  -3.30061793812      -3.23277036846      -3.16670217562      -3.10237243803    
  -3.03974000337      -2.97876353237      -2.91940154367      -2.86161245980    
  -2.80535465474      -2.75058650234      -2.69726642695      -2.64535295490    
  -2.59480476678      -2.54558075270      -2.49764006646      -2.45094217936    
  -2.40544694200      -2.36111463185      -2.31790601428      -2.27578240581    
  -2.23470570456      -2.19463847297      -2.15554398880      -2.11738626656    
  -2.08013014300      -2.04374133070      -2.00818645054      -1.97343309491    
  -1.93944988694      -1.90620652853      -1.87367385983      -1.84182391799    
  -1.81062999489      -1.78006669910      -1.75011001663      -1.72073737264    
  -1.69192769197      -1.66366145752      -1.63592076495      -1.60868937191    
  -1.58195273960      -1.55569806465      -1.52991429883      -1.50459215430    
  -1.47972409196      -1.45530429098      -1.43132859763      -1.40779445123    
  -1.38470078771      -1.36204791855      -1.33983738606      -1.31807179646    
  -1.29675463008      -1.27589003307      -1.25548259266      -1.23553709534    
  -1.21605827804      -1.19705057158      -1.17851784005      -1.16046312338    
  -1.14288838432      -1.12579426544      -1.10917985940      -1.09304249647    
  -1.07737755252      -1.06217828099      -1.04743567159      -1.03313833843    
  -1.01927244026      -1.00582163469     -0.992767068718     -0.980087406834    
 -0.967758898400     -0.955755485071     -0.944048948846     -0.932609100770    
 -0.921404009557     -0.910400268773     -0.899563300267     -0.888857690573    
 -0.878247556067     -0.867696931492     -0.857170175532     -0.846632386137    
 -0.836049817477     -0.825390289884     -0.814623583783     -0.803721808618    
 -0.792659738189     -0.781415104427     -0.769968842810     -0.758305283840    
 -0.746412286720     -0.734281312998     -0.721907439897     -0.709289314733    
 -0.696429053595     -0.683332088925     -0.670006971879     -0.656465136297    
 -0.642720631730     -0.628789833251     -0.614691135792     -0.600444640414    
 -0.586071839451     -0.571595306739     -0.557038398341     -0.542424968240    
 -0.527779102639     -0.513124875501     -0.498486127185     -0.483886267217    
 -0.469348101548     -0.454893684089     -0.440544191751     -0.426319821935    
 -0.412239711067     -0.398321872535     -0.384583152351     -0.371039200714    
 -0.357704457702     -0.344592151315     -0.331714306186     -0.319081761377    
 -0.306704195759     -0.294590159660     -0.282747111495     -0.271181458342    
 -0.259898599464     -0.248902971926     -0.238198097585     -0.227786630835    
 -0.217670406559     -0.207850487874     -0.198327213275     -0.189100242938    
 -0.180168603888     -0.171530733934     -0.163184524161     -0.155127359963    
 -0.147356160491     -0.139867416532     -0.132657226812     -0.125721332667    
 -0.119055151184     -0.112653806807     -0.106512161414     -0.100624843002    
 -0.949862729093E-01 -0.895906917200E-01 -0.844321838722E-01 -0.795047009906E-01
 -0.748020840414E-01 -0.703180842985E-01 -0.660463832501E-01 -0.619806113835E-01
 -0.581143659669E-01 -0.544412278516E-01 -0.509547772791E-01 -0.476486087968E-01
 -0.445163452661E-01 -0.415516509919E-01 -0.387482440218E-01 -0.360999076279E-01
 -0.336005009703E-01 -0.312439690016E-01 -0.290243516245E-01 -0.269357920758E-01
 -0.249725446365E-01 -0.231289816168E-01 -0.213995996556E-01 -0.197790253773E-01
 -0.182620203783E-01 -0.168434856194E-01 -0.155184651815E-01 -0.142821494508E-01
 -0.131298777371E-01 -0.120571403363E-01 -0.110595801571E-01 -0.101329932327E-01
 -0.927331544702E-02 -0.847664978724E-02 -0.773928981332E-02 -0.754877067604E-02
 -0.764372268694E-02 -0.773988496340E-02 -0.783724117474E-02 -0.793582261420E-02
 -0.803564367308E-02 -0.813672017946E-02 -0.823906795637E-02 -0.834270302593E-02
 -0.844764160053E-02 -0.855390009787E-02 -0.866149512996E-02 -0.877044351697E-02
 -0.888076229248E-02 -0.899246868642E-02 -0.910558017097E-02 -0.922011441551E-02
 -0.933608931919E-02 -0.945352300991E-02 -0.957243382246E-02 -0.969284035671E-02
 -0.981476141982E-02 -0.993821605908E-02 -0.100632235672E-01 -0.101898034710E-01
 -0.103179755629E-01 -0.104477598587E-01 -0.105791766402E-01 -0.107122464422E-01
 -0.108469900526E-01 -0.109834285350E-01 -0.111215832034E-01 -0.112614756432E-01
 -0.114031277143E-01 -0.115465615432E-01 -0.116917995505E-01 -0.118388644292E-01
 -0.119877791581E-01 -0.121385670019E-01 -0.122912515222E-01 -0.124458565741E-01
 -0.126024063212E-01 -0.127609252254E-01 -0.129214380449E-01 -0.130839698730E-01
 -0.132485460939E-01 -0.134151924350E-01 -0.135839349298E-01 -0.137547999344E-01
 -0.139278141640E-01 -0.141030046467E-01 -0.142803987497E-01 -0.144600241950E-01
 -0.146419090505E-01 -0.148260817368E-01 -0.150125710313E-01 -0.152014060712E-01
 -0.153926163664E-01 -0.155862317938E-01 -0.157822825935E-01 -0.159807994181E-01
 -0.161818132685E-01 -0.163853555694E-01 -0.165914581082E-01 -0.168001531126E-01
 -0.170114731587E-01 -0.172254512965E-01 -0.174421209464E-01 -0.176615159660E-01
 -0.178836706322E-01 -0.181086196561E-01 -0.183363981994E-01 -0.185670418367E-01
 -0.188005866116E-01 -0.190370690291E-01 -0.192765260166E-01 -0.195189950110E-01
 -0.197645138846E-01 -0.200131210092E-01 -0.202648552229E-01 -0.205197558671E-01
 -0.207778627673E-01 -0.210392162479E-01 -0.213038571532E-01 -0.215718268328E-01
 -0.218431671642E-01 -0.221179205170E-01 -0.223961298552E-01 -0.226778386414E-01
 -0.229630908741E-01 -0.232519311419E-01 -0.235444045834E-01 -0.238405568737E-01
 -0.241404343089E-01 -0.244440837245E-01 -0.247515525928E-01 -0.250628889440E-01
 -0.253781414281E-01 -0.256973592933E-01 -0.260205924268E-01 -0.263478913344E-01
 -0.266793071423E-01 -0.270148916622E-01 -0.273546973113E-01 -0.276987771807E-01
 -0.280471850502E-01 -0.283999753610E-01 -0.287572032257E-01 -0.291189244503E-01
 -0.294851955659E-01 -0.298560738201E-01 -0.302316171417E-01 -0.306118842186E-01
 -0.309969344605E-01 -0.313868280423E-01 -0.317816258740E-01 -0.321813896775E-01
 -0.325861818694E-01 -0.329960657241E-01 -0.334111052648E-01 -0.338313653842E-01
 -0.342569117290E-01 -0.346878107652E-01 -0.351241298482E-01 -0.355659371573E-01
 -0.360133017307E-01 -0.364662934508E-01 -0.369249830815E-01 -0.373894423467E-01
 -0.378597437743E-01 -0.383359608733E-01 -0.388181680359E-01 -0.393064406251E-01
 -0.398008549273E-01 -0.403014882116E-01 -0.408084186711E-01 -0.413217255185E-01
 -0.418414890027E-01 -0.423677902761E-01
Up potential follows (l on next line)
 1
  -153.966236500      -154.082258297      -153.919209933      -154.028118270    
  -153.989772392      -154.001007036      -153.989997679      -153.995081041    
  -153.992610687      -153.992075606      -153.991276742      -153.990486701    
  -153.989691665      -153.988898595      -153.988103956      -153.987309095    
  -153.986513348      -153.985716787      -153.984919256      -153.984120665    
  -153.983320911      -153.982519898      -153.981717528      -153.980913708    
  -153.980108344      -153.979301345      -153.978492622      -153.977682087    
  -153.976869653      -153.976055237      -153.975238755      -153.974420127    
  -153.973599273      -153.972776116      -153.971950581      -153.971122595    
  -153.970292087      -153.969458987      -153.968623230      -153.967784750    
  -153.966943487      -153.966099380      -153.965252374      -153.964402413    
  -153.963549448      -153.962693430      -153.961834313      -153.960972055    
  -153.960106619      -153.959237967      -153.958366069      -153.957490895    
  -153.956612422      -153.955730627      -153.954845494      -153.953957010    
  -153.953065166      -153.952169957      -153.951271383      -153.950369449    
  -153.949464162      -153.948555537      -153.947643592      -153.946728350    
  -153.945809840      -153.944888094      -153.943963151      -153.943035056    
  -153.942103856      -153.941169607      -153.940232367      -153.939292203    
  -153.938349185      -153.937403388      -153.936454895      -153.935503791    
  -153.934550170      -153.933594127      -153.932635766      -153.931675194    
  -153.930712522      -153.929747868      -153.928781351      -153.927813098    
  -153.926843236      -153.925871897      -153.924899218      -153.923925333    
  -153.922950385      -153.921974513      -153.920997859      -153.920020565    
  -153.919042774      -153.918064625      -153.917086256      -153.916107804    
  -153.915129398      -153.914151167      -153.913173229      -153.912195699    
  -153.911218682      -153.910242272      -153.909266554      -153.908291600    
  -153.907317469      -153.906344203      -153.905371828      -153.904400352    
  -153.903429764      -153.902460029      -153.901491090      -153.900522866    
  -153.899555248      -153.898588100      -153.897621253      -153.896654512    
  -153.895687643      -153.894720382      -153.893752426      -153.892783435    
  -153.891813033      -153.890840801      -153.889866280      -153.888888969    
  -153.887908326      -153.886923763      -153.885934652      -153.884940317    
  -153.883940043      -153.882933066      -153.881918582      -153.880895745    
  -153.879863664      -153.878821409      -153.877768010      -153.876702459    
  -153.875623710      -153.874530685      -153.873422270      -153.872297322    
  -153.871154672      -153.869993122      -153.868811454      -153.867608429    
  -153.866382790      -153.865133267      -153.863858581      -153.862557441    
  -153.861228554      -153.859870624      -153.858482358      -153.857062466    
  -153.855609665      -153.854122683      -153.852600261      -153.851041152    
  -153.849444132      -153.847807993      -153.846131551      -153.844413643    
  -153.842653136      -153.840848921      -153.838999917      -153.837105075    
  -153.835163373      -153.833173822      -153.831135465      -153.829047374    
  -153.826908655      -153.824718445      -153.822475910      -153.820180251    
  -153.817830696      -153.815426504      -153.812966961      -153.810451383    
  -153.807879110      -153.805249510      -153.802561973      -153.799815912    
  -153.797010763      -153.794145980      -153.791221037      -153.788235425    
  -153.785188648      -153.782080227      -153.778909695      -153.775676596    
  -153.772380482      -153.769020914      -153.765597461      -153.762109697    
  -153.758557197      -153.754939543      -153.751256315      -153.747507095    
  -153.743691464      -153.739809000      -153.735859278      -153.731841869    
  -153.727756338      -153.723602246      -153.719379145      -153.715086580    
  -153.710724086      -153.706291191      -153.701787412      -153.697212253    
  -153.692565211      -153.687845767      -153.683053392      -153.678187545    
  -153.673247668      -153.668233192      -153.663143534      -153.657978094    
  -153.652736261      -153.647417405      -153.642020882      -153.636546033    
  -153.630992183      -153.625358638      -153.619644691      -153.613849617    
  -153.607972673      -153.602013102      -153.595970127      -153.589842954    
  -153.583630773      -153.577332756      -153.570948057      -153.564475812    
  -153.557915138      -153.551265137      -153.544524891      -153.537693463    
  -153.530769900      -153.523753227      -153.516642455      -153.509436573    
  -153.502134552      -153.494735346      -153.487237888      -153.479641093    
  -153.471943857      -153.464145056      -153.456243548      -153.448238171    
  -153.440127743      -153.431911064      -153.423586914      -153.415154050    
  -153.406611214      -153.397957126      -153.389190484      -153.380309968    
  -153.371314237      -153.362201929      -153.352971663      -153.343622036    
  -153.334151622      -153.324558978      -153.314842638      -153.305001113    
  -153.295032894      -153.284936451      -153.274710231      -153.264352658    
  -153.253862137      -153.243237046      -153.232475745      -153.221576568    
  -153.210537828      -153.199357813      -153.188034789      -153.176566998    
  -153.164952658      -153.153189963      -153.141277083      -153.129212164    
  -153.116993327      -153.104618667      -153.092086256      -153.079394138    
  -153.066540334      -153.053522837      -153.040339616      -153.026988612    
  -153.013467740      -152.999774888      -152.985907917      -152.971864661    
  -152.957642926      -152.943240490      -152.928655103      -152.913884487    
  -152.898926334      -152.883778308      -152.868438043      -152.852903146    
  -152.837171190      -152.821239721      -152.805106254      -152.788768272    
  -152.772223227      -152.755468542      -152.738501607      -152.721319779    
  -152.703920384      -152.686300715      -152.668458032      -152.650389564    
  -152.632092503      -152.613564009      -152.594801208      -152.575801193    
  -152.556561019      -152.537077708      -152.517348246      -152.497369585    
  -152.477138639      -152.456652286      -152.435907368      -152.414900690    
  -152.393629020      -152.372089086      -152.350277582      -152.328191161    
  -152.305826439      -152.283179991      -152.260248354      -152.237028027    
  -152.213515468      -152.189707093      -152.165599280      -152.141188366    
  -152.116470646      -152.091442373      -152.066099761      -152.040438979    
  -152.014456155      -151.988147374      -151.961508680      -151.934536071    
  -151.907225503      -151.879572888      -151.851574094      -151.823224944    
  -151.794521217      -151.765458647      -151.736032923      -151.706239688    
  -151.676074541      -151.645533031      -151.614610666      -151.583302904    
  -151.551605157      -151.519512791      -151.487021124      -151.454125426    
  -151.420820921      -151.387102784      -151.352966143      -151.318406076    
  -151.283417615      -151.247995740      -151.212135386      -151.175831436    
  -151.139078727      -151.101872043      -151.064206120      -151.026075647    
  -150.987475259      -150.948399545      -150.908843041      -150.868800234    
  -150.828265562      -150.787233412      -150.745698119      -150.703653970    
  -150.661095199      -150.618015993      -150.574410485      -150.530272759    
  -150.485596847      -150.440376732      -150.394606346      -150.348279568    
  -150.301390229      -150.253932108      -150.205898933      -150.157284381    
  -150.108082081      -150.058285607      -150.007888486      -149.956884193    
  -149.905266151      -149.853027736      -149.800162270      -149.746663027    
  -149.692523229      -149.637736050      -149.582294611      -149.526191987    
  -149.469421198      -149.411975218      -149.353846969      -149.295029325    
  -149.235515110      -149.175297097      -149.114368012      -149.052720528    
  -148.990347273      -148.927240823      -148.863393706      -148.798798400    
  -148.733447334      -148.667332891      -148.600447400      -148.532783145    
  -148.464332360      -148.395087230      -148.325039891      -148.254182430    
  -148.182506886      -148.110005249      -148.036669458      -147.962491407    
  -147.887462935      -147.811575838      -147.734821858      -147.657192689    
  -147.578679975      -147.499275312      -147.418970242      -147.337756261    
  -147.255624810      -147.172567283      -147.088575019      -147.003639308    
  -146.917751388      -146.830902444      -146.743083607      -146.654285956    
  -146.564500517      -146.473718261      -146.381930104      -146.289126908    
  -146.195299478      -146.100438563      -146.004534857      -145.907578993    
  -145.809561549      -145.710473044      -145.610303936      -145.509044624    
  -145.406685447      -145.303216683      -145.198628547      -145.092911191    
  -144.986054707      -144.878049122      -144.768884396      -144.658550429    
  -144.547037052      -144.434334033      -144.320431072      -144.205317803    
  -144.088983792      -143.971418540      -143.852611478      -143.732551971    
  -143.611229313      -143.488632733      -143.364751390      -143.239574374    
  -143.113090708      -142.985289344      -142.856159168      -142.725688997    
  -142.593867577      -142.460683589      -142.326125644      -142.190182284    
  -142.052841984      -141.914093149      -141.773924116      -141.632323153    
  -141.489278457      -141.344778158      -141.198810311      -141.051362902    
  -140.902423844      -140.751980973      -140.600022053      -140.446534766    
  -140.291506718      -140.134925429      -139.976778339      -139.817052797    
  -139.655736065      -139.492815313      -139.328277618      -139.162109962    
  -138.994299230      -138.824832213      -138.653695607      -138.480876020    
  -138.306359971      -138.130133906      -137.952184206      -137.772497200    
  -137.591059192      -137.407856481      -137.222875396      -137.036102334    
  -136.847523807      -136.657126498      -136.464897326      -136.270823517    
  -136.074892687      -135.877092939      -135.677412959      -135.475842127    
  -135.272370634      -135.066989596      -134.859691182      -134.650468722    
  -134.439316827      -134.226231485      -134.011210142      -133.794251768    
  -133.575356884      -133.354527563      -133.131767388      -132.907081374    
  -132.680475823      -132.451958158      -132.221536693      -131.989220357    
  -131.755018385      -131.518939971      -131.280993898      -131.041188151    
  -130.799529537      -130.556023306      -130.310672800      -130.063479141    
  -129.814440959      -129.563554175      -129.310811848      -129.056204082    
  -128.799717996      -128.541337760      -128.281044689      -128.018817387    
  -127.754631950      -127.488462196      -127.220279945      -126.950055314    
  -126.677757041      -126.403352826      -126.126809669      -125.848094222    
  -125.567173122      -125.284013321      -124.998582390      -124.710848795    
  -124.420782145      -124.128353402      -123.833535049      -123.536301230    
  -123.236627837      -122.934492577      -122.629874994      -122.322756473    
  -122.013120214      -121.700951191      -121.386236092      -121.068963253    
  -120.749122573      -120.426705433      -120.101704605      -119.774114156    
  -119.443929357      -119.111146585      -118.775763227      -118.437777587    
  -118.097188796      -117.753996718      -117.408201868      -117.059805330    
  -116.708808678      -116.355213904      -115.999023352      -115.640239658    
  -115.278865688      -114.914904498      -114.548359282      -114.179233342    
  -113.807530051      -113.433252831      -113.056405138      -112.676990442    
  -112.295012230      -111.910473998      -111.523379262      -111.133731566    
  -110.741534504      -110.346791737      -109.949507028      -109.549684269    
  -109.147327526      -108.742441082      -108.335029487      -107.925097620    
  -107.512650748      -107.097694607      -106.680235481      -106.260280299    
  -105.837836749      -105.412913400      -104.985519853      -104.555666907    
  -104.123366761      -103.688633233      -103.251482015      -102.811930960    
  -102.370000396      -101.925713459      -101.479096452      -101.030179200    
  -100.578995395      -100.125582909      -99.6699840455      -99.2122457017    
  -98.7524194043      -98.2905612027      -97.8267313711      -97.3609938846    
  -96.8934156990      -96.4240657794      -95.9530138962      -95.4803292310    
  -95.0060788050      -94.5303257965      -94.0531278081      -93.5745351651    
  -93.0945893356      -92.6133215758      -92.1307519034      -91.6468885047    
  -91.1617276786      -90.6752543767      -90.1874433709      -89.6982610209    
  -89.2076675365      -88.7156195745      -88.2220729498      -87.7269852279    
  -87.2303179727      -86.7320384827      -86.2321209198      -85.7305468239    
  -85.2273050861      -84.7223915065      -84.2158080912      -83.7075622406    
  -83.1976659551      -82.6861351426      -82.1729890731      -81.6582499832    
  -81.1419428065      -80.6240949907      -80.1047363525      -79.5838989319    
  -79.0616168113      -78.5379258819      -78.0128635503      -77.4864683888    
  -76.9587797433      -76.4298373131      -75.8996807244      -75.3683491126    
  -74.8358807336      -74.3023126156      -73.7676802637      -73.2320174245    
  -72.6953559154      -72.1577255221      -71.6191539623      -71.0796669147    
  -70.5392881083      -69.9980394672      -69.4559413015      -68.9130125382    
  -68.3692709798      -67.8247335821      -67.2794167402      -66.7333365757    
  -66.1865092186      -65.6389510846      -65.0906791561      -64.5417112849    
  -63.9920665495      -63.4417657166      -62.8908318721      -62.3392913137    
  -61.7871747895      -61.2345192182      -60.6813699686      -60.1277837575    
  -59.5738322430      -59.0196061865      -58.4652200055      -57.9108163972    
  -57.3565704940      -56.8026928916      -56.2494307328      -55.6970659858    
  -55.1459100335      -54.5962938536      -54.0485532897      -53.5030092762    
  -52.9599435718      -52.4195714142      -51.8820139086      -51.3472745226    
  -50.8152253443      -50.2856089582      -49.7580598170      -49.2321446901    
  -48.7074161528      -48.1834684800      -47.6599840635      -47.1367614393    
  -46.6137218301      -46.0908970771      -45.5684056264      -45.0464240300    
  -44.5251599314      -44.0048300759      -43.4856446456      -42.9677977080    
  -42.4514628081      -41.9367924887      -41.4239205573      -40.9129660441    
  -40.4040379502      -39.8972400491      -39.3926751763      -38.8904486278    
  -38.3906704703      -37.8934567291      -37.3989295499      -36.9072165140    
  -36.4184493275      -35.9327621082      -35.4502894735      -34.9711645923    
  -34.4955173257      -34.0234725381      -33.5551486294      -33.0906563102    
  -32.6300976246      -32.1735652124      -31.7211417946      -31.2728998643    
  -30.8289015610      -30.3891987103      -29.9538330098      -29.5228363427    
  -29.0962312036      -28.6740312218      -28.2562417645      -27.8428606079    
  -27.4338786584      -27.0292807098      -26.6290462189      -26.2331500835    
  -25.8415634053      -25.4542542223      -25.0711881924      -24.6923292197    
  -24.3176400166      -23.9470825758      -23.5806186028      -23.2182098896    
  -22.8598186288      -22.5054077815      -22.1549414730      -21.8083854991    
  -21.4657080237      -21.1268804911      -20.7918788233      -20.4606849111    
  -20.1332883759      -19.8096885203      -19.4898963093      -19.1739361450    
  -18.8618471177      -18.5536833618      -18.2495131256      -17.9494162077    
  -17.6534795354      -17.3617908623      -17.0744308355      -16.7914639961    
  -16.5129295715      -16.2388331349      -15.9691402745      -15.7037732856    
  -15.4426115673      -15.1854959030      -14.9322362282      -14.6826219591    
  -14.4364335872      -14.1934541303      -13.9534791743      -13.7163245962    
  -13.4818315280      -13.2498685761      -13.0203316793      -12.7931421974    
  -12.5682438921      -12.3455994045      -12.1251867080      -11.9069958616    
  -11.6910262399      -11.4772843015      -11.2657818696      -11.0565348556    
  -10.8495623287      -10.6448858404      -10.4425289171      -10.2425166560    
  -10.0448753746      -9.84963228152      -9.65681515247      -9.46645200197    
  -9.27857075286      -9.09319890705      -8.91036322485      -8.73008941988    
  -8.55240187630      -8.37732339394      -8.20487496481      -8.03507558523    
  -7.86794209772      -7.70348908039      -7.54172875018      -7.38267090400    
  -7.22632291496      -7.07268970988      -6.92177378292      -6.77357526420    
  -6.62809194281      -6.48531932992      -6.34525078324      -6.20787754146    
  -6.07318881539      -5.94117190111      -5.81181225053      -5.68509356879    
  -5.56099789905      -5.43950570717      -5.32059596212      -5.20424621255    
  -5.09043265902      -4.97913022184      -4.87031260487      -4.76395235527    
  -4.66002091968      -4.55848869729      -4.45932508986      -4.36249855081    
  -4.26797662761      -4.17572601522      -4.08571258913      -3.99790144537    
  -3.91225696619      -3.82874283821      -3.74732209666      -3.66795717798    
  -3.59060995145      -3.51524176466      -3.44181348326      -3.37028553244    
  -3.30061793812      -3.23277036846      -3.16670217562      -3.10237243803    
  -3.03974000337      -2.97876353237      -2.91940154367      -2.86161245980    
  -2.80535465474      -2.75058650234      -2.69726642695      -2.64535295490    
  -2.59480476678      -2.54558075270      -2.49764006646      -2.45094217936    
  -2.40544694200      -2.36111463185      -2.31790601428      -2.27578240581    
  -2.23470570456      -2.19463847297      -2.15554398880      -2.11738626656    
  -2.08013014300      -2.04374133070      -2.00818645054      -1.97343309491    
  -1.93944988694      -1.90620652853      -1.87367385983      -1.84182391799    
  -1.81062999489      -1.78006669910      -1.75011001663      -1.72073737264    
  -1.69192769197      -1.66366145752      -1.63592076495      -1.60868937191    
  -1.58195273960      -1.55569806465      -1.52991429883      -1.50459215430    
  -1.47972409196      -1.45530429098      -1.43132859763      -1.40779445123    
  -1.38470078771      -1.36204791855      -1.33983738606      -1.31807179646    
  -1.29675463008      -1.27589003307      -1.25548259266      -1.23553709534    
  -1.21605827804      -1.19705057158      -1.17851784005      -1.16046312338    
  -1.14288838432      -1.12579426544      -1.10917985940      -1.09304249647    
  -1.07737755252      -1.06217828099      -1.04743567159      -1.03313833843    
  -1.01927244026      -1.00582163469     -0.992767068718     -0.980087406834    
 -0.967758898400     -0.955755485071     -0.944048948846     -0.932609100770    
 -0.921404009557     -0.910400268773     -0.899563300267     -0.888857690573    
 -0.878247556067     -0.867696931492     -0.857170175532     -0.846632386137    
 -0.836049817477     -0.825390289884     -0.814623583783     -0.803721808618    
 -0.792659738189     -0.781415104427     -0.769968842810     -0.758305283840    
 -0.746412286720     -0.734281312998     -0.721907439897     -0.709289314733    
 -0.696429053595     -0.683332088925     -0.670006971879     -0.656465136297    
 -0.642720631730     -0.628789833251     -0.614691135792     -0.600444640414    
 -0.586071839451     -0.571595306739     -0.557038398341     -0.542424968240    
 -0.527779102639     -0.513124875501     -0.498486127185     -0.483886267217    
 -0.469348101548     -0.454893684089     -0.440544191751     -0.426319821935    
 -0.412239711067     -0.398321872535     -0.384583152351     -0.371039200714    
 -0.357704457702     -0.344592151315     -0.331714306186     -0.319081761377    
 -0.306704195759     -0.294590159660     -0.282747111495     -0.271181458342    
 -0.259898599464     -0.248902971926     -0.238198097585     -0.227786630835    
 -0.217670406559     -0.207850487874     -0.198327213275     -0.189100242938    
 -0.180168603888     -0.171530733934     -0.163184524161     -0.155127359963    
 -0.147356160491     -0.139867416532     -0.132657226812     -0.125721332667    
 -0.119055151184     -0.112653806807     -0.106512161414     -0.100624843002    
 -0.949862729093E-01 -0.895906917200E-01 -0.844321838722E-01 -0.795047009906E-01
 -0.748020840414E-01 -0.703180842985E-01 -0.660463832501E-01 -0.619806113835E-01
 -0.581143659669E-01 -0.544412278516E-01 -0.509547772791E-01 -0.476486087968E-01
 -0.445163452661E-01 -0.415516509919E-01 -0.387482440218E-01 -0.360999076279E-01
 -0.336005009703E-01 -0.312439690016E-01 -0.290243516245E-01 -0.269357920758E-01
 -0.249725446365E-01 -0.231289816168E-01 -0.213995996556E-01 -0.197790253773E-01
 -0.182620203783E-01 -0.168434856194E-01 -0.155184651815E-01 -0.142821494508E-01
 -0.131298777371E-01 -0.120571403363E-01 -0.110595801571E-01 -0.101329932327E-01
 -0.927331544702E-02 -0.847664978724E-02 -0.773928981332E-02 -0.754877067604E-02
 -0.764372268694E-02 -0.773988496340E-02 -0.783724117474E-02 -0.793582261420E-02
 -0.803564367308E-02 -0.813672017946E-02 -0.823906795637E-02 -0.834270302593E-02
 -0.844764160053E-02 -0.855390009787E-02 -0.866149512996E-02 -0.877044351697E-02
 -0.888076229248E-02 -0.899246868642E-02 -0.910558017097E-02 -0.922011441551E-02
 -0.933608931919E-02 -0.945352300991E-02 -0.957243382246E-02 -0.969284035671E-02
 -0.981476141982E-02 -0.993821605908E-02 -0.100632235672E-01 -0.101898034710E-01
 -0.103179755629E-01 -0.104477598587E-01 -0.105791766402E-01 -0.107122464422E-01
 -0.108469900526E-01 -0.109834285350E-01 -0.111215832034E-01 -0.112614756432E-01
 -0.114031277143E-01 -0.115465615432E-01 -0.116917995505E-01 -0.118388644292E-01
 -0.119877791581E-01 -0.121385670019E-01 -0.122912515222E-01 -0.124458565741E-01
 -0.126024063212E-01 -0.127609252254E-01 -0.129214380449E-01 -0.130839698730E-01
 -0.132485460939E-01 -0.134151924350E-01 -0.135839349298E-01 -0.137547999344E-01
 -0.139278141640E-01 -0.141030046467E-01 -0.142803987497E-01 -0.144600241950E-01
 -0.146419090505E-01 -0.148260817368E-01 -0.150125710313E-01 -0.152014060712E-01
 -0.153926163664E-01 -0.155862317938E-01 -0.157822825935E-01 -0.159807994181E-01
 -0.161818132685E-01 -0.163853555694E-01 -0.165914581082E-01 -0.168001531126E-01
 -0.170114731587E-01 -0.172254512965E-01 -0.174421209464E-01 -0.176615159660E-01
 -0.178836706322E-01 -0.181086196561E-01 -0.183363981994E-01 -0.185670418367E-01
 -0.188005866116E-01 -0.190370690291E-01 -0.192765260166E-01 -0.195189950110E-01
 -0.197645138846E-01 -0.200131210092E-01 -0.202648552229E-01 -0.205197558671E-01
 -0.207778627673E-01 -0.210392162479E-01 -0.213038571532E-01 -0.215718268328E-01
 -0.218431671642E-01 -0.221179205170E-01 -0.223961298552E-01 -0.226778386414E-01
 -0.229630908741E-01 -0.232519311419E-01 -0.235444045834E-01 -0.238405568737E-01
 -0.241404343089E-01 -0.244440837245E-01 -0.247515525928E-01 -0.250628889440E-01
 -0.253781414281E-01 -0.256973592933E-01 -0.260205924268E-01 -0.263478913344E-01
 -0.266793071423E-01 -0.270148916622E-01 -0.273546973113E-01 -0.276987771807E-01
 -0.280471850502E-01 -0.283999753610E-01 -0.287572032257E-01 -0.291189244503E-01
 -0.294851955659E-01 -0.298560738201E-01 -0.302316171417E-01 -0.306118842186E-01
 -0.309969344605E-01 -0.313868280423E-01 -0.317816258740E-01 -0.321813896775E-01
 -0.325861818694E-01 -0.329960657241E-01 -0.334111052648E-01 -0.338313653842E-01
 -0.342569117290E-01 -0.346878107652E-01 -0.351241298482E-01 -0.355659371573E-01
 -0.360133017307E-01 -0.364662934508E-01 -0.369249830815E-01 -0.373894423467E-01
 -0.378597437743E-01 -0.383359608733E-01 -0.388181680359E-01 -0.393064406251E-01
 -0.398008549273E-01 -0.403014882116E-01 -0.408084186711E-01 -0.413217255185E-01
 -0.418414890027E-01 -0.423677902761E-01
