 Raios
  0.421336001830E-06  0.847971758142E-06  0.127997393164E-05  0.171741002354E-05
  0.216034838413E-05  0.260885822342E-05  0.306300962199E-05  0.352287354192E-05
  0.398852183788E-05  0.446002726837E-05  0.493746350706E-05  0.542090515435E-05
  0.591042774897E-05  0.640610777983E-05  0.690802269793E-05  0.741625092851E-05
  0.793087188325E-05  0.845196597274E-05  0.897961461898E-05  0.951390026815E-05
  0.100549064035E-04  0.106027175582E-04  0.111574193291E-04  0.117190983893E-04
  0.122878425023E-04  0.128637405356E-04  0.134468824743E-04  0.140373594358E-04
  0.146352636830E-04  0.152406886399E-04  0.158537289052E-04  0.164744802678E-04
  0.171030397213E-04  0.177395054795E-04  0.183839769913E-04  0.190365549569E-04
  0.196973413427E-04  0.203664393981E-04  0.210439536710E-04  0.217299900243E-04
  0.224246556526E-04  0.231280590989E-04  0.238403102713E-04  0.245615204606E-04
  0.252918023573E-04  0.260312700695E-04  0.267800391404E-04  0.275382265668E-04
  0.283059508171E-04  0.290833318496E-04  0.298704911317E-04  0.306675516587E-04
  0.314746379730E-04  0.322918761833E-04  0.331193939848E-04  0.339573206790E-04
  0.348057871934E-04  0.356649261028E-04  0.365348716493E-04  0.374157597637E-04
  0.383077280866E-04  0.392109159898E-04  0.401254645983E-04  0.410515168121E-04
  0.419892173288E-04  0.429387126660E-04  0.439001511844E-04  0.448736831105E-04
  0.458594605608E-04  0.468576375649E-04  0.478683700902E-04  0.488918160655E-04
  0.499281354065E-04  0.509774900400E-04  0.520400439300E-04  0.531159631026E-04
  0.542054156723E-04  0.553085718684E-04  0.564256040613E-04  0.575566867894E-04
  0.587019967869E-04  0.598617130107E-04  0.610360166687E-04  0.622250912485E-04
  0.634291225452E-04  0.646482986912E-04  0.658828101853E-04  0.671328499224E-04
  0.683986132238E-04  0.696802978675E-04  0.709781041194E-04  0.722922347643E-04
  0.736228951379E-04  0.749702931585E-04  0.763346393598E-04  0.777161469237E-04
  0.791150317135E-04  0.805315123079E-04  0.819658100348E-04  0.834181490061E-04
  0.848887561529E-04  0.863778612603E-04  0.878856970042E-04  0.894124989869E-04
  0.909585057743E-04  0.925239589333E-04  0.941091030689E-04  0.957141858632E-04
  0.973394581137E-04  0.989851737724E-04  0.100651589986E-03  0.102338967135E-03
  0.104047568875E-03  0.105777662180E-03  0.107529517380E-03  0.109303408205E-03
  0.111099611830E-03  0.112918408916E-03  0.114760083652E-03  0.116624923805E-03
  0.118513220759E-03  0.120425269566E-03  0.122361368985E-03  0.124321821537E-03
  0.126306933546E-03  0.128317015191E-03  0.130352380550E-03  0.132413347654E-03
  0.134500238533E-03  0.136613379267E-03  0.138753100040E-03  0.140919735187E-03
  0.143113623249E-03  0.145335107025E-03  0.147584533628E-03  0.149862254534E-03
  0.152168625643E-03  0.154504007328E-03  0.156868764499E-03  0.159263266653E-03
  0.161687887937E-03  0.164143007202E-03  0.166629008065E-03  0.169146278970E-03
  0.171695213246E-03  0.174276209167E-03  0.176889670020E-03  0.179536004165E-03
  0.182215625095E-03  0.184928951507E-03  0.187676407364E-03  0.190458421961E-03
  0.193275429994E-03  0.196127871626E-03  0.199016192557E-03  0.201940844092E-03
  0.204902283216E-03  0.207900972657E-03  0.210937380969E-03  0.214011982596E-03
  0.217125257950E-03  0.220277693487E-03  0.223469781782E-03  0.226702021604E-03
  0.229974917999E-03  0.233288982363E-03  0.236644732524E-03  0.240042692826E-03
  0.243483394207E-03  0.246967374284E-03  0.250495177436E-03  0.254067354888E-03
  0.257684464801E-03  0.261347072356E-03  0.265055749843E-03  0.268811076750E-03
  0.272613639854E-03  0.276464033314E-03  0.280362858762E-03  0.284310725397E-03
  0.288308250080E-03  0.292356057434E-03  0.296454779937E-03  0.300605058023E-03
  0.304807540180E-03  0.309062883055E-03  0.313371751554E-03  0.317734818947E-03
  0.322152766972E-03  0.326626285942E-03  0.331156074853E-03  0.335742841495E-03
  0.340387302559E-03  0.345090183751E-03  0.349852219906E-03  0.354674155102E-03
  0.359556742777E-03  0.364500745844E-03  0.369506936814E-03  0.374576097914E-03
  0.379709021212E-03  0.384906508737E-03  0.390169372606E-03  0.395498435154E-03
  0.400894529057E-03  0.406358497465E-03  0.411891194136E-03  0.417493483563E-03
  0.423166241116E-03  0.428910353176E-03  0.434726717270E-03  0.440616242219E-03
  0.446579848271E-03  0.452618467254E-03  0.458733042712E-03  0.464924530062E-03
  0.471193896735E-03  0.477542122333E-03  0.483970198779E-03  0.490479130474E-03
  0.497069934450E-03  0.503743640535E-03  0.510501291508E-03  0.517343943266E-03
  0.524272664988E-03  0.531288539301E-03  0.538392662448E-03  0.545586144465E-03
  0.552870109346E-03  0.560245695226E-03  0.567714054556E-03  0.575276354282E-03
  0.582933776029E-03  0.590687516284E-03  0.598538786585E-03  0.606488813709E-03
  0.614538839864E-03  0.622690122883E-03  0.630943936420E-03  0.639301570151E-03
  0.647764329973E-03  0.656333538209E-03  0.665010533816E-03  0.673796672591E-03
  0.682693327388E-03  0.691701888325E-03  0.700823763010E-03  0.710060376753E-03
  0.719413172795E-03  0.728883612529E-03  0.738473175729E-03  0.748183360786E-03
  0.758015684935E-03  0.767971684497E-03  0.778052915117E-03  0.788260952007E-03
  0.798597390195E-03  0.809063844770E-03  0.819661951137E-03  0.830393365271E-03
  0.841259763977E-03  0.852262845153E-03  0.863404328053E-03  0.874685953555E-03
  0.886109484437E-03  0.897676705649E-03  0.909389424592E-03  0.921249471402E-03
  0.933258699237E-03  0.945418984562E-03  0.957732227447E-03  0.970200351860E-03
  0.982825305973E-03  0.995609062459E-03  0.100855361881E-02  0.102166099763E-02
  0.103493324698E-02  0.104837244068E-02  0.106198067862E-02  0.107576008712E-02
  0.108971281925E-02  0.110384105514E-02  0.111814700237E-02  0.113263289625E-02
  0.114730100025E-02  0.116215360629E-02  0.117719303511E-02  0.119242163666E-02
  0.120784179043E-02  0.122345590586E-02  0.123926642269E-02  0.125527581134E-02
  0.127148657330E-02  0.128790124155E-02  0.130452238091E-02  0.132135258846E-02
  0.133839449397E-02  0.135565076025E-02  0.137312408365E-02  0.139081719439E-02
  0.140873285708E-02  0.142687387106E-02  0.144524307090E-02  0.146384332683E-02
  0.148267754518E-02  0.150174866884E-02  0.152105967770E-02  0.154061358915E-02
  0.156041345852E-02  0.158046237960E-02  0.160076348505E-02  0.162131994698E-02
  0.164213497736E-02  0.166321182860E-02  0.168455379399E-02  0.170616420826E-02
  0.172804644807E-02  0.175020393258E-02  0.177264012394E-02  0.179535852784E-02
  0.181836269408E-02  0.184165621711E-02  0.186524273660E-02  0.188912593797E-02
  0.191330955304E-02  0.193779736053E-02  0.196259318673E-02  0.198770090603E-02
  0.201312444155E-02  0.203886776579E-02  0.206493490118E-02  0.209132992077E-02
  0.211805694884E-02  0.214512016153E-02  0.217252378753E-02  0.220027210872E-02
  0.222836946081E-02  0.225682023409E-02  0.228562887404E-02  0.231479988208E-02
  0.234433781622E-02  0.237424729184E-02  0.240453298235E-02  0.243519961995E-02
  0.246625199636E-02  0.249769496359E-02  0.252953343465E-02  0.256177238438E-02
  0.259441685018E-02  0.262747193280E-02  0.266094279719E-02  0.269483467322E-02
  0.272915285656E-02  0.276390270952E-02  0.279908966182E-02  0.283471921149E-02
  0.287079692572E-02  0.290732844174E-02  0.294431946766E-02  0.298177578340E-02
  0.301970324160E-02  0.305810776849E-02  0.309699536487E-02  0.313637210699E-02
  0.317624414755E-02  0.321661771664E-02  0.325749912272E-02  0.329889475358E-02
  0.334081107738E-02  0.338325464362E-02  0.342623208421E-02  0.346975011445E-02
  0.351381553412E-02  0.355843522854E-02  0.360361616963E-02  0.364936541699E-02
  0.369569011904E-02  0.374259751412E-02  0.379009493159E-02  0.383818979302E-02
  0.388688961334E-02  0.393620200198E-02  0.398613466412E-02  0.403669540183E-02
  0.408789211533E-02  0.413973280421E-02  0.419222556868E-02  0.424537861084E-02
  0.429920023597E-02  0.435369885381E-02  0.440888297986E-02  0.446476123678E-02
  0.452134235563E-02  0.457863517736E-02  0.463664865406E-02  0.469539185047E-02
  0.475487394532E-02  0.481510423283E-02  0.487609212409E-02  0.493784714858E-02
  0.500037895565E-02  0.506369731603E-02  0.512781212334E-02  0.519273339565E-02
  0.525847127703E-02  0.532503603917E-02  0.539243808294E-02  0.546068794005E-02
  0.552979627469E-02  0.559977388516E-02  0.567063170561E-02  0.574238080773E-02
  0.581503240245E-02  0.588859784173E-02  0.596308862033E-02  0.603851637758E-02
  0.611489289921E-02  0.619223011922E-02  0.627054012171E-02  0.634983514276E-02
  0.643012757240E-02  0.651142995647E-02  0.659375499864E-02  0.667711556236E-02
  0.676152467290E-02  0.684699551934E-02  0.693354145668E-02  0.702117600790E-02
  0.710991286607E-02  0.719976589652E-02  0.729074913895E-02  0.738287680969E-02
  0.747616330388E-02  0.757062319771E-02  0.766627125073E-02  0.776312240816E-02
  0.786119180318E-02  0.796049475933E-02  0.806104679290E-02  0.816286361535E-02
  0.826596113577E-02  0.837035546336E-02  0.847606290993E-02  0.858309999250E-02
  0.869148343583E-02  0.880123017504E-02  0.891235735830E-02  0.902488234945E-02
  0.913882273074E-02  0.925419630560E-02  0.937102110138E-02  0.948931537219E-02
  0.960909760175E-02  0.973038650629E-02  0.985320103743E-02  0.997756038520E-02
  0.101034839810E-01  0.102309915007E-01  0.103601028675E-01  0.104908382553E-01
  0.106232180920E-01  0.107572630619E-01  0.108929941101E-01  0.110304324446E-01
  0.111695995406E-01  0.113105171431E-01  0.114532072709E-01  0.115976922196E-01
  0.117439945651E-01  0.118921371677E-01  0.120421431748E-01  0.121940360251E-01
  0.123478394524E-01  0.125035774885E-01  0.126612744681E-01  0.128209550314E-01
  0.129826441290E-01  0.131463670250E-01  0.133121493016E-01  0.134800168625E-01
  0.136499959374E-01  0.138221130858E-01  0.139963952014E-01  0.141728695162E-01
  0.143515636046E-01  0.145325053879E-01  0.147157231387E-01  0.149012454851E-01
  0.150891014154E-01  0.152793202823E-01  0.154719318080E-01  0.156669660885E-01
  0.158644535983E-01  0.160644251951E-01  0.162669121249E-01  0.164719460268E-01
  0.166795589377E-01  0.168897832975E-01  0.171026519542E-01  0.173181981691E-01
  0.175364556215E-01  0.177574584147E-01  0.179812410809E-01  0.182078385865E-01
  0.184372863378E-01  0.186696201865E-01  0.189048764353E-01  0.191430918435E-01
  0.193843036326E-01  0.196285494925E-01  0.198758675871E-01  0.201262965603E-01
  0.203798755423E-01  0.206366441552E-01  0.208966425197E-01  0.211599112610E-01
  0.214264915154E-01  0.216964249366E-01  0.219697537023E-01  0.222465205206E-01
  0.225267686369E-01  0.228105418406E-01  0.230978844717E-01  0.233888414283E-01
  0.236834581728E-01  0.239817807397E-01  0.242838557426E-01  0.245897303813E-01
  0.248994524493E-01  0.252130703413E-01  0.255306330608E-01  0.258521902275E-01
  0.261777920855E-01  0.265074895107E-01  0.268413340190E-01  0.271793777742E-01
  0.275216735965E-01  0.278682749701E-01  0.282192360524E-01  0.285746116816E-01
  0.289344573859E-01  0.292988293920E-01  0.296677846337E-01  0.300413807610E-01
  0.304196761491E-01  0.308027299075E-01  0.311906018889E-01  0.315833526993E-01
  0.319810437067E-01  0.323837370512E-01  0.327914956544E-01  0.332043832295E-01
  0.336224642909E-01  0.340458041646E-01  0.344744689985E-01  0.349085257722E-01
  0.353480423079E-01  0.357930872812E-01  0.362437302310E-01  0.367000415714E-01
  0.371620926018E-01  0.376299555188E-01  0.381037034267E-01  0.385834103498E-01
  0.390691512432E-01  0.395610020048E-01  0.400590394874E-01  0.405633415104E-01
  0.410739868719E-01  0.415910553614E-01  0.421146277718E-01  0.426447859123E-01
  0.431816126214E-01  0.437251917792E-01  0.442756083211E-01  0.448329482508E-01
  0.453972986538E-01  0.459687477110E-01  0.465473847125E-01  0.471333000714E-01
  0.477265853383E-01  0.483273332152E-01  0.489356375701E-01  0.495515934519E-01
  0.501752971049E-01  0.508068459841E-01  0.514463387702E-01  0.520938753854E-01
  0.527495570085E-01  0.534134860911E-01  0.540857663735E-01  0.547665029009E-01
  0.554558020397E-01  0.561537714943E-01  0.568605203239E-01  0.575761589594E-01
  0.583007992207E-01  0.590345543345E-01  0.597775389514E-01  0.605298691643E-01
  0.612916625264E-01  0.620630380693E-01  0.628441163221E-01  0.636350193299E-01
  0.644358706729E-01  0.652467954856E-01  0.660679204768E-01  0.668993739489E-01
  0.677412858182E-01  0.685937876352E-01  0.694570126049E-01  0.703310956082E-01
  0.712161732221E-01  0.721123837418E-01  0.730198672022E-01  0.739387653993E-01
  0.748692219129E-01  0.758113821286E-01  0.767653932609E-01  0.777314043761E-01
  0.787095664152E-01  0.797000322181E-01  0.807029565472E-01  0.817184961113E-01
  0.827468095906E-01  0.837880576612E-01  0.848424030202E-01  0.859100104112E-01
  0.869910466500E-01  0.880856806507E-01  0.891940834522E-01  0.903164282446E-01
  0.914528903966E-01  0.926036474827E-01  0.937688793111E-01  0.949487679515E-01
  0.961434977640E-01  0.973532554276E-01  0.985782299693E-01  0.998186127940E-01
  0.101074597714      0.102346380979      0.103634161309      0.104938139921    
  0.106258520564      0.107595509552      0.108949315791      0.110320150816    
  0.111708228823      0.113113766702      0.114536984071      0.115978103311    
  0.117437349599      0.118914950946      0.120411138230      0.121926145233    
  0.123460208679      0.125013568267      0.126586466713      0.128179149786    
  0.129791866346      0.131424868384      0.133078411058      0.134752752738    
  0.136448155045      0.138164882887      0.139903204507      0.141663391521    
  0.143445718962      0.145250465323      0.147077912598      0.148928346331    
  0.150802055654      0.152699333339      0.154620475840      0.156565783338    
  0.158535559793      0.160530112985      0.162549754568      0.164594800115    
  0.166665569168      0.168762385290      0.170885576111      0.173035473385    
  0.175212413038      0.177416735220      0.179648784363      0.181908909227    
  0.184197462963      0.186514803161      0.188861291910      0.191237295854    
  0.193643186249      0.196079339019      0.198546134819      0.201043959090    
  0.203573202123      0.206134259117      0.208727530243      0.211353420703    
  0.214012340799      0.216704705993      0.219430936972      0.222191459715    
  0.224986705560      0.227817111269      0.230683119099      0.233585176870    
  0.236523738034      0.239499261747      0.242512212941      0.245563062395    
  0.248652286812      0.251780368888      0.254947797393      0.258155067244    
  0.261402679583      0.264691141857      0.268020967894      0.271392677987    
  0.274806798971      0.278263864311      0.281764414180      0.285308995545    
  0.288898162256      0.292532475126      0.296212502025      0.299938817963    
  0.303712005186      0.307532653261      0.311401359174      0.315318727416    
  0.319285370084      0.323301906976      0.327368965682      0.331487181688    
  0.335657198475      0.339879667617      0.344155248882      0.348484610338    
  0.352868428458      0.357307388221      0.361802183225      0.366353515790    
  0.370962097071      0.375628647169      0.380353895241      0.385138579616    
  0.389983447912      0.394889257149      0.399856773870      0.404886774260    
  0.409980044265      0.415137379721      0.420359586470      0.425647480494    
  0.431001888037      0.436423645736      0.441913600751      0.447472610899    
  0.453101544787      0.458801281947      0.464572712975      0.470416739668    
  0.476334275168      0.482326244101      0.488393582725      0.494537239074    
  0.500758173107      0.507057356857      0.513435774585      0.519894422930    
  0.526434311072      0.533056460879      0.539761907076      0.546551697404    
  0.553426892780      0.560388567468      0.567437809244      0.574575719566    
  0.581803413747      0.589122021129      0.596532685259      0.604036564069    
  0.611634830055      0.619328670462      0.627119287467      0.635007898370    
  0.642995735784      0.651084047823      0.659274098304      0.667567166937    
  0.675964549533      0.684467558198      0.693077521546      0.701795784901    
  0.710623710509      0.719562677751      0.728614083359      0.737779341635    
  0.747059884667      0.756457162560      0.765972643658      0.775607814774    
  0.785364181423      0.795243268056      0.805246618303      0.815375795205    
  0.825632381469      0.836017979705      0.846534212686      0.857182723594    
  0.867965176280      0.878883255525      0.889938667300      0.901133139037    
  0.912468419894      0.923946281032      0.935568515890      0.947336940466    
  0.959253393601      0.971319737263      0.983537856845      0.995909661452    
   1.00843708420       1.02112208253       1.03396663850       1.04697275910    
   1.06014247655       1.07347784865       1.08698095908       1.10065391774    
   1.11449886104       1.12851795230       1.14271338201       1.15708736824    
   1.17164215697       1.18638002240       1.20130326736       1.21641422363    
   1.23171525233       1.24720874428       1.26289712036       1.27878283193    
   1.29486836115       1.31115622142       1.32764895774       1.34434914716    
   1.36125939910       1.37838235582       1.39572069282       1.41327711926    
   1.43105437835       1.44905524784       1.46728254039       1.48573910405    
   1.50442782271       1.52335161651       1.54251344234       1.56191629426    
   1.58156320401       1.60145724147       1.62160151511       1.64199917252    
   1.66265340088       1.68356742745       1.70474452008       1.72618798775    
   1.74790118104       1.76988749268       1.79215035808       1.81469325585    
   1.83751970836       1.86063328231       1.88403758922       1.90773628607    
   1.93173307583       1.95603170805       1.98063597944       2.00554973446    
   2.03077686595       2.05632131568       2.08218707504       2.10837818560    
   2.13489873977       2.16175288145       2.18894480665       2.21647876416    
   2.24435905622       2.27259003918       2.30117612420       2.33012177790    
   2.35943152310       2.38910993952       2.41916166445       2.44959139355    
   2.48040388153       2.51160394289       2.54319645271       2.57518634738    
   2.60757862540       2.64037834811       2.67359064055       2.70722069220    
   2.74127375782       2.77575515828       2.81067028136       2.84602458263    
   2.88182358626       2.91807288592       2.95477814565       2.99194510070    
   3.02957955850       3.06768739950       3.10627457813       3.14534712372    
   3.18491114143       3.22497281322       3.26553839881       3.30661423665    
   3.34820674492       3.39032242255       3.43296785018       3.47614969126    
   3.51987469304       3.56414968763       3.60898159310       3.65437741451    
   3.70034424507       3.74688926718       3.79401975359       3.84174306854    
   3.89006666889       3.93899810531       3.98854502344       4.03871516507    
   4.08951636939       4.14095657421       4.19304381714       4.24578623694    
   4.29919207471       4.35326967522       4.40802748821       4.46347406970    
   4.51961808332       4.57646830170       4.63403360780       4.69232299630    
   4.75134557506       4.81111056647       4.87162730892       4.93290525829    
   4.99495398937       5.05778319741       5.12140269959       5.18582243661    
   5.25105247416       5.31710300458       5.38398434840       5.45170695595    
   5.52028140905       5.58971842258       5.66002884622       5.73122366612    
   5.80331400660       5.87631113195       5.95022644809       6.02507150446    
   6.10085799575       6.17759776374       6.25530279918       6.33398524365    
   6.41365739143       6.49433169147       6.57602074927       6.65873732893    
   6.74249435508       6.82730491493       6.91318226029       7.00013980968    
   7.08819115039       7.17735004062       7.26763041163       7.35904636992    
   7.45161219940       7.54534236369       7.64025150830       7.73635446299    
   7.83366624404       7.93220205662       8.03197729713       8.13300755567    
   8.23530861843       8.33889647014       8.44378729663       8.54999748730    
   8.65754363770       8.76644255214       8.87671124631       8.98836694989    
   9.10142710934       9.21590939052       9.33183168153       9.44921209546    
   9.56806897323       9.68842088648       9.81028664045       9.93368527689    
   10.0586360771       10.1851585649       10.3132725097       10.4429979295    
   10.5743550942       10.7073645287       10.8420470159       10.9784236002    
   11.1165155908       11.2563445648       11.3979323708       11.5413011321    
   11.6864732504       11.8334714092       11.9823185772       12.1330380121    
   12.2856532642       12.4401881797       12.5966669052       12.7551138908    
   12.9155538941       13.0780119842       13.2425135456       13.4090842818    
   13.5777502200       13.7485377145       13.9214734512       14.0965844517    
   14.2738980775       14.4534420341       14.6352443756       14.8193335091    
   15.0057381989       15.1944875710       15.3856111179       15.5791387031    
   15.7751005657       15.9735273250       16.1744499858       16.3778999424    
   16.5839089845       16.7925093014       17.0037334872       17.2176145462    
   17.4341858978       17.6534813816       17.8755352630       18.1003822384    
   18.3280574406       18.5585964443       18.7920352717       19.0284103980    
   19.2677587574       19.5101177486       19.7555252406       20.0040195788    
   20.2556395910       20.5104245934       20.7684143966       21.0296493120    
   21.2941701581       21.5620182668       21.8332354901       22.1078642060    
   22.3859473259       22.6675283009       22.9526511285       23.2413603598    
   23.5337011061       23.8297190464       24.1294604340       24.4329721041    
   24.7403014810       25.0514965857       25.3666060428       25.6856790890    
   26.0087655801       26.3359159989       26.6671814634       27.0026137345    
   27.3422652242       27.6861890036       28.0344388117       28.3870690631    
   28.7441348570       29.1056919857       29.4717969433       29.8425069343    
   30.2178798829       30.5979744420       30.9828500021       31.3725667008    
   31.7671854321       32.1667678560       32.5713764080       32.9810743091    
   33.3959255754       33.8159950282       34.2413483043       34.6720518660    
   35.1081730115       35.5497798858       35.9969414907       36.4497276962    
   36.9082092510       37.3724577938       37.8425458645       38.3185469152    
   38.8005353220       39.2885863966       39.7827763980       40.2831825445    
   40.7898830253       41.3029570136       41.8224846783       42.3485471964    
   42.8812267665       43.4206066207       43.9667710383       44.5198053585    
   45.0797959942       45.6468304449       46.2209973110       46.8023863071    
   47.3910882766       47.9871952053       48.5908002361       49.2019976835    
   49.8208830484       50.4475530329       51.0821055554       51.7246397661    
   52.3752560621       53.0340561038       53.7011428298       54.3766204739    
   55.0605945808       55.7531720229       56.4544610168       57.1645711403    
   57.8836133495       58.6116999964       59.3489448458       60.0954630939    
   60.8513713856       61.6167878331       62.3918320342       63.1766250913    
   63.9712896299       64.7759498178       65.5907313850       66.4157616425    
   67.2511695032       68.0970855012       68.9536418126       69.8209722760    
   70.6992124136       71.5884994523       72.4889723448       73.4007717920    
   74.3240402644       75.2589220245       76.2055631495       77.1641115541    
   78.1347170133       79.1175311862       80.1127076396       81.1204018717    
   82.1407713370       83.1739754701       84.2201757113       85.2795355316    
   86.3522204580       87.4383980998       88.5382381744       89.6519125341    
   90.7795951928       91.9214623532       93.0776924342       94.2484660994    
   95.4339662843       96.6343782259       97.8498894909       99.0806900055    
   100.326972085       101.588930463       102.866762323       104.160667329    
   105.470847657       106.797508024       108.140855725       109.501100660    
   110.878455369       112.273135069       113.685357679       115.115343862    
   116.563317058       118.029503514       119.514132326    
Down potential follows (l on next line)
 1
  -147.966259030      -148.082230946      -147.919267178      -148.028130683    
  -147.989811572      -148.001045298      -147.990048570      -147.995136727    
  -147.992674011      -147.992146752      -147.991355311      -147.990573192    
  -147.989786016      -147.989001038      -147.988214586      -147.987428069    
  -147.986640806      -147.985852881      -147.985064138      -147.984274494    
  -147.983483850      -147.982692115      -147.981899196      -147.981105006    
  -147.980309456      -147.979512463      -147.978713941      -147.977913811    
  -147.977111993      -147.976308408      -147.975502983      -147.974695642    
  -147.973886315      -147.973074933      -147.972261429      -147.971445739    
  -147.970627800      -147.969807553      -147.968984941      -147.968159911    
  -147.967332410      -147.966502390      -147.965669806      -147.964834616    
  -147.963996780      -147.963156263      -147.962313032      -147.961467059    
  -147.960618319      -147.959766789      -147.958912454      -147.958055299    
  -147.957195316      -147.956332500      -147.955466849      -147.954598368    
  -147.953727066      -147.952852956      -147.951976057      -147.951096390    
  -147.950213986      -147.949328877      -147.948441102      -147.947550705    
  -147.946657735      -147.945762248      -147.944864304      -147.943963969    
  -147.943061315      -147.942156420      -147.941249367      -147.940340244    
  -147.939429146      -147.938516173      -147.937601430      -147.936685029    
  -147.935767084      -147.934847718      -147.933927057      -147.933005230    
  -147.932082373      -147.931158626      -147.930234131      -147.929309034    
  -147.928383484      -147.927457634      -147.926531636      -147.925605646    
  -147.924679818      -147.923754307      -147.922829270      -147.921904857    
  -147.920981220      -147.920058506      -147.919136856      -147.918216407    
  -147.917297290      -147.916379626      -147.915463528      -147.914549099    
  -147.913636428      -147.912725593      -147.911816656      -147.910909661    
  -147.910004638      -147.909101592      -147.908200512      -147.907301359    
  -147.906404074      -147.905508567      -147.904614723      -147.903722397    
  -147.902831411      -147.901941554      -147.901052583      -147.900164214    
  -147.899276131      -147.898387974      -147.897499347      -147.896609811    
  -147.895718884      -147.894826042      -147.893930718      -147.893032300    
  -147.892130133      -147.891223516      -147.890311703      -147.889393908    
  -147.888469298      -147.887536999      -147.886596094      -147.885645628    
  -147.884684605      -147.883711994      -147.882726726      -147.881727700    
  -147.880713785      -147.879683821      -147.878636621      -147.877570976    
  -147.876485656      -147.875379414      -147.874250989      -147.873099108    
  -147.871922492      -147.870719854      -147.869489908      -147.868231367    
  -147.866942952      -147.865623388      -147.864271412      -147.862885774    
  -147.861465239      -147.860008591      -147.858514633      -147.856982193    
  -147.855410122      -147.853797296      -147.852142622      -147.850445033    
  -147.848703493      -147.846916998      -147.845084576      -147.843205285    
  -147.841278216      -147.839302495      -147.837277278      -147.835201753    
  -147.833075142      -147.830896695      -147.828665694      -147.826381452    
  -147.824043307      -147.821650626      -147.819202803      -147.816699256    
  -147.814139427      -147.811522779      -147.808848796      -147.806116983    
  -147.803326860      -147.800477965      -147.797569850      -147.794602080    
  -147.791574233      -147.788485895      -147.785336662      -147.782126138    
  -147.778853930      -147.775519652      -147.772122921      -147.768663355    
  -147.765140574      -147.761554194      -147.757903834      -147.754189108    
  -147.750409625      -147.746564991      -147.742654806      -147.738678664    
  -147.734636150      -147.730526842      -147.726350309      -147.722106111    
  -147.717793795      -147.713412900      -147.708962954      -147.704443470    
  -147.699853951      -147.695193886      -147.690462753      -147.685660013    
  -147.680785114      -147.675837491      -147.670816564      -147.665721736    
  -147.660552396      -147.655307920      -147.649987664      -147.644590971    
  -147.639117167      -147.633565562      -147.627935449      -147.622226106    
  -147.616436791      -147.610566750      -147.604615208      -147.598581374    
  -147.592464442      -147.586263586      -147.579977963      -147.573606714    
  -147.567148961      -147.560603810      -147.553970349      -147.547247645    
  -147.540434753      -147.533530704      -147.526534515      -147.519445185    
  -147.512261691      -147.504982996      -147.497608042      -147.490135755    
  -147.482565039      -147.474894782      -147.467123853      -147.459251102    
  -147.451275359      -147.443195436      -147.435010126      -147.426718203    
  -147.418318421      -147.409809514      -147.401190198      -147.392459168    
  -147.383615099      -147.374656647      -147.365582448      -147.356391116    
  -147.347081247      -147.337651415      -147.328100173      -147.318426054    
  -147.308627570      -147.298703212      -147.288651447      -147.278470725    
  -147.268159470      -147.257716087      -147.247138958      -147.236426442    
  -147.225576877      -147.214588578      -147.203459835      -147.192188918    
  -147.180774071      -147.169213518      -147.157505455      -147.145648058    
  -147.133639476      -147.121477835      -147.109161237      -147.096687757    
  -147.084055448      -147.071262334      -147.058306417      -147.045185671    
  -147.031898044      -147.018441460      -147.004813813      -146.991012972    
  -146.977036780      -146.962883051      -146.948549572      -146.934034101    
  -146.919334370      -146.904448081      -146.889372908      -146.874106495    
  -146.858646459      -146.842990384      -146.827135827      -146.811080315    
  -146.794821341      -146.778356373      -146.761682842      -146.744798152    
  -146.727699673      -146.710384745      -146.692850674      -146.675094734    
  -146.657114167      -146.638906182      -146.620467952      -146.601796620    
  -146.582889292      -146.563743041      -146.544354904      -146.524721886    
  -146.504840954      -146.484709039      -146.464323038      -146.443679811    
  -146.422776182      -146.401608937      -146.380174824      -146.358470557    
  -146.336492810      -146.314238217      -146.291703377      -146.268884849    
  -146.245779152      -146.222382766      -146.198692133      -146.174703653    
  -146.150413687      -146.125818554      -146.100914534      -146.075697864    
  -146.050164742      -146.024311322      -145.998133716      -145.971627995    
  -145.944790186      -145.917616275      -145.890102204      -145.862243870    
  -145.834037129      -145.805477790      -145.776561621      -145.747284344    
  -145.717641635      -145.687629127      -145.657242407      -145.626477016    
  -145.595328452      -145.563792163      -145.531863553      -145.499537981    
  -145.466810756      -145.433677145      -145.400132363      -145.366171581    
  -145.331789923      -145.296982463      -145.261744230      -145.226070203    
  -145.189955314      -145.153394449      -145.116382441      -145.078914079    
  -145.040984102      -145.002587200      -144.963718014      -144.924371138    
  -144.884541115      -144.844222440      -144.803409559      -144.762096869    
  -144.720278719      -144.677949405      -144.635103178      -144.591734237    
  -144.547836733      -144.503404768      -144.458432394      -144.412913613    
  -144.366842379      -144.320212597      -144.273018121      -144.225252758    
  -144.176910264      -144.127984346      -144.078468664      -144.028356826    
  -143.977642394      -143.926318879      -143.874379745      -143.821818406    
  -143.768628227      -143.714802527      -143.660334573      -143.605217588    
  -143.549444743      -143.493009162      -143.435903923      -143.378122053    
  -143.319656535      -143.260500300      -143.200646235      -143.140087179    
  -143.078815921      -143.016825206      -142.954107730      -142.890656144    
  -142.826463049      -142.761521001      -142.695822509      -142.629360036    
  -142.562125996      -142.494112758      -142.425312645      -142.355717931    
  -142.285320846      -142.214113571      -142.142088241      -142.069236946    
  -141.995551727      -141.921024578      -141.845647448      -141.769412236    
  -141.692310797      -141.614334936      -141.535476410      -141.455726931    
  -141.375078160      -141.293521711      -141.211049149      -141.127651989    
  -141.043321699      -140.958049695      -140.871827344      -140.784645963    
  -140.696496816      -140.607371118      -140.517260032      -140.426154666    
  -140.334046078      -140.240925271      -140.146783195      -140.051610745    
  -139.955398760      -139.858138026      -139.759819270      -139.660433162    
  -139.559970317      -139.458421291      -139.355776579      -139.252026619    
  -139.147161790      -139.041172407      -138.934048728      -138.825780947    
  -138.716359198      -138.605773549      -138.494014008      -138.381070521    
  -138.266932966      -138.151591161      -138.035034858      -137.917253744    
  -137.798237443      -137.677975512      -137.556457445      -137.433672672    
  -137.309610554      -137.184260391      -137.057611416      -136.929652799    
  -136.800373643      -136.669762989      -136.537809811      -136.404503019    
  -136.269831461      -136.133783917      -135.996349104      -135.857515674    
  -135.717272214      -135.575607243      -135.432509217      -135.287966521    
  -135.141967474      -134.994500322      -134.845553243      -134.695114339    
  -134.543171637      -134.389713088      -134.234726562      -134.078199845    
  -133.920120640      -133.760476561      -133.599255133      -133.436443789    
  -133.272029870      -133.106000624      -132.938343207      -132.769044685    
  -132.598092043      -132.425472185      -132.251171953      -132.075178135    
  -131.897477489      -131.718056764      -131.536902733      -131.354002229    
  -131.169342192      -130.982909721      -130.794692138      -130.604677059    
  -130.412852478      -130.219206855      -130.023729222      -129.826409286    
  -129.627237547      -129.426205421      -129.223305359      -129.018530968    
  -128.811877130      -128.603340102      -128.392917610      -128.180608913    
  -127.966414850      -127.750337839      -127.532381854      -127.312552348    
  -127.090856129      -126.867301194      -126.641896509      -126.414651746    
  -126.185576969      -125.954682296      -125.721977527      -125.487471754    
  -125.251172969      -125.013087685      -124.773220567      -124.531574107    
  -124.288148337      -124.042940597      -123.795945360      -123.547154126    
  -123.296555376      -123.044134590      -122.789874332      -122.533754382    
  -122.275751928      -122.015841795      -121.753996718      -121.490187638    
  -121.224384031      -120.956554247      -120.686665863      -120.414686033    
  -120.140581843      -119.864320643      -119.585870365      -119.305199811    
  -119.022278912      -118.737078944      -118.449572712      -118.159734689    
  -117.867541114      -117.572970059      -117.276001459      -116.976617110    
  -116.674800652      -116.370537522      -116.063814896      -115.754621622    
  -115.442948135      -115.128786376      -114.812129697      -114.492972769    
  -114.171311488      -113.847142875      -113.520464985      -113.191276807    
  -112.859578174      -112.525369670      -112.188652547      -111.849428637    
  -111.507700277      -111.163470230      -110.816741621      -110.467517869    
  -110.115802633      -109.761599758      -109.404913230      -109.045747136    
  -108.684105634      -108.319992920      -107.953413214      -107.584370741    
  -107.212869724      -106.838914384      -106.462508940      -106.083657622    
  -105.702364685      -105.318634426      -104.932471218      -104.543879533    
  -104.152863986      -103.759429372      -103.363580716      -102.965323327    
  -102.564662859      -102.161605376      -101.756157436      -101.348326173    
  -100.938119405      -100.525545745      -100.110614742      -99.6933370387    
  -99.2737245533      -98.8517906955      -98.4275506088      -98.0010214492    
  -97.5722226948      -97.1411764864      -96.7079079930      -96.2724457903    
  -95.8348222412      -95.3950738551      -94.9532416039      -94.5093711632    
  -94.0635130496      -93.6157226082      -93.1660598361      -92.7145889917    
  -92.2613779562      -91.8064973775      -91.3500195480      -90.8920170403    
  -90.4325611506      -89.9717201719      -89.5095575718      -89.0461301502    
  -88.5814862663      -88.1156642439      -87.6486910662      -87.1805814752    
  -86.7113376012      -86.2409492035      -85.7693945854      -85.2966421866    
  -84.8226527778      -84.3473821130      -83.8707838231      -83.3928122971    
  -82.9134252927      -82.4325860576      -81.9502648180      -81.4664395842    
  -80.9810963149      -80.4942285596      -80.0058367408      -79.5159272501    
  -79.0245115145      -78.5316051486      -78.0372272642      -77.5413999605    
  -77.0441479805      -76.5454984959      -76.0454809684      -75.5441270386    
  -75.0414703957      -74.5375466022      -74.0323928534      -73.5260476707    
  -73.0185505372      -72.5099414874      -72.0002606734      -71.4895479251    
  -70.9778423246      -70.4651818118      -69.9516028345      -69.4371400543    
  -68.9218261151      -68.4056914787      -67.8887643306      -67.3710705535    
  -66.8526337675      -66.3334754327      -65.8136150064      -65.2930701488    
  -64.7718569660      -64.2499902807      -63.7274839175      -63.2043509920    
  -62.6806041909      -62.1562560355      -61.6313191234      -61.1058063514    
  -60.5797311333      -60.0531076398      -59.5259511065      -58.9982782754    
  -58.4701080647      -57.9414625653      -57.4123685161      -56.8828593728    
  -56.3529780771      -55.8227806573      -55.2923406110      -54.7617539610    
  -54.2311447274      -53.7006703162      -53.1705261524      -52.6409486823    
  -52.1122157350      -51.5846431693      -51.0585768393      -50.5343790571    
  -50.0124091211      -49.4929980937      -48.9764188303      -48.4628537153    
  -47.9523643177      -47.4448690105      -46.9401356760      -46.4377955636    
  -45.9373804558      -45.4383789623      -44.9403013078      -44.4427385297    
  -43.9454035868      -43.4481478949      -42.9509543208      -42.4539133823    
  -41.9571915504      -41.4609994651      -40.9655650955      -40.4711139890    
  -39.9778566720      -39.4859821565      -38.9956561432      -38.5070225491    
  -38.0202071684      -37.5353224800      -37.0524727937      -36.5717591040    
  -36.0932831944      -35.6171507127      -35.1434731075      -34.6723684600    
  -34.2039613501      -33.7383819589      -33.2757646324      -32.8162461217    
  -32.3599636858      -31.9070532044      -31.4576474055      -31.0118742761    
  -30.5698556945      -30.1317062979      -29.6975325838      -29.2674322345    
  -28.8414936460      -28.4197956419      -28.0024073524      -27.5893882389    
  -27.1807882451      -26.7766480593      -26.3769994718      -25.9818658135    
  -25.5912624624      -25.2051974050      -24.8236718406      -24.4466808155    
  -24.0742138751      -23.7062557217      -23.3427868671      -22.9837842638    
  -22.6292219182      -22.2790714518      -21.9333026387      -21.5918838888    
  -21.2547826794      -20.9219659793      -20.5934006055      -20.2690536021    
  -19.9488926167      -19.6328863007      -19.3210047850      -19.0132202157    
  -18.7095073883      -18.4098444684      -18.1142137843      -17.8226026465    
  -17.5350041241      -17.2514176759      -16.9718495103      -16.6963125284    
  -16.4248257065      -16.1574127896      -15.8941002194      -15.6349142895    
  -15.3798776192      -15.1290051471      -14.8822999486      -14.6397492683    
  -14.4013211934      -14.1669623749      -13.9365971220      -13.7101280451    
  -13.4874382478      -13.2683948760      -13.0528536681      -12.8406640466    
  -12.6316742543      -12.4257360814      -12.2227088309      -12.0224623061    
  -11.8248787504      -11.6298537926      -11.4372965453      -11.2471290532    
  -11.0592853002      -10.8737099694      -10.6903571132      -10.5091888497    
  -10.3301741583      -10.1532878138      -9.97850946823      -9.80582287477    
  -9.63521523525      -9.46667665064      -9.30019965255      -9.13577879790    
  -8.97341031249      -8.81309177294      -8.65482182057      -8.49859990389    
  -8.34442604811      -8.19230065133      -8.04222430807      -7.89419766028    
  -7.74822127582      -7.60429555374      -7.46242065626      -7.32259645981    
  -7.18482253798      -7.04909814482      -6.91542221731      -6.78379341141    
  -6.65421010142      -6.52667040384      -6.40117219743      -6.27771314072    
  -6.15629065673      -6.03690191295      -5.91954383676      -5.80421303486    
  -5.69090574269      -5.57961777957      -5.47034446067      -5.36308052918    
  -5.25782008230      -5.15455650896      -5.05328244299      -4.95398973897    
  -4.85666947693      -4.76131200077      -4.66790699337      -4.57644358927    
  -4.48691052202      -4.39929630021      -4.31358940191      -4.22977847337    
  -4.14785251371      -4.06780102481      -3.98961410293      -3.91328245015    
  -3.83879727959      -3.76615011117      -3.69533242414      -3.62633518392    
  -3.55914827377      -3.49375979746      -3.43015533951      -3.36831722131    
  -3.30822378172      -3.24984876207      -3.19316083371      -3.13812331571    
  -3.08469411016      -3.03282586733      -2.98246637349      -2.93355913693    
  -2.88604413227      -2.83985865314      -2.79493821801      -2.75121747492    
  -2.70863105601      -2.66711434233      -2.62660411051      -2.58703904516    
  -2.54836011224      -2.51051079821      -2.47343722747      -2.43708817545    
  -2.40141499785      -2.36637149702      -2.33191374625      -2.29799989104    
  -2.26458994446      -2.23164559128      -2.19913001374      -2.16700774931    
  -2.13524458967      -2.10380752800      -2.07266476091      -2.04178574933    
  -2.01114134195      -1.98070396242      -1.95044785989      -1.92034941980    
  -1.89038752907      -1.86054398646      -1.83080394510      -1.80115637093    
  -1.77159449719      -1.74211625198      -1.71272463452      -1.68342801446    
  -1.65424032959      -1.62518116000      -1.59627566153      -1.56755434185    
  -1.53905268484      -1.51081060997      -1.48287178319      -1.45528281269    
  -1.42809232286      -1.40134995219      -1.37510530906      -1.34940690661    
  -1.32430111448      -1.29983115357      -1.27603615947      -1.25295033501    
  -1.23060220783      -1.20901400425      -1.18820114612      -1.16817187386    
  -1.14892699567      -1.13045976077      -1.11275585288      -1.09579349951    
  -1.07954369192      -1.06397051081      -1.04903155288      -1.03467845311    
  -1.02085749774      -1.00751032233     -0.994574688063     -0.981985328319    
 -0.969674855412     -0.957574715218     -0.945616174909     -0.933731326478    
 -0.921854086455     -0.909921170411     -0.897873019719     -0.885654657916    
 -0.873216454907     -0.860514779308     -0.847512522450     -0.834179481618    
 -0.820492595012     -0.806436026185     -0.792001101054     -0.777186105730    
 -0.761995957876     -0.746441768068     -0.730540310251     -0.714313422076    
 -0.697787356355     -0.680992104470     -0.663960711221     -0.646728598634    
 -0.629332913804     -0.611811913103     -0.594204392313     -0.576549169506    
 -0.558884624901     -0.541248299717     -0.523676554051     -0.506204282226    
 -0.488864682811     -0.471689079578     -0.454706789051     -0.437945029945    
 -0.421428869617     -0.405181202716     -0.389222757345     -0.373572124330    
 -0.358245805516     -0.343258277369     -0.328622066554     -0.314347834564    
 -0.300444468833     -0.286919178150     -0.273777590512     -0.261023851874    
 -0.248660724528     -0.236689684075     -0.225111014208     -0.213923898661    
 -0.203126509881     -0.192716094083     -0.182689052499     -0.173041018664    
 -0.163766931742     -0.154861105850     -0.146317295498     -0.138128757196    
 -0.130288307375     -0.122788376753     -0.115621061300     -0.108778169958    
 -0.102251269274     -0.960317251127E-01 -0.901107415918E-01 -0.844793973919E-01
 -0.791286796065E-01 -0.740495152172E-01 -0.692328003800E-01 -0.646694275994E-01
 -0.603503109134E-01 -0.562664092034E-01 -0.524087477073E-01 -0.487684378437E-01
 -0.453366954038E-01 -0.421048572162E-01 -0.390643963342E-01 -0.362069358244E-01
 -0.335242612096E-01 -0.310083316396E-01 -0.286512898212E-01 -0.264454707931E-01
 -0.243834095639E-01 -0.224578476881E-01 -0.206617388192E-01 -0.189882532706E-01
 -0.174307816675E-01 -0.159829376961E-01 -0.146385600151E-01 -0.133917133871E-01
 -0.122366890206E-01 -0.111680043267E-01 -0.101804014289E-01 -0.926885037669E-02
 -0.842858043677E-02 -0.765496016712E-02 -0.737896670481E-02 -0.747175311577E-02
 -0.756572112405E-02 -0.766088133179E-02 -0.775724427507E-02 -0.785481929114E-02
 -0.795362140823E-02 -0.805366616777E-02 -0.815496923371E-02 -0.825754646186E-02
 -0.836141389789E-02 -0.846658778570E-02 -0.857308457518E-02 -0.868092090721E-02
 -0.879011363671E-02 -0.890067983519E-02 -0.901263677636E-02 -0.912600195596E-02
 -0.924079309164E-02 -0.935702812004E-02 -0.947472520437E-02 -0.959390273431E-02
 -0.971457933122E-02 -0.983677384895E-02 -0.996050538558E-02 -0.100857932725E-01
 -0.102126570857E-01 -0.103411166509E-01 -0.104711920372E-01 -0.106029035691E-01
 -0.107362718308E-01 -0.108713176543E-01 -0.110080621494E-01 -0.111465266753E-01
 -0.112867328707E-01 -0.114287026454E-01 -0.115724581769E-01 -0.117180219304E-01
 -0.118654166513E-01 -0.120146653697E-01 -0.121657914045E-01 -0.123188183728E-01
 -0.124737701836E-01 -0.126306710461E-01 -0.127895454795E-01 -0.129504183072E-01
 -0.131133146660E-01 -0.132782600113E-01 -0.134452801086E-01 -0.136144010658E-01
 -0.137856492995E-01 -0.139590515701E-01 -0.141346349729E-01 -0.143124269426E-01
 -0.144924552611E-01 -0.146747480583E-01 -0.148593338161E-01 -0.150462413762E-01
 -0.152354999422E-01 -0.154271390915E-01 -0.156211887640E-01 -0.158176792781E-01
 -0.160166413426E-01 -0.162181060388E-01 -0.164221048470E-01 -0.166286696474E-01
 -0.168378327110E-01 -0.170496267269E-01 -0.172640847785E-01 -0.174812403848E-01
 -0.177011274698E-01 -0.179237803895E-01 -0.181492339449E-01 -0.183775233537E-01
 -0.186086842939E-01 -0.188427528731E-01 -0.190797656812E-01 -0.193197597378E-01
 -0.195627725465E-01 -0.198088420868E-01 -0.200580067952E-01 -0.203103056088E-01
 -0.205657779569E-01 -0.208244637460E-01 -0.210864034074E-01 -0.213516378576E-01
 -0.216202085471E-01 -0.218921574447E-01 -0.221675270340E-01 -0.224463603545E-01
 -0.227287009587E-01 -0.230145929678E-01 -0.233040810606E-01 -0.235972104655E-01
 -0.238940269867E-01 -0.241945769945E-01 -0.244989074613E-01 -0.248070659260E-01
 -0.251191005543E-01 -0.254350600912E-01 -0.257549939190E-01 -0.260789520089E-01
 -0.264069849952E-01 -0.267391441255E-01 -0.270754813019E-01 -0.274160490803E-01
 -0.277609006735E-01 -0.281100899711E-01 -0.284636715203E-01 -0.288217005885E-01
 -0.291842330967E-01 -0.295513257139E-01 -0.299230357797E-01 -0.302994213812E-01
 -0.306805413397E-01 -0.310664551862E-01 -0.314572232376E-01 -0.318529065496E-01
 -0.322535669405E-01 -0.326592670164E-01 -0.330700701734E-01 -0.334860406020E-01
 -0.339072432851E-01 -0.343337440514E-01 -0.347656095403E-01 -0.352029072223E-01
 -0.356457054321E-01 -0.360940733709E-01 -0.365480810699E-01 -0.370077994899E-01
 -0.374733004464E-01 -0.379446566858E-01 -0.384219418705E-01 -0.389052305448E-01
 -0.393945982582E-01 -0.398901214556E-01 -0.403918775637E-01 -0.408999449833E-01
 -0.414144031038E-01 -0.419353323171E-01 -0.424628140194E-01
Up potential follows (l on next line)
 1
  -147.966259030      -148.082230946      -147.919267178      -148.028130683    
  -147.989811572      -148.001045298      -147.990048570      -147.995136727    
  -147.992674011      -147.992146752      -147.991355311      -147.990573192    
  -147.989786016      -147.989001038      -147.988214586      -147.987428069    
  -147.986640806      -147.985852881      -147.985064138      -147.984274494    
  -147.983483850      -147.982692115      -147.981899196      -147.981105006    
  -147.980309456      -147.979512463      -147.978713941      -147.977913811    
  -147.977111993      -147.976308408      -147.975502983      -147.974695642    
  -147.973886315      -147.973074933      -147.972261429      -147.971445739    
  -147.970627800      -147.969807553      -147.968984941      -147.968159911    
  -147.967332410      -147.966502390      -147.965669806      -147.964834616    
  -147.963996780      -147.963156263      -147.962313032      -147.961467059    
  -147.960618319      -147.959766789      -147.958912454      -147.958055299    
  -147.957195316      -147.956332500      -147.955466849      -147.954598368    
  -147.953727066      -147.952852956      -147.951976057      -147.951096390    
  -147.950213986      -147.949328877      -147.948441102      -147.947550705    
  -147.946657735      -147.945762248      -147.944864304      -147.943963969    
  -147.943061315      -147.942156420      -147.941249367      -147.940340244    
  -147.939429146      -147.938516173      -147.937601430      -147.936685029    
  -147.935767084      -147.934847718      -147.933927057      -147.933005230    
  -147.932082373      -147.931158626      -147.930234131      -147.929309034    
  -147.928383484      -147.927457634      -147.926531636      -147.925605646    
  -147.924679818      -147.923754307      -147.922829270      -147.921904857    
  -147.920981220      -147.920058506      -147.919136856      -147.918216407    
  -147.917297290      -147.916379626      -147.915463528      -147.914549099    
  -147.913636428      -147.912725593      -147.911816656      -147.910909661    
  -147.910004638      -147.909101592      -147.908200512      -147.907301359    
  -147.906404074      -147.905508567      -147.904614723      -147.903722397    
  -147.902831411      -147.901941554      -147.901052583      -147.900164214    
  -147.899276131      -147.898387974      -147.897499347      -147.896609811    
  -147.895718884      -147.894826042      -147.893930718      -147.893032300    
  -147.892130133      -147.891223516      -147.890311703      -147.889393908    
  -147.888469298      -147.887536999      -147.886596094      -147.885645628    
  -147.884684605      -147.883711994      -147.882726726      -147.881727700    
  -147.880713785      -147.879683821      -147.878636621      -147.877570976    
  -147.876485656      -147.875379414      -147.874250989      -147.873099108    
  -147.871922492      -147.870719854      -147.869489908      -147.868231367    
  -147.866942952      -147.865623388      -147.864271412      -147.862885774    
  -147.861465239      -147.860008591      -147.858514633      -147.856982193    
  -147.855410122      -147.853797296      -147.852142622      -147.850445033    
  -147.848703493      -147.846916998      -147.845084576      -147.843205285    
  -147.841278216      -147.839302495      -147.837277278      -147.835201753    
  -147.833075142      -147.830896695      -147.828665694      -147.826381452    
  -147.824043307      -147.821650626      -147.819202803      -147.816699256    
  -147.814139427      -147.811522779      -147.808848796      -147.806116983    
  -147.803326860      -147.800477965      -147.797569850      -147.794602080    
  -147.791574233      -147.788485895      -147.785336662      -147.782126138    
  -147.778853930      -147.775519652      -147.772122921      -147.768663355    
  -147.765140574      -147.761554194      -147.757903834      -147.754189108    
  -147.750409625      -147.746564991      -147.742654806      -147.738678664    
  -147.734636150      -147.730526842      -147.726350309      -147.722106111    
  -147.717793795      -147.713412900      -147.708962954      -147.704443470    
  -147.699853951      -147.695193886      -147.690462753      -147.685660013    
  -147.680785114      -147.675837491      -147.670816564      -147.665721736    
  -147.660552396      -147.655307920      -147.649987664      -147.644590971    
  -147.639117167      -147.633565562      -147.627935449      -147.622226106    
  -147.616436791      -147.610566750      -147.604615208      -147.598581374    
  -147.592464442      -147.586263586      -147.579977963      -147.573606714    
  -147.567148961      -147.560603810      -147.553970349      -147.547247645    
  -147.540434753      -147.533530704      -147.526534515      -147.519445185    
  -147.512261691      -147.504982996      -147.497608042      -147.490135755    
  -147.482565039      -147.474894782      -147.467123853      -147.459251102    
  -147.451275359      -147.443195436      -147.435010126      -147.426718203    
  -147.418318421      -147.409809514      -147.401190198      -147.392459168    
  -147.383615099      -147.374656647      -147.365582448      -147.356391116    
  -147.347081247      -147.337651415      -147.328100173      -147.318426054    
  -147.308627570      -147.298703212      -147.288651447      -147.278470725    
  -147.268159470      -147.257716087      -147.247138958      -147.236426442    
  -147.225576877      -147.214588578      -147.203459835      -147.192188918    
  -147.180774071      -147.169213518      -147.157505455      -147.145648058    
  -147.133639476      -147.121477835      -147.109161237      -147.096687757    
  -147.084055448      -147.071262334      -147.058306417      -147.045185671    
  -147.031898044      -147.018441460      -147.004813813      -146.991012972    
  -146.977036780      -146.962883051      -146.948549572      -146.934034101    
  -146.919334370      -146.904448081      -146.889372908      -146.874106495    
  -146.858646459      -146.842990384      -146.827135827      -146.811080315    
  -146.794821341      -146.778356373      -146.761682842      -146.744798152    
  -146.727699673      -146.710384745      -146.692850674      -146.675094734    
  -146.657114167      -146.638906182      -146.620467952      -146.601796620    
  -146.582889292      -146.563743041      -146.544354904      -146.524721886    
  -146.504840954      -146.484709039      -146.464323038      -146.443679811    
  -146.422776182      -146.401608937      -146.380174824      -146.358470557    
  -146.336492810      -146.314238217      -146.291703377      -146.268884849    
  -146.245779152      -146.222382766      -146.198692133      -146.174703653    
  -146.150413687      -146.125818554      -146.100914534      -146.075697864    
  -146.050164742      -146.024311322      -145.998133716      -145.971627995    
  -145.944790186      -145.917616275      -145.890102204      -145.862243870    
  -145.834037129      -145.805477790      -145.776561621      -145.747284344    
  -145.717641635      -145.687629127      -145.657242407      -145.626477016    
  -145.595328452      -145.563792163      -145.531863553      -145.499537981    
  -145.466810756      -145.433677145      -145.400132363      -145.366171581    
  -145.331789923      -145.296982463      -145.261744230      -145.226070203    
  -145.189955314      -145.153394449      -145.116382441      -145.078914079    
  -145.040984102      -145.002587200      -144.963718014      -144.924371138    
  -144.884541115      -144.844222440      -144.803409559      -144.762096869    
  -144.720278719      -144.677949405      -144.635103178      -144.591734237    
  -144.547836733      -144.503404768      -144.458432394      -144.412913613    
  -144.366842379      -144.320212597      -144.273018121      -144.225252758    
  -144.176910264      -144.127984346      -144.078468664      -144.028356826    
  -143.977642394      -143.926318879      -143.874379745      -143.821818406    
  -143.768628227      -143.714802527      -143.660334573      -143.605217588    
  -143.549444743      -143.493009162      -143.435903923      -143.378122053    
  -143.319656535      -143.260500300      -143.200646235      -143.140087179    
  -143.078815921      -143.016825206      -142.954107730      -142.890656144    
  -142.826463049      -142.761521001      -142.695822509      -142.629360036    
  -142.562125996      -142.494112758      -142.425312645      -142.355717931    
  -142.285320846      -142.214113571      -142.142088241      -142.069236946    
  -141.995551727      -141.921024578      -141.845647448      -141.769412236    
  -141.692310797      -141.614334936      -141.535476410      -141.455726931    
  -141.375078160      -141.293521711      -141.211049149      -141.127651989    
  -141.043321699      -140.958049695      -140.871827344      -140.784645963    
  -140.696496816      -140.607371118      -140.517260032      -140.426154666    
  -140.334046078      -140.240925271      -140.146783195      -140.051610745    
  -139.955398760      -139.858138026      -139.759819270      -139.660433162    
  -139.559970317      -139.458421291      -139.355776579      -139.252026619    
  -139.147161790      -139.041172407      -138.934048728      -138.825780947    
  -138.716359198      -138.605773549      -138.494014008      -138.381070521    
  -138.266932966      -138.151591161      -138.035034858      -137.917253744    
  -137.798237443      -137.677975512      -137.556457445      -137.433672672    
  -137.309610554      -137.184260391      -137.057611416      -136.929652799    
  -136.800373643      -136.669762989      -136.537809811      -136.404503019    
  -136.269831461      -136.133783917      -135.996349104      -135.857515674    
  -135.717272214      -135.575607243      -135.432509217      -135.287966521    
  -135.141967474      -134.994500322      -134.845553243      -134.695114339    
  -134.543171637      -134.389713088      -134.234726562      -134.078199845    
  -133.920120640      -133.760476561      -133.599255133      -133.436443789    
  -133.272029870      -133.106000624      -132.938343207      -132.769044685    
  -132.598092043      -132.425472185      -132.251171953      -132.075178135    
  -131.897477489      -131.718056764      -131.536902733      -131.354002229    
  -131.169342192      -130.982909721      -130.794692138      -130.604677059    
  -130.412852478      -130.219206855      -130.023729222      -129.826409286    
  -129.627237547      -129.426205421      -129.223305359      -129.018530968    
  -128.811877130      -128.603340102      -128.392917610      -128.180608913    
  -127.966414850      -127.750337839      -127.532381854      -127.312552348    
  -127.090856129      -126.867301194      -126.641896509      -126.414651746    
  -126.185576969      -125.954682296      -125.721977527      -125.487471754    
  -125.251172969      -125.013087685      -124.773220567      -124.531574107    
  -124.288148337      -124.042940597      -123.795945360      -123.547154126    
  -123.296555376      -123.044134590      -122.789874332      -122.533754382    
  -122.275751928      -122.015841795      -121.753996718      -121.490187638    
  -121.224384031      -120.956554247      -120.686665863      -120.414686033    
  -120.140581843      -119.864320643      -119.585870365      -119.305199811    
  -119.022278912      -118.737078944      -118.449572712      -118.159734689    
  -117.867541114      -117.572970059      -117.276001459      -116.976617110    
  -116.674800652      -116.370537522      -116.063814896      -115.754621622    
  -115.442948135      -115.128786376      -114.812129697      -114.492972769    
  -114.171311488      -113.847142875      -113.520464985      -113.191276807    
  -112.859578174      -112.525369670      -112.188652547      -111.849428637    
  -111.507700277      -111.163470230      -110.816741621      -110.467517869    
  -110.115802633      -109.761599758      -109.404913230      -109.045747136    
  -108.684105634      -108.319992920      -107.953413214      -107.584370741    
  -107.212869724      -106.838914384      -106.462508940      -106.083657622    
  -105.702364685      -105.318634426      -104.932471218      -104.543879533    
  -104.152863986      -103.759429372      -103.363580716      -102.965323327    
  -102.564662859      -102.161605376      -101.756157436      -101.348326173    
  -100.938119405      -100.525545745      -100.110614742      -99.6933370387    
  -99.2737245533      -98.8517906955      -98.4275506088      -98.0010214492    
  -97.5722226948      -97.1411764864      -96.7079079930      -96.2724457903    
  -95.8348222412      -95.3950738551      -94.9532416039      -94.5093711632    
  -94.0635130496      -93.6157226082      -93.1660598361      -92.7145889917    
  -92.2613779562      -91.8064973775      -91.3500195480      -90.8920170403    
  -90.4325611506      -89.9717201719      -89.5095575718      -89.0461301502    
  -88.5814862663      -88.1156642439      -87.6486910662      -87.1805814752    
  -86.7113376012      -86.2409492035      -85.7693945854      -85.2966421866    
  -84.8226527778      -84.3473821130      -83.8707838231      -83.3928122971    
  -82.9134252927      -82.4325860576      -81.9502648180      -81.4664395842    
  -80.9810963149      -80.4942285596      -80.0058367408      -79.5159272501    
  -79.0245115145      -78.5316051486      -78.0372272642      -77.5413999605    
  -77.0441479805      -76.5454984959      -76.0454809684      -75.5441270386    
  -75.0414703957      -74.5375466022      -74.0323928534      -73.5260476707    
  -73.0185505372      -72.5099414874      -72.0002606734      -71.4895479251    
  -70.9778423246      -70.4651818118      -69.9516028345      -69.4371400543    
  -68.9218261151      -68.4056914787      -67.8887643306      -67.3710705535    
  -66.8526337675      -66.3334754327      -65.8136150064      -65.2930701488    
  -64.7718569660      -64.2499902807      -63.7274839175      -63.2043509920    
  -62.6806041909      -62.1562560355      -61.6313191234      -61.1058063514    
  -60.5797311333      -60.0531076398      -59.5259511065      -58.9982782754    
  -58.4701080647      -57.9414625653      -57.4123685161      -56.8828593728    
  -56.3529780771      -55.8227806573      -55.2923406110      -54.7617539610    
  -54.2311447274      -53.7006703162      -53.1705261524      -52.6409486823    
  -52.1122157350      -51.5846431693      -51.0585768393      -50.5343790571    
  -50.0124091211      -49.4929980937      -48.9764188303      -48.4628537153    
  -47.9523643177      -47.4448690105      -46.9401356760      -46.4377955636    
  -45.9373804558      -45.4383789623      -44.9403013078      -44.4427385297    
  -43.9454035868      -43.4481478949      -42.9509543208      -42.4539133823    
  -41.9571915504      -41.4609994651      -40.9655650955      -40.4711139890    
  -39.9778566720      -39.4859821565      -38.9956561432      -38.5070225491    
  -38.0202071684      -37.5353224800      -37.0524727937      -36.5717591040    
  -36.0932831944      -35.6171507127      -35.1434731075      -34.6723684600    
  -34.2039613501      -33.7383819589      -33.2757646324      -32.8162461217    
  -32.3599636858      -31.9070532044      -31.4576474055      -31.0118742761    
  -30.5698556945      -30.1317062979      -29.6975325838      -29.2674322345    
  -28.8414936460      -28.4197956419      -28.0024073524      -27.5893882389    
  -27.1807882451      -26.7766480593      -26.3769994718      -25.9818658135    
  -25.5912624624      -25.2051974050      -24.8236718406      -24.4466808155    
  -24.0742138751      -23.7062557217      -23.3427868671      -22.9837842638    
  -22.6292219182      -22.2790714518      -21.9333026387      -21.5918838888    
  -21.2547826794      -20.9219659793      -20.5934006055      -20.2690536021    
  -19.9488926167      -19.6328863007      -19.3210047850      -19.0132202157    
  -18.7095073883      -18.4098444684      -18.1142137843      -17.8226026465    
  -17.5350041241      -17.2514176759      -16.9718495103      -16.6963125284    
  -16.4248257065      -16.1574127896      -15.8941002194      -15.6349142895    
  -15.3798776192      -15.1290051471      -14.8822999486      -14.6397492683    
  -14.4013211934      -14.1669623749      -13.9365971220      -13.7101280451    
  -13.4874382478      -13.2683948760      -13.0528536681      -12.8406640466    
  -12.6316742543      -12.4257360814      -12.2227088309      -12.0224623061    
  -11.8248787504      -11.6298537926      -11.4372965453      -11.2471290532    
  -11.0592853002      -10.8737099694      -10.6903571132      -10.5091888497    
  -10.3301741583      -10.1532878138      -9.97850946823      -9.80582287477    
  -9.63521523525      -9.46667665064      -9.30019965255      -9.13577879790    
  -8.97341031249      -8.81309177294      -8.65482182057      -8.49859990389    
  -8.34442604811      -8.19230065133      -8.04222430807      -7.89419766028    
  -7.74822127582      -7.60429555374      -7.46242065626      -7.32259645981    
  -7.18482253798      -7.04909814482      -6.91542221731      -6.78379341141    
  -6.65421010142      -6.52667040384      -6.40117219743      -6.27771314072    
  -6.15629065673      -6.03690191295      -5.91954383676      -5.80421303486    
  -5.69090574269      -5.57961777957      -5.47034446067      -5.36308052918    
  -5.25782008230      -5.15455650896      -5.05328244299      -4.95398973897    
  -4.85666947693      -4.76131200077      -4.66790699337      -4.57644358927    
  -4.48691052202      -4.39929630021      -4.31358940191      -4.22977847337    
  -4.14785251371      -4.06780102481      -3.98961410293      -3.91328245015    
  -3.83879727959      -3.76615011117      -3.69533242414      -3.62633518392    
  -3.55914827377      -3.49375979746      -3.43015533951      -3.36831722131    
  -3.30822378172      -3.24984876207      -3.19316083371      -3.13812331571    
  -3.08469411016      -3.03282586733      -2.98246637349      -2.93355913693    
  -2.88604413227      -2.83985865314      -2.79493821801      -2.75121747492    
  -2.70863105601      -2.66711434233      -2.62660411051      -2.58703904516    
  -2.54836011224      -2.51051079821      -2.47343722747      -2.43708817545    
  -2.40141499785      -2.36637149702      -2.33191374625      -2.29799989104    
  -2.26458994446      -2.23164559128      -2.19913001374      -2.16700774931    
  -2.13524458967      -2.10380752800      -2.07266476091      -2.04178574933    
  -2.01114134195      -1.98070396242      -1.95044785989      -1.92034941980    
  -1.89038752907      -1.86054398646      -1.83080394510      -1.80115637093    
  -1.77159449719      -1.74211625198      -1.71272463452      -1.68342801446    
  -1.65424032959      -1.62518116000      -1.59627566153      -1.56755434185    
  -1.53905268484      -1.51081060997      -1.48287178319      -1.45528281269    
  -1.42809232286      -1.40134995219      -1.37510530906      -1.34940690661    
  -1.32430111448      -1.29983115357      -1.27603615947      -1.25295033501    
  -1.23060220783      -1.20901400425      -1.18820114612      -1.16817187386    
  -1.14892699567      -1.13045976077      -1.11275585288      -1.09579349951    
  -1.07954369192      -1.06397051081      -1.04903155288      -1.03467845311    
  -1.02085749774      -1.00751032233     -0.994574688063     -0.981985328319    
 -0.969674855412     -0.957574715218     -0.945616174909     -0.933731326478    
 -0.921854086455     -0.909921170411     -0.897873019719     -0.885654657916    
 -0.873216454907     -0.860514779308     -0.847512522450     -0.834179481618    
 -0.820492595012     -0.806436026185     -0.792001101054     -0.777186105730    
 -0.761995957876     -0.746441768068     -0.730540310251     -0.714313422076    
 -0.697787356355     -0.680992104470     -0.663960711221     -0.646728598634    
 -0.629332913804     -0.611811913103     -0.594204392313     -0.576549169506    
 -0.558884624901     -0.541248299717     -0.523676554051     -0.506204282226    
 -0.488864682811     -0.471689079578     -0.454706789051     -0.437945029945    
 -0.421428869617     -0.405181202716     -0.389222757345     -0.373572124330    
 -0.358245805516     -0.343258277369     -0.328622066554     -0.314347834564    
 -0.300444468833     -0.286919178150     -0.273777590512     -0.261023851874    
 -0.248660724528     -0.236689684075     -0.225111014208     -0.213923898661    
 -0.203126509881     -0.192716094083     -0.182689052499     -0.173041018664    
 -0.163766931742     -0.154861105850     -0.146317295498     -0.138128757196    
 -0.130288307375     -0.122788376753     -0.115621061300     -0.108778169958    
 -0.102251269274     -0.960317251127E-01 -0.901107415918E-01 -0.844793973919E-01
 -0.791286796065E-01 -0.740495152172E-01 -0.692328003800E-01 -0.646694275994E-01
 -0.603503109134E-01 -0.562664092034E-01 -0.524087477073E-01 -0.487684378437E-01
 -0.453366954038E-01 -0.421048572162E-01 -0.390643963342E-01 -0.362069358244E-01
 -0.335242612096E-01 -0.310083316396E-01 -0.286512898212E-01 -0.264454707931E-01
 -0.243834095639E-01 -0.224578476881E-01 -0.206617388192E-01 -0.189882532706E-01
 -0.174307816675E-01 -0.159829376961E-01 -0.146385600151E-01 -0.133917133871E-01
 -0.122366890206E-01 -0.111680043267E-01 -0.101804014289E-01 -0.926885037669E-02
 -0.842858043677E-02 -0.765496016712E-02 -0.737896670481E-02 -0.747175311577E-02
 -0.756572112405E-02 -0.766088133179E-02 -0.775724427507E-02 -0.785481929114E-02
 -0.795362140823E-02 -0.805366616777E-02 -0.815496923371E-02 -0.825754646186E-02
 -0.836141389789E-02 -0.846658778570E-02 -0.857308457518E-02 -0.868092090721E-02
 -0.879011363671E-02 -0.890067983519E-02 -0.901263677636E-02 -0.912600195596E-02
 -0.924079309164E-02 -0.935702812004E-02 -0.947472520437E-02 -0.959390273431E-02
 -0.971457933122E-02 -0.983677384895E-02 -0.996050538558E-02 -0.100857932725E-01
 -0.102126570857E-01 -0.103411166509E-01 -0.104711920372E-01 -0.106029035691E-01
 -0.107362718308E-01 -0.108713176543E-01 -0.110080621494E-01 -0.111465266753E-01
 -0.112867328707E-01 -0.114287026454E-01 -0.115724581769E-01 -0.117180219304E-01
 -0.118654166513E-01 -0.120146653697E-01 -0.121657914045E-01 -0.123188183728E-01
 -0.124737701836E-01 -0.126306710461E-01 -0.127895454795E-01 -0.129504183072E-01
 -0.131133146660E-01 -0.132782600113E-01 -0.134452801086E-01 -0.136144010658E-01
 -0.137856492995E-01 -0.139590515701E-01 -0.141346349729E-01 -0.143124269426E-01
 -0.144924552611E-01 -0.146747480583E-01 -0.148593338161E-01 -0.150462413762E-01
 -0.152354999422E-01 -0.154271390915E-01 -0.156211887640E-01 -0.158176792781E-01
 -0.160166413426E-01 -0.162181060388E-01 -0.164221048470E-01 -0.166286696474E-01
 -0.168378327110E-01 -0.170496267269E-01 -0.172640847785E-01 -0.174812403848E-01
 -0.177011274698E-01 -0.179237803895E-01 -0.181492339449E-01 -0.183775233537E-01
 -0.186086842939E-01 -0.188427528731E-01 -0.190797656812E-01 -0.193197597378E-01
 -0.195627725465E-01 -0.198088420868E-01 -0.200580067952E-01 -0.203103056088E-01
 -0.205657779569E-01 -0.208244637460E-01 -0.210864034074E-01 -0.213516378576E-01
 -0.216202085471E-01 -0.218921574447E-01 -0.221675270340E-01 -0.224463603545E-01
 -0.227287009587E-01 -0.230145929678E-01 -0.233040810606E-01 -0.235972104655E-01
 -0.238940269867E-01 -0.241945769945E-01 -0.244989074613E-01 -0.248070659260E-01
 -0.251191005543E-01 -0.254350600912E-01 -0.257549939190E-01 -0.260789520089E-01
 -0.264069849952E-01 -0.267391441255E-01 -0.270754813019E-01 -0.274160490803E-01
 -0.277609006735E-01 -0.281100899711E-01 -0.284636715203E-01 -0.288217005885E-01
 -0.291842330967E-01 -0.295513257139E-01 -0.299230357797E-01 -0.302994213812E-01
 -0.306805413397E-01 -0.310664551862E-01 -0.314572232376E-01 -0.318529065496E-01
 -0.322535669405E-01 -0.326592670164E-01 -0.330700701734E-01 -0.334860406020E-01
 -0.339072432851E-01 -0.343337440514E-01 -0.347656095403E-01 -0.352029072223E-01
 -0.356457054321E-01 -0.360940733709E-01 -0.365480810699E-01 -0.370077994899E-01
 -0.374733004464E-01 -0.379446566858E-01 -0.384219418705E-01 -0.389052305448E-01
 -0.393945982582E-01 -0.398901214556E-01 -0.403918775637E-01 -0.408999449833E-01
 -0.414144031038E-01 -0.419353323171E-01 -0.424628140194E-01
