 Raios
  0.421336001830E-06  0.847971758142E-06  0.127997393164E-05  0.171741002354E-05
  0.216034838413E-05  0.260885822342E-05  0.306300962199E-05  0.352287354192E-05
  0.398852183788E-05  0.446002726837E-05  0.493746350706E-05  0.542090515435E-05
  0.591042774897E-05  0.640610777983E-05  0.690802269793E-05  0.741625092851E-05
  0.793087188325E-05  0.845196597274E-05  0.897961461898E-05  0.951390026815E-05
  0.100549064035E-04  0.106027175582E-04  0.111574193291E-04  0.117190983893E-04
  0.122878425023E-04  0.128637405356E-04  0.134468824743E-04  0.140373594358E-04
  0.146352636830E-04  0.152406886399E-04  0.158537289052E-04  0.164744802678E-04
  0.171030397213E-04  0.177395054795E-04  0.183839769913E-04  0.190365549569E-04
  0.196973413427E-04  0.203664393981E-04  0.210439536710E-04  0.217299900243E-04
  0.224246556526E-04  0.231280590989E-04  0.238403102713E-04  0.245615204606E-04
  0.252918023573E-04  0.260312700695E-04  0.267800391404E-04  0.275382265668E-04
  0.283059508171E-04  0.290833318496E-04  0.298704911317E-04  0.306675516587E-04
  0.314746379730E-04  0.322918761833E-04  0.331193939848E-04  0.339573206790E-04
  0.348057871934E-04  0.356649261028E-04  0.365348716493E-04  0.374157597637E-04
  0.383077280866E-04  0.392109159898E-04  0.401254645983E-04  0.410515168121E-04
  0.419892173288E-04  0.429387126660E-04  0.439001511844E-04  0.448736831105E-04
  0.458594605608E-04  0.468576375649E-04  0.478683700902E-04  0.488918160655E-04
  0.499281354065E-04  0.509774900400E-04  0.520400439300E-04  0.531159631026E-04
  0.542054156723E-04  0.553085718684E-04  0.564256040613E-04  0.575566867894E-04
  0.587019967869E-04  0.598617130107E-04  0.610360166687E-04  0.622250912485E-04
  0.634291225452E-04  0.646482986912E-04  0.658828101853E-04  0.671328499224E-04
  0.683986132238E-04  0.696802978675E-04  0.709781041194E-04  0.722922347643E-04
  0.736228951379E-04  0.749702931585E-04  0.763346393598E-04  0.777161469237E-04
  0.791150317135E-04  0.805315123079E-04  0.819658100348E-04  0.834181490061E-04
  0.848887561529E-04  0.863778612603E-04  0.878856970042E-04  0.894124989869E-04
  0.909585057743E-04  0.925239589333E-04  0.941091030689E-04  0.957141858632E-04
  0.973394581137E-04  0.989851737724E-04  0.100651589986E-03  0.102338967135E-03
  0.104047568875E-03  0.105777662180E-03  0.107529517380E-03  0.109303408205E-03
  0.111099611830E-03  0.112918408916E-03  0.114760083652E-03  0.116624923805E-03
  0.118513220759E-03  0.120425269566E-03  0.122361368985E-03  0.124321821537E-03
  0.126306933546E-03  0.128317015191E-03  0.130352380550E-03  0.132413347654E-03
  0.134500238533E-03  0.136613379267E-03  0.138753100040E-03  0.140919735187E-03
  0.143113623249E-03  0.145335107025E-03  0.147584533628E-03  0.149862254534E-03
  0.152168625643E-03  0.154504007328E-03  0.156868764499E-03  0.159263266653E-03
  0.161687887937E-03  0.164143007202E-03  0.166629008065E-03  0.169146278970E-03
  0.171695213246E-03  0.174276209167E-03  0.176889670020E-03  0.179536004165E-03
  0.182215625095E-03  0.184928951507E-03  0.187676407364E-03  0.190458421961E-03
  0.193275429994E-03  0.196127871626E-03  0.199016192557E-03  0.201940844092E-03
  0.204902283216E-03  0.207900972657E-03  0.210937380969E-03  0.214011982596E-03
  0.217125257950E-03  0.220277693487E-03  0.223469781782E-03  0.226702021604E-03
  0.229974917999E-03  0.233288982363E-03  0.236644732524E-03  0.240042692826E-03
  0.243483394207E-03  0.246967374284E-03  0.250495177436E-03  0.254067354888E-03
  0.257684464801E-03  0.261347072356E-03  0.265055749843E-03  0.268811076750E-03
  0.272613639854E-03  0.276464033314E-03  0.280362858762E-03  0.284310725397E-03
  0.288308250080E-03  0.292356057434E-03  0.296454779937E-03  0.300605058023E-03
  0.304807540180E-03  0.309062883055E-03  0.313371751554E-03  0.317734818947E-03
  0.322152766972E-03  0.326626285942E-03  0.331156074853E-03  0.335742841495E-03
  0.340387302559E-03  0.345090183751E-03  0.349852219906E-03  0.354674155102E-03
  0.359556742777E-03  0.364500745844E-03  0.369506936814E-03  0.374576097914E-03
  0.379709021212E-03  0.384906508737E-03  0.390169372606E-03  0.395498435154E-03
  0.400894529057E-03  0.406358497465E-03  0.411891194136E-03  0.417493483563E-03
  0.423166241116E-03  0.428910353176E-03  0.434726717270E-03  0.440616242219E-03
  0.446579848271E-03  0.452618467254E-03  0.458733042712E-03  0.464924530062E-03
  0.471193896735E-03  0.477542122333E-03  0.483970198779E-03  0.490479130474E-03
  0.497069934450E-03  0.503743640535E-03  0.510501291508E-03  0.517343943266E-03
  0.524272664988E-03  0.531288539301E-03  0.538392662448E-03  0.545586144465E-03
  0.552870109346E-03  0.560245695226E-03  0.567714054556E-03  0.575276354282E-03
  0.582933776029E-03  0.590687516284E-03  0.598538786585E-03  0.606488813709E-03
  0.614538839864E-03  0.622690122883E-03  0.630943936420E-03  0.639301570151E-03
  0.647764329973E-03  0.656333538209E-03  0.665010533816E-03  0.673796672591E-03
  0.682693327388E-03  0.691701888325E-03  0.700823763010E-03  0.710060376753E-03
  0.719413172795E-03  0.728883612529E-03  0.738473175729E-03  0.748183360786E-03
  0.758015684935E-03  0.767971684497E-03  0.778052915117E-03  0.788260952007E-03
  0.798597390195E-03  0.809063844770E-03  0.819661951137E-03  0.830393365271E-03
  0.841259763977E-03  0.852262845153E-03  0.863404328053E-03  0.874685953555E-03
  0.886109484437E-03  0.897676705649E-03  0.909389424592E-03  0.921249471402E-03
  0.933258699237E-03  0.945418984562E-03  0.957732227447E-03  0.970200351860E-03
  0.982825305973E-03  0.995609062459E-03  0.100855361881E-02  0.102166099763E-02
  0.103493324698E-02  0.104837244068E-02  0.106198067862E-02  0.107576008712E-02
  0.108971281925E-02  0.110384105514E-02  0.111814700237E-02  0.113263289625E-02
  0.114730100025E-02  0.116215360629E-02  0.117719303511E-02  0.119242163666E-02
  0.120784179043E-02  0.122345590586E-02  0.123926642269E-02  0.125527581134E-02
  0.127148657330E-02  0.128790124155E-02  0.130452238091E-02  0.132135258846E-02
  0.133839449397E-02  0.135565076025E-02  0.137312408365E-02  0.139081719439E-02
  0.140873285708E-02  0.142687387106E-02  0.144524307090E-02  0.146384332683E-02
  0.148267754518E-02  0.150174866884E-02  0.152105967770E-02  0.154061358915E-02
  0.156041345852E-02  0.158046237960E-02  0.160076348505E-02  0.162131994698E-02
  0.164213497736E-02  0.166321182860E-02  0.168455379399E-02  0.170616420826E-02
  0.172804644807E-02  0.175020393258E-02  0.177264012394E-02  0.179535852784E-02
  0.181836269408E-02  0.184165621711E-02  0.186524273660E-02  0.188912593797E-02
  0.191330955304E-02  0.193779736053E-02  0.196259318673E-02  0.198770090603E-02
  0.201312444155E-02  0.203886776579E-02  0.206493490118E-02  0.209132992077E-02
  0.211805694884E-02  0.214512016153E-02  0.217252378753E-02  0.220027210872E-02
  0.222836946081E-02  0.225682023409E-02  0.228562887404E-02  0.231479988208E-02
  0.234433781622E-02  0.237424729184E-02  0.240453298235E-02  0.243519961995E-02
  0.246625199636E-02  0.249769496359E-02  0.252953343465E-02  0.256177238438E-02
  0.259441685018E-02  0.262747193280E-02  0.266094279719E-02  0.269483467322E-02
  0.272915285656E-02  0.276390270952E-02  0.279908966182E-02  0.283471921149E-02
  0.287079692572E-02  0.290732844174E-02  0.294431946766E-02  0.298177578340E-02
  0.301970324160E-02  0.305810776849E-02  0.309699536487E-02  0.313637210699E-02
  0.317624414755E-02  0.321661771664E-02  0.325749912272E-02  0.329889475358E-02
  0.334081107738E-02  0.338325464362E-02  0.342623208421E-02  0.346975011445E-02
  0.351381553412E-02  0.355843522854E-02  0.360361616963E-02  0.364936541699E-02
  0.369569011904E-02  0.374259751412E-02  0.379009493159E-02  0.383818979302E-02
  0.388688961334E-02  0.393620200198E-02  0.398613466412E-02  0.403669540183E-02
  0.408789211533E-02  0.413973280421E-02  0.419222556868E-02  0.424537861084E-02
  0.429920023597E-02  0.435369885381E-02  0.440888297986E-02  0.446476123678E-02
  0.452134235563E-02  0.457863517736E-02  0.463664865406E-02  0.469539185047E-02
  0.475487394532E-02  0.481510423283E-02  0.487609212409E-02  0.493784714858E-02
  0.500037895565E-02  0.506369731603E-02  0.512781212334E-02  0.519273339565E-02
  0.525847127703E-02  0.532503603917E-02  0.539243808294E-02  0.546068794005E-02
  0.552979627469E-02  0.559977388516E-02  0.567063170561E-02  0.574238080773E-02
  0.581503240245E-02  0.588859784173E-02  0.596308862033E-02  0.603851637758E-02
  0.611489289921E-02  0.619223011922E-02  0.627054012171E-02  0.634983514276E-02
  0.643012757240E-02  0.651142995647E-02  0.659375499864E-02  0.667711556236E-02
  0.676152467290E-02  0.684699551934E-02  0.693354145668E-02  0.702117600790E-02
  0.710991286607E-02  0.719976589652E-02  0.729074913895E-02  0.738287680969E-02
  0.747616330388E-02  0.757062319771E-02  0.766627125073E-02  0.776312240816E-02
  0.786119180318E-02  0.796049475933E-02  0.806104679290E-02  0.816286361535E-02
  0.826596113577E-02  0.837035546336E-02  0.847606290993E-02  0.858309999250E-02
  0.869148343583E-02  0.880123017504E-02  0.891235735830E-02  0.902488234945E-02
  0.913882273074E-02  0.925419630560E-02  0.937102110138E-02  0.948931537219E-02
  0.960909760175E-02  0.973038650629E-02  0.985320103743E-02  0.997756038520E-02
  0.101034839810E-01  0.102309915007E-01  0.103601028675E-01  0.104908382553E-01
  0.106232180920E-01  0.107572630619E-01  0.108929941101E-01  0.110304324446E-01
  0.111695995406E-01  0.113105171431E-01  0.114532072709E-01  0.115976922196E-01
  0.117439945651E-01  0.118921371677E-01  0.120421431748E-01  0.121940360251E-01
  0.123478394524E-01  0.125035774885E-01  0.126612744681E-01  0.128209550314E-01
  0.129826441290E-01  0.131463670250E-01  0.133121493016E-01  0.134800168625E-01
  0.136499959374E-01  0.138221130858E-01  0.139963952014E-01  0.141728695162E-01
  0.143515636046E-01  0.145325053879E-01  0.147157231387E-01  0.149012454851E-01
  0.150891014154E-01  0.152793202823E-01  0.154719318080E-01  0.156669660885E-01
  0.158644535983E-01  0.160644251951E-01  0.162669121249E-01  0.164719460268E-01
  0.166795589377E-01  0.168897832975E-01  0.171026519542E-01  0.173181981691E-01
  0.175364556215E-01  0.177574584147E-01  0.179812410809E-01  0.182078385865E-01
  0.184372863378E-01  0.186696201865E-01  0.189048764353E-01  0.191430918435E-01
  0.193843036326E-01  0.196285494925E-01  0.198758675871E-01  0.201262965603E-01
  0.203798755423E-01  0.206366441552E-01  0.208966425197E-01  0.211599112610E-01
  0.214264915154E-01  0.216964249366E-01  0.219697537023E-01  0.222465205206E-01
  0.225267686369E-01  0.228105418406E-01  0.230978844717E-01  0.233888414283E-01
  0.236834581728E-01  0.239817807397E-01  0.242838557426E-01  0.245897303813E-01
  0.248994524493E-01  0.252130703413E-01  0.255306330608E-01  0.258521902275E-01
  0.261777920855E-01  0.265074895107E-01  0.268413340190E-01  0.271793777742E-01
  0.275216735965E-01  0.278682749701E-01  0.282192360524E-01  0.285746116816E-01
  0.289344573859E-01  0.292988293920E-01  0.296677846337E-01  0.300413807610E-01
  0.304196761491E-01  0.308027299075E-01  0.311906018889E-01  0.315833526993E-01
  0.319810437067E-01  0.323837370512E-01  0.327914956544E-01  0.332043832295E-01
  0.336224642909E-01  0.340458041646E-01  0.344744689985E-01  0.349085257722E-01
  0.353480423079E-01  0.357930872812E-01  0.362437302310E-01  0.367000415714E-01
  0.371620926018E-01  0.376299555188E-01  0.381037034267E-01  0.385834103498E-01
  0.390691512432E-01  0.395610020048E-01  0.400590394874E-01  0.405633415104E-01
  0.410739868719E-01  0.415910553614E-01  0.421146277718E-01  0.426447859123E-01
  0.431816126214E-01  0.437251917792E-01  0.442756083211E-01  0.448329482508E-01
  0.453972986538E-01  0.459687477110E-01  0.465473847125E-01  0.471333000714E-01
  0.477265853383E-01  0.483273332152E-01  0.489356375701E-01  0.495515934519E-01
  0.501752971049E-01  0.508068459841E-01  0.514463387702E-01  0.520938753854E-01
  0.527495570085E-01  0.534134860911E-01  0.540857663735E-01  0.547665029009E-01
  0.554558020397E-01  0.561537714943E-01  0.568605203239E-01  0.575761589594E-01
  0.583007992207E-01  0.590345543345E-01  0.597775389514E-01  0.605298691643E-01
  0.612916625264E-01  0.620630380693E-01  0.628441163221E-01  0.636350193299E-01
  0.644358706729E-01  0.652467954856E-01  0.660679204768E-01  0.668993739489E-01
  0.677412858182E-01  0.685937876352E-01  0.694570126049E-01  0.703310956082E-01
  0.712161732221E-01  0.721123837418E-01  0.730198672022E-01  0.739387653993E-01
  0.748692219129E-01  0.758113821286E-01  0.767653932609E-01  0.777314043761E-01
  0.787095664152E-01  0.797000322181E-01  0.807029565472E-01  0.817184961113E-01
  0.827468095906E-01  0.837880576612E-01  0.848424030202E-01  0.859100104112E-01
  0.869910466500E-01  0.880856806507E-01  0.891940834522E-01  0.903164282446E-01
  0.914528903966E-01  0.926036474827E-01  0.937688793111E-01  0.949487679515E-01
  0.961434977640E-01  0.973532554276E-01  0.985782299693E-01  0.998186127940E-01
  0.101074597714      0.102346380979      0.103634161309      0.104938139921    
  0.106258520564      0.107595509552      0.108949315791      0.110320150816    
  0.111708228823      0.113113766702      0.114536984071      0.115978103311    
  0.117437349599      0.118914950946      0.120411138230      0.121926145233    
  0.123460208679      0.125013568267      0.126586466713      0.128179149786    
  0.129791866346      0.131424868384      0.133078411058      0.134752752738    
  0.136448155045      0.138164882887      0.139903204507      0.141663391521    
  0.143445718962      0.145250465323      0.147077912598      0.148928346331    
  0.150802055654      0.152699333339      0.154620475840      0.156565783338    
  0.158535559793      0.160530112985      0.162549754568      0.164594800115    
  0.166665569168      0.168762385290      0.170885576111      0.173035473385    
  0.175212413038      0.177416735220      0.179648784363      0.181908909227    
  0.184197462963      0.186514803161      0.188861291910      0.191237295854    
  0.193643186249      0.196079339019      0.198546134819      0.201043959090    
  0.203573202123      0.206134259117      0.208727530243      0.211353420703    
  0.214012340799      0.216704705993      0.219430936972      0.222191459715    
  0.224986705560      0.227817111269      0.230683119099      0.233585176870    
  0.236523738034      0.239499261747      0.242512212941      0.245563062395    
  0.248652286812      0.251780368888      0.254947797393      0.258155067244    
  0.261402679583      0.264691141857      0.268020967894      0.271392677987    
  0.274806798971      0.278263864311      0.281764414180      0.285308995545    
  0.288898162256      0.292532475126      0.296212502025      0.299938817963    
  0.303712005186      0.307532653261      0.311401359174      0.315318727416    
  0.319285370084      0.323301906976      0.327368965682      0.331487181688    
  0.335657198475      0.339879667617      0.344155248882      0.348484610338    
  0.352868428458      0.357307388221      0.361802183225      0.366353515790    
  0.370962097071      0.375628647169      0.380353895241      0.385138579616    
  0.389983447912      0.394889257149      0.399856773870      0.404886774260    
  0.409980044265      0.415137379721      0.420359586470      0.425647480494    
  0.431001888037      0.436423645736      0.441913600751      0.447472610899    
  0.453101544787      0.458801281947      0.464572712975      0.470416739668    
  0.476334275168      0.482326244101      0.488393582725      0.494537239074    
  0.500758173107      0.507057356857      0.513435774585      0.519894422930    
  0.526434311072      0.533056460879      0.539761907076      0.546551697404    
  0.553426892780      0.560388567468      0.567437809244      0.574575719566    
  0.581803413747      0.589122021129      0.596532685259      0.604036564069    
  0.611634830055      0.619328670462      0.627119287467      0.635007898370    
  0.642995735784      0.651084047823      0.659274098304      0.667567166937    
  0.675964549533      0.684467558198      0.693077521546      0.701795784901    
  0.710623710509      0.719562677751      0.728614083359      0.737779341635    
  0.747059884667      0.756457162560      0.765972643658      0.775607814774    
  0.785364181423      0.795243268056      0.805246618303      0.815375795205    
  0.825632381469      0.836017979705      0.846534212686      0.857182723594    
  0.867965176280      0.878883255525      0.889938667300      0.901133139037    
  0.912468419894      0.923946281032      0.935568515890      0.947336940466    
  0.959253393601      0.971319737263      0.983537856845      0.995909661452    
   1.00843708420       1.02112208253       1.03396663850       1.04697275910    
   1.06014247655       1.07347784865       1.08698095908       1.10065391774    
   1.11449886104       1.12851795230       1.14271338201       1.15708736824    
   1.17164215697       1.18638002240       1.20130326736       1.21641422363    
   1.23171525233       1.24720874428       1.26289712036       1.27878283193    
   1.29486836115       1.31115622142       1.32764895774       1.34434914716    
   1.36125939910       1.37838235582       1.39572069282       1.41327711926    
   1.43105437835       1.44905524784       1.46728254039       1.48573910405    
   1.50442782271       1.52335161651       1.54251344234       1.56191629426    
   1.58156320401       1.60145724147       1.62160151511       1.64199917252    
   1.66265340088       1.68356742745       1.70474452008       1.72618798775    
   1.74790118104       1.76988749268       1.79215035808       1.81469325585    
   1.83751970836       1.86063328231       1.88403758922       1.90773628607    
   1.93173307583       1.95603170805       1.98063597944       2.00554973446    
   2.03077686595       2.05632131568       2.08218707504       2.10837818560    
   2.13489873977       2.16175288145       2.18894480665       2.21647876416    
   2.24435905622       2.27259003918       2.30117612420       2.33012177790    
   2.35943152310       2.38910993952       2.41916166445       2.44959139355    
   2.48040388153       2.51160394289       2.54319645271       2.57518634738    
   2.60757862540       2.64037834811       2.67359064055       2.70722069220    
   2.74127375782       2.77575515828       2.81067028136       2.84602458263    
   2.88182358626       2.91807288592       2.95477814565       2.99194510070    
   3.02957955850       3.06768739950       3.10627457813       3.14534712372    
   3.18491114143       3.22497281322       3.26553839881       3.30661423665    
   3.34820674492       3.39032242255       3.43296785018       3.47614969126    
   3.51987469304       3.56414968763       3.60898159310       3.65437741451    
   3.70034424507       3.74688926718       3.79401975359       3.84174306854    
   3.89006666889       3.93899810531       3.98854502344       4.03871516507    
   4.08951636939       4.14095657421       4.19304381714       4.24578623694    
   4.29919207471       4.35326967522       4.40802748821       4.46347406970    
   4.51961808332       4.57646830170       4.63403360780       4.69232299630    
   4.75134557506       4.81111056647       4.87162730892       4.93290525829    
   4.99495398937       5.05778319741       5.12140269959       5.18582243661    
   5.25105247416       5.31710300458       5.38398434840       5.45170695595    
   5.52028140905       5.58971842258       5.66002884622       5.73122366612    
   5.80331400660       5.87631113195       5.95022644809       6.02507150446    
   6.10085799575       6.17759776374       6.25530279918       6.33398524365    
   6.41365739143       6.49433169147       6.57602074927       6.65873732893    
   6.74249435508       6.82730491493       6.91318226029       7.00013980968    
   7.08819115039       7.17735004062       7.26763041163       7.35904636992    
   7.45161219940       7.54534236369       7.64025150830       7.73635446299    
   7.83366624404       7.93220205662       8.03197729713       8.13300755567    
   8.23530861843       8.33889647014       8.44378729663       8.54999748730    
   8.65754363770       8.76644255214       8.87671124631       8.98836694989    
   9.10142710934       9.21590939052       9.33183168153       9.44921209546    
   9.56806897323       9.68842088648       9.81028664045       9.93368527689    
   10.0586360771       10.1851585649       10.3132725097       10.4429979295    
   10.5743550942       10.7073645287       10.8420470159       10.9784236002    
   11.1165155908       11.2563445648       11.3979323708       11.5413011321    
   11.6864732504       11.8334714092       11.9823185772       12.1330380121    
   12.2856532642       12.4401881797       12.5966669052       12.7551138908    
   12.9155538941       13.0780119842       13.2425135456       13.4090842818    
   13.5777502200       13.7485377145       13.9214734512       14.0965844517    
   14.2738980775       14.4534420341       14.6352443756       14.8193335091    
   15.0057381989       15.1944875710       15.3856111179       15.5791387031    
   15.7751005657       15.9735273250       16.1744499858       16.3778999424    
   16.5839089845       16.7925093014       17.0037334872       17.2176145462    
   17.4341858978       17.6534813816       17.8755352630       18.1003822384    
   18.3280574406       18.5585964443       18.7920352717       19.0284103980    
   19.2677587574       19.5101177486       19.7555252406       20.0040195788    
   20.2556395910       20.5104245934       20.7684143966       21.0296493120    
   21.2941701581       21.5620182668       21.8332354901       22.1078642060    
   22.3859473259       22.6675283009       22.9526511285       23.2413603598    
   23.5337011061       23.8297190464       24.1294604340       24.4329721041    
   24.7403014810       25.0514965857       25.3666060428       25.6856790890    
   26.0087655801       26.3359159989       26.6671814634       27.0026137345    
   27.3422652242       27.6861890036       28.0344388117       28.3870690631    
   28.7441348570       29.1056919857       29.4717969433       29.8425069343    
   30.2178798829       30.5979744420       30.9828500021       31.3725667008    
   31.7671854321       32.1667678560       32.5713764080       32.9810743091    
   33.3959255754       33.8159950282       34.2413483043       34.6720518660    
   35.1081730115       35.5497798858       35.9969414907       36.4497276962    
   36.9082092510       37.3724577938       37.8425458645       38.3185469152    
   38.8005353220       39.2885863966       39.7827763980       40.2831825445    
   40.7898830253       41.3029570136       41.8224846783       42.3485471964    
   42.8812267665       43.4206066207       43.9667710383       44.5198053585    
   45.0797959942       45.6468304449       46.2209973110       46.8023863071    
   47.3910882766       47.9871952053       48.5908002361       49.2019976835    
   49.8208830484       50.4475530329       51.0821055554       51.7246397661    
   52.3752560621       53.0340561038       53.7011428298       54.3766204739    
   55.0605945808       55.7531720229       56.4544610168       57.1645711403    
   57.8836133495       58.6116999964       59.3489448458       60.0954630939    
   60.8513713856       61.6167878331       62.3918320342       63.1766250913    
   63.9712896299       64.7759498178       65.5907313850       66.4157616425    
   67.2511695032       68.0970855012       68.9536418126       69.8209722760    
   70.6992124136       71.5884994523       72.4889723448       73.4007717920    
   74.3240402644       75.2589220245       76.2055631495       77.1641115541    
   78.1347170133       79.1175311862       80.1127076396       81.1204018717    
   82.1407713370       83.1739754701       84.2201757113       85.2795355316    
   86.3522204580       87.4383980998       88.5382381744       89.6519125341    
   90.7795951928       91.9214623532       93.0776924342       94.2484660994    
   95.4339662843       96.6343782259       97.8498894909       99.0806900055    
   100.326972085       101.588930463       102.866762323       104.160667329    
   105.470847657       106.797508024       108.140855725       109.501100660    
   110.878455369       112.273135069       113.685357679       115.115343862    
   116.563317058       118.029503514       119.514132326    
Down potential follows (l on next line)
 1
  -147.966259352      -148.082230845      -147.919268047      -148.028131169    
  -147.989812411      -148.001046245      -147.990049737      -147.995138036    
  -147.992675503      -147.992148418      -147.991357155      -147.990575216    
  -147.989788223      -147.989003430      -147.988217164      -147.987430837    
  -147.986643766      -147.985856034      -147.985067488      -147.984278043    
  -147.983487600      -147.982696069      -147.981903356      -147.981109375    
  -147.980314037      -147.979517257      -147.978718953      -147.977919042    
  -147.977117445      -147.976314086      -147.975508888      -147.974701777    
  -147.973892684      -147.973081538      -147.972268273      -147.971452825    
  -147.970635131      -147.969815132      -147.968992772      -147.968167996    
  -147.967340752      -147.966510993      -147.965678674      -147.964843750    
  -147.964006185      -147.963165942      -147.962322989      -147.961477296    
  -147.960628840      -147.959777599      -147.958923555      -147.958066695    
  -147.957207011      -147.956344496      -147.955479152      -147.954610981    
  -147.953739993      -147.952866201      -147.951989623      -147.951110282    
  -147.950228208      -147.949343432      -147.948455995      -147.947565940    
  -147.946673317      -147.945778181      -147.944880592      -147.943980617    
  -147.943078327      -147.942173801      -147.941267121      -147.940358376    
  -147.939447660      -147.938535075      -147.937620724      -147.936704719    
  -147.935787177      -147.934868218      -147.933947968      -147.933026559    
  -147.932104124      -147.931180805      -147.930256742      -147.929332084    
  -147.928406978      -147.927481577      -147.926556034      -147.925630504    
  -147.924705142      -147.923780104      -147.922855545      -147.921931616    
  -147.921008469      -147.920086251      -147.919165103      -147.918245163    
  -147.917326560      -147.916409418      -147.915493848      -147.914579953    
  -147.913667823      -147.912757536      -147.911849153      -147.910942720    
  -147.910038265      -147.909135795      -147.908235297      -147.907336734    
  -147.906440046      -147.905545144      -147.904651913      -147.903760207    
  -147.902869848      -147.901980627      -147.901092299      -147.900204582    
  -147.899317158      -147.898429670      -147.897541719      -147.896652867    
  -147.895762633      -147.894870493      -147.893975880      -147.893078182    
  -147.892176743      -147.891270864      -147.890359798      -147.889442760    
  -147.888518915      -147.887587391      -147.886647272      -147.885697601    
  -147.884737383      -147.883765587      -147.882781144      -147.881782955    
  -147.880769886      -147.879740779      -147.878694447      -147.877629680    
  -147.876545250      -147.875439909      -147.874312397      -147.873161440    
  -147.871985759      -147.870784069      -147.869555082      -147.868297514    
  -147.867010082      -147.865691515      -147.864340548      -147.862955931    
  -147.861536431      -147.860080830      -147.858587934      -147.857056568    
  -147.855485585      -147.853873861      -147.852220303      -147.850523844    
  -147.848783448      -147.846998113      -147.845166864      -147.843288761    
  -147.841362896      -147.839388393      -147.837364410      -147.835290136    
  -147.833164790      -147.830987625      -147.828757922      -147.826474994    
  -147.824138180      -147.821746847      -147.819300390      -147.816798225    
  -147.814239795      -147.811624565      -147.808952018      -147.806221658    
  -147.803433007      -147.800585603      -147.797678997      -147.794712757    
  -147.791686457      -147.788599687      -147.785452042      -147.782243125    
  -147.778972545      -147.775639915      -147.772244854      -147.768786978    
  -147.765265908      -147.761681262      -147.758032657      -147.754319708    
  -147.750542025      -147.746699214      -147.742790875      -147.738816601    
  -147.734775980      -147.730668588      -147.726493996      -147.722251762    
  -147.717941436      -147.713562556      -147.709114650      -147.704597232    
  -147.700009805      -147.695351859      -147.690622871      -147.685822303    
  -147.680949604      -147.676004208      -147.670985536      -147.665892992    
  -147.660725965      -147.655483830      -147.650165946      -147.644771654    
  -147.639300281      -147.633751138      -147.628123518      -147.622416699    
  -147.616629941      -147.610762487      -147.604813566      -147.598782387    
  -147.592668142      -147.586470006      -147.580187139      -147.573818680    
  -147.567363753      -147.560821462      -147.554190897      -147.547471127    
  -147.540661205      -147.533760164      -147.526767021      -147.519680774    
  -147.512500403      -147.505224869      -147.497853117      -147.490384071    
  -147.482816638      -147.475149706      -147.467382142      -147.459512799    
  -147.451540507      -147.443464079      -147.435282308      -147.426993968    
  -147.418597814      -147.410092581      -147.401476985      -147.392749721    
  -147.383909466      -147.374954877      -147.365884588      -147.356697217    
  -147.347391358      -147.337965586      -147.328418455      -147.318748499    
  -147.308954231      -147.299034140      -147.288986698      -147.278810352    
  -147.268503529      -147.258064634      -147.247492048      -147.236784134    
  -147.225939228      -147.214955645      -147.203831679      -147.192565599    
  -147.181155650      -147.169600056      -147.157897015      -147.146044703    
  -147.134041270      -147.121884843      -147.109573524      -147.097105391    
  -147.084478494      -147.071690862      -147.058740494      -147.045625368    
  -147.032343432      -147.018892610      -147.005270797      -146.991475865    
  -146.977505655      -146.963357984      -146.949030638      -146.934521379    
  -146.919827937      -146.904948016      -146.889879292      -146.874619409    
  -146.859165984      -146.843516604      -146.827668827      -146.811620179    
  -146.795368156      -146.778910226      -146.762243822      -146.745366348    
  -146.728275177      -146.710967648      -146.693441070      -146.675692717    
  -146.657719832      -146.639519626      -146.621089273      -146.602425916    
  -146.583526665      -146.564388591      -146.545008736      -146.525384103    
  -146.505511660      -146.485388343      -146.465011048      -146.444376636    
  -146.423481933      -146.402323726      -146.380898766      -146.359203767    
  -146.337235403      -146.314990312      -146.292465094      -146.269656309    
  -146.246560477      -146.223174081      -146.199493564      -146.175515326    
  -146.151235732      -146.126651101      -146.101757715      -146.076551814    
  -146.051029596      -146.025187217      -145.999020791      -145.972526391    
  -145.945700046      -145.918537743      -145.891035425      -145.863188994    
  -145.834994304      -145.806447169      -145.777543357      -145.748278593    
  -145.718648554      -145.688648876      -145.658275148      -145.627522912    
  -145.596387668      -145.564864868      -145.532949917      -145.500638175    
  -145.467924955      -145.434805525      -145.401275103      -145.367328862    
  -145.332961927      -145.298169377      -145.262946241      -145.227287501    
  -145.191188093      -145.154642902      -145.117646767      -145.080194477    
  -145.042280775      -145.003900353      -144.965047855      -144.925717877    
  -144.885904964      -144.845603616      -144.804808281      -144.763513357    
  -144.721713196      -144.679402099      -144.636574319      -144.593224057    
  -144.549345468      -144.504932655      -144.459979676      -144.414480534    
  -144.368429187      -144.321819542      -144.274645457      -144.226900742    
  -144.178579157      -144.129674412      -144.080180169      -144.030090041    
  -143.979397593      -143.928096339      -143.876179747      -143.823641234    
  -143.770474169      -143.716671875      -143.662227622      -143.607134637    
  -143.551386095      -143.494975124      -143.437894805      -143.380138170    
  -143.321698205      -143.262567846      -143.202739983      -143.142207460    
  -143.080963070      -143.018999562      -142.956309637      -142.892885949    
  -142.828721105      -142.763807664      -142.698138141      -142.631705002    
  -142.564500667      -142.496517510      -142.427747856      -142.358183987    
  -142.287818136      -142.216642490      -142.144649188      -142.071830326    
  -141.998177949      -141.923684058      -141.848340606      -141.772139497    
  -141.695072592      -141.617131701      -141.538308589      -141.458594969    
  -141.377982511      -141.296462834      -141.214027509      -141.130668057    
  -141.046375951      -140.961142613      -140.874959418      -140.787817687    
  -140.699708692      -140.610623654      -140.520553741      -140.429490069    
  -140.337423702      -140.244345650      -140.150246870      -140.055118263    
  -139.958950676      -139.861734901      -139.763461672      -139.664121668    
  -139.563705510      -139.462203760      -139.359606923      -139.255905444    
  -139.151089708      -139.045150040      -138.938076704      -138.829859904    
  -138.720489779      -138.609956408      -138.498249807      -138.385359929    
  -138.271276662      -138.155989831      -138.039489197      -137.921764457    
  -137.802805243      -137.682601122      -137.561141596      -137.438416104    
  -137.314414018      -137.189124646      -137.062537232      -136.934640955    
  -136.805424927      -136.674878200      -136.542989758      -136.409748522    
  -136.275143349      -136.139163030      -136.001796293      -135.863031801    
  -135.722858151      -135.581263875      -135.438237437      -135.293767236    
  -135.147841601      -135.000448791      -134.851576994      -134.701214326    
  -134.549348826      -134.395968455      -134.241061097      -134.084614550    
  -133.926616530      -133.767054665      -133.605916491      -133.443189455    
  -133.278860912      -133.112918123      -132.945348258      -132.776138397    
  -132.605275537      -132.432746600      -132.258538439      -132.082637860    
  -131.905031633      -131.725706523      -131.544649319      -131.361846869    
  -131.177286128      -130.990954213      -130.802838460      -130.612926504    
  -130.421206354      -130.227666489      -130.032295957      -129.835084483    
  -129.636022587      -129.435101701      -129.232314297      -129.027654001    
  -128.821115714      -128.612695713      -128.402391746      -128.190203092    
  -127.976130611      -127.760176743      -127.542345483      -127.322642307    
  -127.101074045      -126.877648715      -126.652375309      -126.425263517    
  -126.196323428      -125.965565183      -125.732998602      -125.498632801    
  -125.262475794      -125.024534115      -124.784812451      -124.543313317    
  -124.300036766      -124.054980158      -123.808137989      -123.559501781    
  -123.309060035      -123.056798255      -122.802699025      -122.546742150    
  -122.288904839      -122.029161942      -121.767486216      -121.503848627    
  -121.238218676      -120.970564739      -120.700854417      -120.429054894    
  -120.155133280      -119.879056956      -119.600793880      -119.320312885    
  -119.037583930      -118.752578323      -118.465268901      -118.175630165    
  -117.883638389      -117.589271677      -117.292509994      -116.993335173    
  -116.691730886      -116.387682602      -116.081177534      -115.772204561    
  -115.460754155      -115.146818291      -114.830390355      -114.511465055    
  -114.190038322      -113.866107212      -113.539669816      -113.210725158    
  -112.879273108      -112.545314288      -112.208849984      -111.869882066    
  -111.528412908      -111.184445309      -110.837982431      -110.489027732    
  -110.137584907      -109.783657839      -109.427250552      -109.068367172    
  -108.707011893      -108.343188952      -107.976902605      -107.608157117    
  -107.236956751      -106.863305767      -106.487208424      -106.108668992    
  -105.727691765      -105.344281083      -104.958441359      -104.570177107    
  -104.179492984      -103.786393828      -103.390884706      -102.992970971    
  -102.592658321      -102.189952865      -101.784861206      -101.377390524    
  -100.967548682      -100.555344340      -100.140787096      -99.7238876391    
  -99.3046579381      -98.8831114523      -98.4592633769      -98.0331309208    
  -97.6047336169      -97.1740936634      -96.7412362889      -96.3061901329    
  -95.8689876253      -95.4296653476      -94.9882643491      -94.5448303885    
  -94.0994140724      -93.6520708424      -93.2028607990      -92.7518483113    
  -92.2991013768      -91.8446907659      -91.3886888972      -90.9311684725    
  -90.4722009176      -90.0118546531      -89.5501932707      -89.0872736872    
  -88.6231443691      -88.1578437363      -87.6913988537      -87.2238245301    
  -86.7551229466      -86.2852838982      -85.8142857104      -85.3420968350    
  -84.8686780491      -84.3939851122      -83.9179716658      -83.4405921192    
  -82.9618042639      -82.4815713982      -81.9998638155      -81.5166596098    
  -81.0319448372      -80.5457131557      -80.0579651042      -79.5687071952    
  -79.0779509790      -78.5857121937      -78.0920100746      -77.5968668433    
  -77.1003073649      -76.6023589333      -76.1030511337      -75.6024157314    
  -75.1004865428      -74.5972992598      -74.0928912101      -73.5873010501    
  -73.0805684001      -72.5727334339      -72.0638364445      -71.5539174039    
  -71.0430155369      -70.5311689267      -70.0184141643      -69.5047860545    
  -68.9903173837      -68.4750387564      -67.9589784996      -67.4421626375    
  -66.9246149317      -66.4063569831      -65.8874083905      -65.3677869555    
  -64.8475089264      -64.3265892689      -63.8050419520      -63.2828802366    
  -62.7601169566      -62.2367647821      -61.7128364608      -61.1883450413    
  -60.6633040907      -60.1377279334      -59.6116319596      -59.0850330659    
  -58.5579503247      -58.0304059806      -57.5024269265      -56.9740467735    
  -56.4453086212      -55.9162686628      -55.3870005716      -54.8576005631    
  -54.3281928744      -53.7989351599      -53.2700231327      -52.7416935716    
  -52.2142246859      -51.6879327603      -51.1631641115      -50.6402815360    
  -50.1196448136      -49.6015854524      -49.0863766790      -48.5742011318    
  -48.0651204792      -47.5590530172      -47.0557663812      -46.5548914496    
  -46.0559595897      -45.5584590532      -45.0618998565      -44.5658730364    
  -44.0700917659      -43.5744078504      -43.0788046561      -42.5833732382    
  -42.0882805866      -41.5937378058      -41.0999732584      -40.6072128141    
  -40.1156672598      -39.6255258189      -39.1369543705      -38.6500969916    
  -38.1650796325      -37.6820149357      -37.2010073918      -36.7221581998    
  -36.2455693742      -35.7713468213      -35.2996022745      -34.8304541230    
  -34.3640272742      -33.9004522530      -33.4398637620      -32.9823989193    
  -32.5281953600      -32.0773893477      -31.6301140023      -31.1864977117    
  -30.7466627646      -30.3107242207      -29.8787890130      -29.4509552753    
  -29.0273118720      -28.6079381153      -28.1929036455      -27.7822684578    
  -27.3760830546      -26.9743887099      -26.5772178273      -26.1845943793    
  -25.7965344144      -25.4130466185      -25.0341329183      -24.6597891146    
  -24.2900055330      -23.9247676797      -23.5640568918      -23.2078509660    
  -22.8561247694      -22.5088507976      -22.1659997107      -21.8275408143    
  -21.4934424906      -21.1636726227      -20.8381989515      -20.5169894579    
  -20.2000127408      -19.8872384202      -19.5786376144      -19.2741834741    
  -18.9738518113      -18.6776218076      -18.3854767850      -18.0974049936    
  -17.8134003428      -17.5334629739      -17.2575995507      -16.9858231254    
  -16.7181524409      -16.4546105541      -16.1952227097      -15.9400134733    
  -15.6890032235      -15.4422042125      -15.1996165024      -14.9612241618    
  -14.7269921354      -14.4968641754      -14.2707621303      -14.0485867465    
  -13.8302199568      -13.6155284516      -13.4043681754      -13.1965892964    
  -12.9920411711      -12.7905768761      -12.5920569773      -12.3963523442    
  -12.2033459542      -12.0129337472      -11.8250246802      -11.6395401706    
  -11.4564131309      -11.2755867778      -11.0970133627      -10.9206529321    
  -10.7464721864      -10.5744434691      -10.4045438980      -10.2367546285    
  -10.0710602340      -9.90744818186      -9.74590838641      -9.58643282079    
  -9.42901517618      -9.27365055841      -9.12033521665      -8.96906630138    
  -8.81984165046      -8.67265960318      -8.52751884276      -8.38441826718    
  -8.24335688815      -8.10433375661      -7.96734791447      -7.83239836387    
  -7.69948406598      -7.56860393753      -7.43975686233      -7.31294173086    
  -7.18815743897      -7.06540290390      -6.94467706972      -6.82597890326    
  -6.70930735052      -6.59466128127      -6.48203946250      -6.37144043280    
  -6.26286240271      -6.15630315969      -6.05175993273      -5.94922928129    
  -5.84870698643      -5.75018796476      -5.65366621203      -5.55913478634    
  -5.46658583848      -5.37601069514      -5.28739999699      -5.20074388958    
  -5.11603225966      -5.03325500377      -4.95240230969      -4.87346492552    
  -4.79643438607      -4.72130316243      -4.64806470127      -4.57671331668    
  -4.50724392121      -4.43965155781      -4.37393074685      -4.31007468441    
  -4.24807427209      -4.18791707940      -4.12958630231      -4.07305977414    
  -4.01830913331      -3.96529920996      -3.91398769410      -3.86432511964    
  -3.81625517175      -3.76971529656      -3.72463756591      -3.68094973034    
  -3.63857638172      -3.59744014474      -3.55746282225      -3.51856643259    
  -3.48067409378      -3.44371072848      -3.40760358158      -3.37228255768    
  -3.33768039804      -3.30373272453      -3.27037798249      -3.23755731616    
  -3.20521440908      -3.17329531951      -3.14174833786      -3.11052388894    
  -3.07957449832      -3.04885483846      -3.01832186587      -2.98793505673    
  -2.95765674448      -2.92745255679      -2.89729194459      -2.86714878956    
  -2.83700206870      -2.80683654932      -2.77664348007      -2.74642123894    
  -2.71617589536      -2.68592164255      -2.65568105782      -2.62548515387    
  -2.59537319238      -2.56539224285      -2.53559647973      -2.50604623360    
  -2.47680680961      -2.44794711536      -2.41953815012      -2.39165138938    
  -2.36435713066      -2.33772285556      -2.31181165254      -2.28668074717    
  -2.26238017528      -2.23895162699      -2.21642748099      -2.19483004112    
  -2.17417098064      -2.15445099451      -2.13565965665      -2.11777547606    
  -2.10076614503      -2.08458897140      -2.06919148667      -2.05451222122    
  -2.04048163709      -2.02702320729      -2.01405462845      -2.00148915030    
  -1.98923700203      -1.97720689081      -1.96530754378      -1.95344926009    
  -1.94154543658      -1.92951402822      -1.91727890427      -1.90477106227    
  -1.89192966594      -1.87870287878      -1.86504847229      -1.85093419695    
  -1.83633791313      -1.82124748888      -1.80566048006      -1.78958361607    
  -1.77303212034      -1.75602889848      -1.73860362926      -1.72079179341    
  -1.70263367377      -1.68417335706      -1.66545776374      -1.64653572778    
  -1.62745714313      -1.60827218924      -1.58903064318      -1.56978128210    
  -1.55057137640      -1.53144627107      -1.51244905070      -1.49362028199    
  -1.47499782664      -1.45661671706      -1.43850908679      -1.42070414822    
  -1.40322820985      -1.38610472653      -1.36935437605      -1.35299515661    
  -1.33704250010      -1.32150939675      -1.30640652762      -1.29174240155    
  -1.27752349427      -1.26375438716      -1.25043790442      -1.23757524691    
  -1.22516612199      -1.21320886837      -1.20170057567      -1.19063719822    
  -1.18001366304      -1.16982397189      -1.16006129741      -1.15071807358    
  -1.14178608058      -1.13325652423      -1.12512011039      -1.11736711434    
  -1.10998744567      -1.10297070862      -1.09630625841      -1.08998325359    
  -1.08399070471      -1.07831751954      -1.07295254498      -1.06788460595    
  -1.06310254124      -1.05859523673      -1.05435165591      -1.05036086789    
  -1.04661207313      -1.04309462687      -1.03979806037      -1.03671210022    
  -1.03382668555      -1.03113198346      -1.02861840266      -1.02627660532    
  -1.02409751738      -1.02207233723      -1.02019254291      -1.01844989791    
  -1.01683645559      -1.01534456236      -1.01396685955      -1.01269628427    
  -1.01152606908      -1.01044974069      -1.00946111778      -1.00855430759    
  -1.00772370410      -1.00696399031      -1.00635114507      -1.00643101895    
  -1.00651188072      -1.00659378055      -1.00667671922      -1.00676070308    
  -1.00684574320      -1.00693185272      -1.00701904521      -1.00710733433    
  -1.00719673392      -1.00728725796      -1.00737892062      -1.00747173622    
  -1.00756571927      -1.00766088448      -1.00775724671      -1.00785482103    
  -1.00795362267      -1.00805366708      -1.00815496990      -1.00825754694    
  -1.00836141425      -1.00846658804      -1.00857308476      -1.00868092104    
  -1.00879011374      -1.00890067991      -1.00901263683      -1.00912600199    
  -1.00924079312      -1.00935702813      -1.00947472521      -1.00959390273    
  -1.00971457932      -1.00983677384      -1.00996050537      -1.01008579326    
  -1.01021265707      -1.01034111663      -1.01047119202      -1.01060290355    
  -1.01073627181      -1.01087131763      -1.01100806212      -1.01114652665    
  -1.01128673285      -1.01142870262      -1.01157245815      -1.01171802191    
  -1.01186541663      -1.01201466534      -1.01216579138      -1.01231881835    
  -1.01247377016      -1.01263067102      -1.01278954546      -1.01295041828    
  -1.01311331464      -1.01327825999      -1.01344528009      -1.01361440104    
  -1.01378564927      -1.01395905155      -1.01413463495      -1.01431242692    
  -1.01449245524      -1.01467474804      -1.01485933380      -1.01504624136    
  -1.01523549992      -1.01542713907      -1.01562118874      -1.01581767926    
  -1.01601664132      -1.01621810602      -1.01642210483      -1.01662866963    
  -1.01683783269      -1.01704962671      -1.01726408476      -1.01748124037    
  -1.01770112745      -1.01792378037      -1.01814923393      -1.01837752334    
  -1.01860868428      -1.01884275286      -1.01907976566      -1.01931975972    
  -1.01956277253      -1.01980884207      -1.02005800678      -1.02031030559    
  -1.02056577794      -1.02082446373      -1.02108640339      -1.02135163784    
  -1.02162020854      -1.02189215743      -1.02216752702      -1.02244636034    
  -1.02272870095      -1.02301459296      -1.02330408105      -1.02359721046    
  -1.02389402698      -1.02419457699      -1.02449890745      -1.02480706592    
  -1.02511910054      -1.02543506009      -1.02575499390      -1.02607895200    
  -1.02640698499      -1.02673914411      -1.02707548130      -1.02741604908    
  -1.02776090066      -1.02811008996      -1.02846367152      -1.02882170058    
  -1.02918423310      -1.02955132570      -1.02992303578      -1.03029942138    
  -1.03068054134      -1.03106645518      -1.03145722323      -1.03185290655    
  -1.03225356693      -1.03265926702      -1.03307007017      -1.03348604060    
  -1.03390724328      -1.03433374405      -1.03476560954      -1.03520290722    
  -1.03564570543      -1.03609407336      -1.03654808107      -1.03700779948    
  -1.03747330044      -1.03794465669      -1.03842194187      -1.03890523055    
  -1.03939459826      -1.03989012144      -1.04039187756      -1.04089994498    
  -1.04141440311      -1.04193533233      -1.04246281402    
Up potential follows (l on next line)
 1
  -147.966259352      -148.082230845      -147.919268047      -148.028131169    
  -147.989812411      -148.001046245      -147.990049737      -147.995138036    
  -147.992675503      -147.992148418      -147.991357155      -147.990575216    
  -147.989788223      -147.989003430      -147.988217164      -147.987430837    
  -147.986643766      -147.985856034      -147.985067488      -147.984278043    
  -147.983487600      -147.982696069      -147.981903356      -147.981109375    
  -147.980314037      -147.979517257      -147.978718953      -147.977919042    
  -147.977117445      -147.976314086      -147.975508888      -147.974701777    
  -147.973892684      -147.973081538      -147.972268273      -147.971452825    
  -147.970635131      -147.969815132      -147.968992772      -147.968167996    
  -147.967340752      -147.966510993      -147.965678674      -147.964843750    
  -147.964006185      -147.963165942      -147.962322989      -147.961477296    
  -147.960628840      -147.959777599      -147.958923555      -147.958066695    
  -147.957207011      -147.956344496      -147.955479152      -147.954610981    
  -147.953739993      -147.952866201      -147.951989623      -147.951110282    
  -147.950228208      -147.949343432      -147.948455995      -147.947565940    
  -147.946673317      -147.945778181      -147.944880592      -147.943980617    
  -147.943078327      -147.942173801      -147.941267121      -147.940358376    
  -147.939447660      -147.938535075      -147.937620724      -147.936704719    
  -147.935787177      -147.934868218      -147.933947968      -147.933026559    
  -147.932104124      -147.931180805      -147.930256742      -147.929332084    
  -147.928406978      -147.927481577      -147.926556034      -147.925630504    
  -147.924705142      -147.923780104      -147.922855545      -147.921931616    
  -147.921008469      -147.920086251      -147.919165103      -147.918245163    
  -147.917326560      -147.916409418      -147.915493848      -147.914579953    
  -147.913667823      -147.912757536      -147.911849153      -147.910942720    
  -147.910038265      -147.909135795      -147.908235297      -147.907336734    
  -147.906440046      -147.905545144      -147.904651913      -147.903760207    
  -147.902869848      -147.901980627      -147.901092299      -147.900204582    
  -147.899317158      -147.898429670      -147.897541719      -147.896652867    
  -147.895762633      -147.894870493      -147.893975880      -147.893078182    
  -147.892176743      -147.891270864      -147.890359798      -147.889442760    
  -147.888518915      -147.887587391      -147.886647272      -147.885697601    
  -147.884737383      -147.883765587      -147.882781144      -147.881782955    
  -147.880769886      -147.879740779      -147.878694447      -147.877629680    
  -147.876545250      -147.875439909      -147.874312397      -147.873161440    
  -147.871985759      -147.870784069      -147.869555082      -147.868297514    
  -147.867010082      -147.865691515      -147.864340548      -147.862955931    
  -147.861536431      -147.860080830      -147.858587934      -147.857056568    
  -147.855485585      -147.853873861      -147.852220303      -147.850523844    
  -147.848783448      -147.846998113      -147.845166864      -147.843288761    
  -147.841362896      -147.839388393      -147.837364410      -147.835290136    
  -147.833164790      -147.830987625      -147.828757922      -147.826474994    
  -147.824138180      -147.821746847      -147.819300390      -147.816798225    
  -147.814239795      -147.811624565      -147.808952018      -147.806221658    
  -147.803433007      -147.800585603      -147.797678997      -147.794712757    
  -147.791686457      -147.788599687      -147.785452042      -147.782243125    
  -147.778972545      -147.775639915      -147.772244854      -147.768786978    
  -147.765265908      -147.761681262      -147.758032657      -147.754319708    
  -147.750542025      -147.746699214      -147.742790875      -147.738816601    
  -147.734775980      -147.730668588      -147.726493996      -147.722251762    
  -147.717941436      -147.713562556      -147.709114650      -147.704597232    
  -147.700009805      -147.695351859      -147.690622871      -147.685822303    
  -147.680949604      -147.676004208      -147.670985536      -147.665892992    
  -147.660725965      -147.655483830      -147.650165946      -147.644771654    
  -147.639300281      -147.633751138      -147.628123518      -147.622416699    
  -147.616629941      -147.610762487      -147.604813566      -147.598782387    
  -147.592668142      -147.586470006      -147.580187139      -147.573818680    
  -147.567363753      -147.560821462      -147.554190897      -147.547471127    
  -147.540661205      -147.533760164      -147.526767021      -147.519680774    
  -147.512500403      -147.505224869      -147.497853117      -147.490384071    
  -147.482816638      -147.475149706      -147.467382142      -147.459512799    
  -147.451540507      -147.443464079      -147.435282308      -147.426993968    
  -147.418597814      -147.410092581      -147.401476985      -147.392749721    
  -147.383909466      -147.374954877      -147.365884588      -147.356697217    
  -147.347391358      -147.337965586      -147.328418455      -147.318748499    
  -147.308954231      -147.299034140      -147.288986698      -147.278810352    
  -147.268503529      -147.258064634      -147.247492048      -147.236784134    
  -147.225939228      -147.214955645      -147.203831679      -147.192565599    
  -147.181155650      -147.169600056      -147.157897015      -147.146044703    
  -147.134041270      -147.121884843      -147.109573524      -147.097105391    
  -147.084478494      -147.071690862      -147.058740494      -147.045625368    
  -147.032343432      -147.018892610      -147.005270797      -146.991475865    
  -146.977505655      -146.963357984      -146.949030638      -146.934521379    
  -146.919827937      -146.904948016      -146.889879292      -146.874619409    
  -146.859165984      -146.843516604      -146.827668827      -146.811620179    
  -146.795368156      -146.778910226      -146.762243822      -146.745366348    
  -146.728275177      -146.710967648      -146.693441070      -146.675692717    
  -146.657719832      -146.639519626      -146.621089273      -146.602425916    
  -146.583526665      -146.564388591      -146.545008736      -146.525384103    
  -146.505511660      -146.485388343      -146.465011048      -146.444376636    
  -146.423481933      -146.402323726      -146.380898766      -146.359203767    
  -146.337235403      -146.314990312      -146.292465094      -146.269656309    
  -146.246560477      -146.223174081      -146.199493564      -146.175515326    
  -146.151235732      -146.126651101      -146.101757715      -146.076551814    
  -146.051029596      -146.025187217      -145.999020791      -145.972526391    
  -145.945700046      -145.918537743      -145.891035425      -145.863188994    
  -145.834994304      -145.806447169      -145.777543357      -145.748278593    
  -145.718648554      -145.688648876      -145.658275148      -145.627522912    
  -145.596387668      -145.564864868      -145.532949917      -145.500638175    
  -145.467924955      -145.434805525      -145.401275103      -145.367328862    
  -145.332961927      -145.298169377      -145.262946241      -145.227287501    
  -145.191188093      -145.154642902      -145.117646767      -145.080194477    
  -145.042280775      -145.003900353      -144.965047855      -144.925717877    
  -144.885904964      -144.845603616      -144.804808281      -144.763513357    
  -144.721713196      -144.679402099      -144.636574319      -144.593224057    
  -144.549345468      -144.504932655      -144.459979676      -144.414480534    
  -144.368429187      -144.321819542      -144.274645457      -144.226900742    
  -144.178579157      -144.129674412      -144.080180169      -144.030090041    
  -143.979397593      -143.928096339      -143.876179747      -143.823641234    
  -143.770474169      -143.716671875      -143.662227622      -143.607134637    
  -143.551386095      -143.494975124      -143.437894805      -143.380138170    
  -143.321698205      -143.262567846      -143.202739983      -143.142207460    
  -143.080963070      -143.018999562      -142.956309637      -142.892885949    
  -142.828721105      -142.763807664      -142.698138141      -142.631705002    
  -142.564500667      -142.496517510      -142.427747856      -142.358183987    
  -142.287818136      -142.216642490      -142.144649188      -142.071830326    
  -141.998177949      -141.923684058      -141.848340606      -141.772139497    
  -141.695072592      -141.617131701      -141.538308589      -141.458594969    
  -141.377982511      -141.296462834      -141.214027509      -141.130668057    
  -141.046375951      -140.961142613      -140.874959418      -140.787817687    
  -140.699708692      -140.610623654      -140.520553741      -140.429490069    
  -140.337423702      -140.244345650      -140.150246870      -140.055118263    
  -139.958950676      -139.861734901      -139.763461672      -139.664121668    
  -139.563705510      -139.462203760      -139.359606923      -139.255905444    
  -139.151089708      -139.045150040      -138.938076704      -138.829859904    
  -138.720489779      -138.609956408      -138.498249807      -138.385359929    
  -138.271276662      -138.155989831      -138.039489197      -137.921764457    
  -137.802805243      -137.682601122      -137.561141596      -137.438416104    
  -137.314414018      -137.189124646      -137.062537232      -136.934640955    
  -136.805424927      -136.674878200      -136.542989758      -136.409748522    
  -136.275143349      -136.139163030      -136.001796293      -135.863031801    
  -135.722858151      -135.581263875      -135.438237437      -135.293767236    
  -135.147841601      -135.000448791      -134.851576994      -134.701214326    
  -134.549348826      -134.395968455      -134.241061097      -134.084614550    
  -133.926616530      -133.767054665      -133.605916491      -133.443189455    
  -133.278860912      -133.112918123      -132.945348258      -132.776138397    
  -132.605275537      -132.432746600      -132.258538439      -132.082637860    
  -131.905031633      -131.725706523      -131.544649319      -131.361846869    
  -131.177286128      -130.990954213      -130.802838460      -130.612926504    
  -130.421206354      -130.227666489      -130.032295957      -129.835084483    
  -129.636022587      -129.435101701      -129.232314297      -129.027654001    
  -128.821115714      -128.612695713      -128.402391746      -128.190203092    
  -127.976130611      -127.760176743      -127.542345483      -127.322642307    
  -127.101074045      -126.877648715      -126.652375309      -126.425263517    
  -126.196323428      -125.965565183      -125.732998602      -125.498632801    
  -125.262475794      -125.024534115      -124.784812451      -124.543313317    
  -124.300036766      -124.054980158      -123.808137989      -123.559501781    
  -123.309060035      -123.056798255      -122.802699025      -122.546742150    
  -122.288904839      -122.029161942      -121.767486216      -121.503848627    
  -121.238218676      -120.970564739      -120.700854417      -120.429054894    
  -120.155133280      -119.879056956      -119.600793880      -119.320312885    
  -119.037583930      -118.752578323      -118.465268901      -118.175630165    
  -117.883638389      -117.589271677      -117.292509994      -116.993335173    
  -116.691730886      -116.387682602      -116.081177534      -115.772204561    
  -115.460754155      -115.146818291      -114.830390355      -114.511465055    
  -114.190038322      -113.866107212      -113.539669816      -113.210725158    
  -112.879273108      -112.545314288      -112.208849984      -111.869882066    
  -111.528412908      -111.184445309      -110.837982431      -110.489027732    
  -110.137584907      -109.783657839      -109.427250552      -109.068367172    
  -108.707011893      -108.343188952      -107.976902605      -107.608157117    
  -107.236956751      -106.863305767      -106.487208424      -106.108668992    
  -105.727691765      -105.344281083      -104.958441359      -104.570177107    
  -104.179492984      -103.786393828      -103.390884706      -102.992970971    
  -102.592658321      -102.189952865      -101.784861206      -101.377390524    
  -100.967548682      -100.555344340      -100.140787096      -99.7238876391    
  -99.3046579381      -98.8831114523      -98.4592633769      -98.0331309208    
  -97.6047336169      -97.1740936634      -96.7412362889      -96.3061901329    
  -95.8689876253      -95.4296653476      -94.9882643491      -94.5448303885    
  -94.0994140724      -93.6520708424      -93.2028607990      -92.7518483113    
  -92.2991013768      -91.8446907659      -91.3886888972      -90.9311684725    
  -90.4722009176      -90.0118546531      -89.5501932707      -89.0872736872    
  -88.6231443691      -88.1578437363      -87.6913988537      -87.2238245301    
  -86.7551229466      -86.2852838982      -85.8142857104      -85.3420968350    
  -84.8686780491      -84.3939851122      -83.9179716658      -83.4405921192    
  -82.9618042639      -82.4815713982      -81.9998638155      -81.5166596098    
  -81.0319448372      -80.5457131557      -80.0579651042      -79.5687071952    
  -79.0779509790      -78.5857121937      -78.0920100746      -77.5968668433    
  -77.1003073649      -76.6023589333      -76.1030511337      -75.6024157314    
  -75.1004865428      -74.5972992598      -74.0928912101      -73.5873010501    
  -73.0805684001      -72.5727334339      -72.0638364445      -71.5539174039    
  -71.0430155369      -70.5311689267      -70.0184141643      -69.5047860545    
  -68.9903173837      -68.4750387564      -67.9589784996      -67.4421626375    
  -66.9246149317      -66.4063569831      -65.8874083905      -65.3677869555    
  -64.8475089264      -64.3265892689      -63.8050419520      -63.2828802366    
  -62.7601169566      -62.2367647821      -61.7128364608      -61.1883450413    
  -60.6633040907      -60.1377279334      -59.6116319596      -59.0850330659    
  -58.5579503247      -58.0304059806      -57.5024269265      -56.9740467735    
  -56.4453086212      -55.9162686628      -55.3870005716      -54.8576005631    
  -54.3281928744      -53.7989351599      -53.2700231327      -52.7416935716    
  -52.2142246859      -51.6879327603      -51.1631641115      -50.6402815360    
  -50.1196448136      -49.6015854524      -49.0863766790      -48.5742011318    
  -48.0651204792      -47.5590530172      -47.0557663812      -46.5548914496    
  -46.0559595897      -45.5584590532      -45.0618998565      -44.5658730364    
  -44.0700917659      -43.5744078504      -43.0788046561      -42.5833732382    
  -42.0882805866      -41.5937378058      -41.0999732584      -40.6072128141    
  -40.1156672598      -39.6255258189      -39.1369543705      -38.6500969916    
  -38.1650796325      -37.6820149357      -37.2010073918      -36.7221581998    
  -36.2455693742      -35.7713468213      -35.2996022745      -34.8304541230    
  -34.3640272742      -33.9004522530      -33.4398637620      -32.9823989193    
  -32.5281953600      -32.0773893477      -31.6301140023      -31.1864977117    
  -30.7466627646      -30.3107242207      -29.8787890130      -29.4509552753    
  -29.0273118720      -28.6079381153      -28.1929036455      -27.7822684578    
  -27.3760830546      -26.9743887099      -26.5772178273      -26.1845943793    
  -25.7965344144      -25.4130466185      -25.0341329183      -24.6597891146    
  -24.2900055330      -23.9247676797      -23.5640568918      -23.2078509660    
  -22.8561247694      -22.5088507976      -22.1659997107      -21.8275408143    
  -21.4934424906      -21.1636726227      -20.8381989515      -20.5169894579    
  -20.2000127408      -19.8872384202      -19.5786376144      -19.2741834741    
  -18.9738518113      -18.6776218076      -18.3854767850      -18.0974049936    
  -17.8134003428      -17.5334629739      -17.2575995507      -16.9858231254    
  -16.7181524409      -16.4546105541      -16.1952227097      -15.9400134733    
  -15.6890032235      -15.4422042125      -15.1996165024      -14.9612241618    
  -14.7269921354      -14.4968641754      -14.2707621303      -14.0485867465    
  -13.8302199568      -13.6155284516      -13.4043681754      -13.1965892964    
  -12.9920411711      -12.7905768761      -12.5920569773      -12.3963523442    
  -12.2033459542      -12.0129337472      -11.8250246802      -11.6395401706    
  -11.4564131309      -11.2755867778      -11.0970133627      -10.9206529321    
  -10.7464721864      -10.5744434691      -10.4045438980      -10.2367546285    
  -10.0710602340      -9.90744818186      -9.74590838641      -9.58643282079    
  -9.42901517618      -9.27365055841      -9.12033521665      -8.96906630138    
  -8.81984165046      -8.67265960318      -8.52751884276      -8.38441826718    
  -8.24335688815      -8.10433375661      -7.96734791447      -7.83239836387    
  -7.69948406598      -7.56860393753      -7.43975686233      -7.31294173086    
  -7.18815743897      -7.06540290390      -6.94467706972      -6.82597890326    
  -6.70930735052      -6.59466128127      -6.48203946250      -6.37144043280    
  -6.26286240271      -6.15630315969      -6.05175993273      -5.94922928129    
  -5.84870698643      -5.75018796476      -5.65366621203      -5.55913478634    
  -5.46658583848      -5.37601069514      -5.28739999699      -5.20074388958    
  -5.11603225966      -5.03325500377      -4.95240230969      -4.87346492552    
  -4.79643438607      -4.72130316243      -4.64806470127      -4.57671331668    
  -4.50724392121      -4.43965155781      -4.37393074685      -4.31007468441    
  -4.24807427209      -4.18791707940      -4.12958630231      -4.07305977414    
  -4.01830913331      -3.96529920996      -3.91398769410      -3.86432511964    
  -3.81625517175      -3.76971529656      -3.72463756591      -3.68094973034    
  -3.63857638172      -3.59744014474      -3.55746282225      -3.51856643259    
  -3.48067409378      -3.44371072848      -3.40760358158      -3.37228255768    
  -3.33768039804      -3.30373272453      -3.27037798249      -3.23755731616    
  -3.20521440908      -3.17329531951      -3.14174833786      -3.11052388894    
  -3.07957449832      -3.04885483846      -3.01832186587      -2.98793505673    
  -2.95765674448      -2.92745255679      -2.89729194459      -2.86714878956    
  -2.83700206870      -2.80683654932      -2.77664348007      -2.74642123894    
  -2.71617589536      -2.68592164255      -2.65568105782      -2.62548515387    
  -2.59537319238      -2.56539224285      -2.53559647973      -2.50604623360    
  -2.47680680961      -2.44794711536      -2.41953815012      -2.39165138938    
  -2.36435713066      -2.33772285556      -2.31181165254      -2.28668074717    
  -2.26238017528      -2.23895162699      -2.21642748099      -2.19483004112    
  -2.17417098064      -2.15445099451      -2.13565965665      -2.11777547606    
  -2.10076614503      -2.08458897140      -2.06919148667      -2.05451222122    
  -2.04048163709      -2.02702320729      -2.01405462845      -2.00148915030    
  -1.98923700203      -1.97720689081      -1.96530754378      -1.95344926009    
  -1.94154543658      -1.92951402822      -1.91727890427      -1.90477106227    
  -1.89192966594      -1.87870287878      -1.86504847229      -1.85093419695    
  -1.83633791313      -1.82124748888      -1.80566048006      -1.78958361607    
  -1.77303212034      -1.75602889848      -1.73860362926      -1.72079179341    
  -1.70263367377      -1.68417335706      -1.66545776374      -1.64653572778    
  -1.62745714313      -1.60827218924      -1.58903064318      -1.56978128210    
  -1.55057137640      -1.53144627107      -1.51244905070      -1.49362028199    
  -1.47499782664      -1.45661671706      -1.43850908679      -1.42070414822    
  -1.40322820985      -1.38610472653      -1.36935437605      -1.35299515661    
  -1.33704250010      -1.32150939675      -1.30640652762      -1.29174240155    
  -1.27752349427      -1.26375438716      -1.25043790442      -1.23757524691    
  -1.22516612199      -1.21320886837      -1.20170057567      -1.19063719822    
  -1.18001366304      -1.16982397189      -1.16006129741      -1.15071807358    
  -1.14178608058      -1.13325652423      -1.12512011039      -1.11736711434    
  -1.10998744567      -1.10297070862      -1.09630625841      -1.08998325359    
  -1.08399070471      -1.07831751954      -1.07295254498      -1.06788460595    
  -1.06310254124      -1.05859523673      -1.05435165591      -1.05036086789    
  -1.04661207313      -1.04309462687      -1.03979806037      -1.03671210022    
  -1.03382668555      -1.03113198346      -1.02861840266      -1.02627660532    
  -1.02409751738      -1.02207233723      -1.02019254291      -1.01844989791    
  -1.01683645559      -1.01534456236      -1.01396685955      -1.01269628427    
  -1.01152606908      -1.01044974069      -1.00946111778      -1.00855430759    
  -1.00772370410      -1.00696399031      -1.00635114507      -1.00643101895    
  -1.00651188072      -1.00659378055      -1.00667671922      -1.00676070308    
  -1.00684574320      -1.00693185272      -1.00701904521      -1.00710733433    
  -1.00719673392      -1.00728725796      -1.00737892062      -1.00747173622    
  -1.00756571927      -1.00766088448      -1.00775724671      -1.00785482103    
  -1.00795362267      -1.00805366708      -1.00815496990      -1.00825754694    
  -1.00836141425      -1.00846658804      -1.00857308476      -1.00868092104    
  -1.00879011374      -1.00890067991      -1.00901263683      -1.00912600199    
  -1.00924079312      -1.00935702813      -1.00947472521      -1.00959390273    
  -1.00971457932      -1.00983677384      -1.00996050537      -1.01008579326    
  -1.01021265707      -1.01034111663      -1.01047119202      -1.01060290355    
  -1.01073627181      -1.01087131763      -1.01100806212      -1.01114652665    
  -1.01128673285      -1.01142870262      -1.01157245815      -1.01171802191    
  -1.01186541663      -1.01201466534      -1.01216579138      -1.01231881835    
  -1.01247377016      -1.01263067102      -1.01278954546      -1.01295041828    
  -1.01311331464      -1.01327825999      -1.01344528009      -1.01361440104    
  -1.01378564927      -1.01395905155      -1.01413463495      -1.01431242692    
  -1.01449245524      -1.01467474804      -1.01485933380      -1.01504624136    
  -1.01523549992      -1.01542713907      -1.01562118874      -1.01581767926    
  -1.01601664132      -1.01621810602      -1.01642210483      -1.01662866963    
  -1.01683783269      -1.01704962671      -1.01726408476      -1.01748124037    
  -1.01770112745      -1.01792378037      -1.01814923393      -1.01837752334    
  -1.01860868428      -1.01884275286      -1.01907976566      -1.01931975972    
  -1.01956277253      -1.01980884207      -1.02005800678      -1.02031030559    
  -1.02056577794      -1.02082446373      -1.02108640339      -1.02135163784    
  -1.02162020854      -1.02189215743      -1.02216752702      -1.02244636034    
  -1.02272870095      -1.02301459296      -1.02330408105      -1.02359721046    
  -1.02389402698      -1.02419457699      -1.02449890745      -1.02480706592    
  -1.02511910054      -1.02543506009      -1.02575499390      -1.02607895200    
  -1.02640698499      -1.02673914411      -1.02707548130      -1.02741604908    
  -1.02776090066      -1.02811008996      -1.02846367152      -1.02882170058    
  -1.02918423310      -1.02955132570      -1.02992303578      -1.03029942138    
  -1.03068054134      -1.03106645518      -1.03145722323      -1.03185290655    
  -1.03225356693      -1.03265926702      -1.03307007017      -1.03348604060    
  -1.03390724328      -1.03433374405      -1.03476560954      -1.03520290722    
  -1.03564570543      -1.03609407336      -1.03654808107      -1.03700779948    
  -1.03747330044      -1.03794465669      -1.03842194187      -1.03890523055    
  -1.03939459826      -1.03989012144      -1.04039187756      -1.04089994498    
  -1.04141440311      -1.04193533233      -1.04246281402    
