 Raios
  0.519647735591E-05  0.104583183504E-04  0.157863451569E-04  0.211813902904E-04
  0.266442967376E-04  0.321759180888E-04  0.377771186712E-04  0.434487736837E-04
  0.491917693339E-04  0.550070029765E-04  0.608953832538E-04  0.668578302370E-04
  0.728952755706E-04  0.790086626178E-04  0.851989466078E-04  0.914670947849E-04
  0.978140865601E-04  0.104240913664E-03  0.110748580301E-03  0.117338103307E-03
  0.124010512309E-03  0.130766849885E-03  0.137608171725E-03  0.144535546801E-03
  0.151550057528E-03  0.158652799939E-03  0.165844883850E-03  0.173127433041E-03
  0.180501585424E-03  0.187968493225E-03  0.195529323164E-03  0.203185256636E-03
  0.210937489896E-03  0.218787234247E-03  0.226735716227E-03  0.234784177802E-03
  0.242933876561E-03  0.251186085910E-03  0.259542095276E-03  0.268003210300E-03
  0.276570753049E-03  0.285246062220E-03  0.294030493346E-03  0.302925419014E-03
  0.311932229074E-03  0.321052330857E-03  0.330287149399E-03  0.339638127658E-03
  0.349106726744E-03  0.358694426144E-03  0.368402723958E-03  0.378233137124E-03
  0.388187201666E-03  0.398266472927E-03  0.408472525813E-03  0.418806955041E-03
  0.429271375385E-03  0.439867421934E-03  0.450596750341E-03  0.461461037086E-03
  0.472461979735E-03  0.483601297207E-03  0.494880730045E-03  0.506302040682E-03
  0.517867013722E-03  0.529577456214E-03  0.541435197940E-03  0.553442091696E-03
  0.565600013583E-03  0.577910863301E-03  0.590376564446E-03  0.602999064808E-03
  0.615780336680E-03  0.628722377160E-03  0.641827208470E-03  0.655096878265E-03
  0.668533459959E-03  0.682139053044E-03  0.695915783422E-03  0.709865803737E-03
  0.723991293705E-03  0.738294460465E-03  0.752777538914E-03  0.767442792064E-03
  0.782292511390E-03  0.797329017191E-03  0.812554658952E-03  0.827971815710E-03
  0.843582896426E-03  0.859390340366E-03  0.875396617472E-03  0.891604228760E-03
  0.908015706701E-03  0.924633615621E-03  0.941460552104E-03  0.958499145392E-03
  0.975752057800E-03  0.993221985131E-03  0.101091165710E-02  0.102882383774E-02
  0.104696132589E-02  0.106532695554E-02  0.108392359638E-02  0.110275415417E-02
  0.112182157122E-02  0.114112882684E-02  0.116067893785E-02  0.118047495898E-02
  0.120051998340E-02  0.122081714319E-02  0.124136960982E-02  0.126218059466E-02
  0.128325334946E-02  0.130459116689E-02  0.132619738102E-02  0.134807536786E-02
  0.137022854591E-02  0.139266037663E-02  0.141537436504E-02  0.143837406026E-02
  0.146166305603E-02  0.148524499131E-02  0.150912355081E-02  0.153330246562E-02
  0.155778551374E-02  0.158257652069E-02  0.160767936012E-02  0.163309795440E-02
  0.165883627524E-02  0.168489834429E-02  0.171128823383E-02  0.173801006730E-02
  0.176506802007E-02  0.179246631998E-02  0.182020924808E-02  0.184830113926E-02
  0.187674638292E-02  0.190554942371E-02  0.193471476215E-02  0.196424695539E-02
  0.199415061789E-02  0.202443042215E-02  0.205509109947E-02  0.208613744064E-02
  0.211757429670E-02  0.214940657973E-02  0.218163926359E-02  0.221427738470E-02
  0.224732604283E-02  0.228079040192E-02  0.231467569082E-02  0.234898720418E-02
  0.238373030326E-02  0.241891041672E-02  0.245453304153E-02  0.249060374380E-02
  0.252712815966E-02  0.256411199611E-02  0.260156103195E-02  0.263948111868E-02
  0.267787818138E-02  0.271675821967E-02  0.275612730864E-02  0.279599159979E-02
  0.283635732199E-02  0.287723078247E-02  0.291861836780E-02  0.296052654486E-02
  0.300296186189E-02  0.304593094951E-02  0.308944052171E-02  0.313349737695E-02
  0.317810839922E-02  0.322328055906E-02  0.326902091473E-02  0.331533661325E-02
  0.336223489154E-02  0.340972307754E-02  0.345780859140E-02  0.350649894656E-02
  0.355580175099E-02  0.360572470836E-02  0.365627561923E-02  0.370746238228E-02
  0.375929299555E-02  0.381177555768E-02  0.386491826917E-02  0.391872943368E-02
  0.397321745932E-02  0.402839085995E-02  0.408425825652E-02  0.414082837844E-02
  0.419811006489E-02  0.425611226626E-02  0.431484404551E-02  0.437431457960E-02
  0.443453316091E-02  0.449550919874E-02  0.455725222070E-02  0.461977187428E-02
  0.468307792828E-02  0.474718027442E-02  0.481208892881E-02  0.487781403357E-02
  0.494436585837E-02  0.501175480207E-02  0.507999139434E-02  0.514908629728E-02
  0.521905030710E-02  0.528989435583E-02  0.536162951300E-02  0.543426698736E-02
  0.550781812868E-02  0.558229442946E-02  0.565770752678E-02  0.573406920410E-02
  0.581139139307E-02  0.588968617544E-02  0.596896578495E-02  0.604924260918E-02
  0.613052919155E-02  0.621283823326E-02  0.629618259526E-02  0.638057530028E-02
  0.646602953486E-02  0.655255865138E-02  0.664017617019E-02  0.672889578173E-02
  0.681873134860E-02  0.690969690779E-02  0.700180667286E-02  0.709507503615E-02
  0.718951657102E-02  0.728514603417E-02  0.738197836788E-02  0.748002870241E-02
  0.757931235832E-02  0.767984484889E-02  0.778164188252E-02  0.788471936520E-02
  0.798909340300E-02  0.809478030458E-02  0.820179658373E-02  0.831015896196E-02
  0.841988437111E-02  0.853098995601E-02  0.864349307712E-02  0.875741131329E-02
  0.887276246447E-02  0.898956455452E-02  0.910783583399E-02  0.922759478303E-02
  0.934886011420E-02  0.947165077546E-02  0.959598595311E-02  0.972188507476E-02
  0.984936781241E-02  0.997845408550E-02  0.101091640640E-01  0.102415181717E-01
  0.103755370891E-01  0.105112417569E-01  0.106486533793E-01  0.107877934272E-01
  0.109286836414E-01  0.110713460363E-01  0.112158029033E-01  0.113620768140E-01
  0.115101906239E-01  0.116601674763E-01  0.118120308052E-01  0.119658043396E-01
  0.121215121070E-01  0.122791784370E-01  0.124388279653E-01  0.126004856374E-01
  0.127641767127E-01  0.129299267683E-01  0.130977617030E-01  0.132677077412E-01
  0.134397914374E-01  0.136140396801E-01  0.137904796959E-01  0.139691390538E-01
  0.141500456698E-01  0.143332278109E-01  0.145187140997E-01  0.147065335188E-01
  0.148967154153E-01  0.150892895057E-01  0.152842858799E-01  0.154817350065E-01
  0.156816677374E-01  0.158841153124E-01  0.160891093645E-01  0.162966819244E-01
  0.165068654256E-01  0.167196927098E-01  0.169351970317E-01  0.171534120642E-01
  0.173743719040E-01  0.175981110764E-01  0.178246645411E-01  0.180540676976E-01
  0.182863563906E-01  0.185215669157E-01  0.187597360249E-01  0.190009009328E-01
  0.192450993218E-01  0.194923693483E-01  0.197427496490E-01  0.199962793461E-01
  0.202529980542E-01  0.205129458861E-01  0.207761634592E-01  0.210426919019E-01
  0.213125728596E-01  0.215858485019E-01  0.218625615286E-01  0.221427551767E-01
  0.224264732270E-01  0.227137600110E-01  0.230046604180E-01  0.232992199016E-01
  0.235974844875E-01  0.238995007799E-01  0.242053159697E-01  0.245149778410E-01
  0.248285347791E-01  0.251460357780E-01  0.254675304479E-01  0.257930690228E-01
  0.261227023690E-01  0.264564819922E-01  0.267944600462E-01  0.271366893408E-01
  0.274832233500E-01  0.278341162205E-01  0.281894227799E-01  0.285491985456E-01
  0.289134997334E-01  0.292823832660E-01  0.296559067823E-01  0.300341286460E-01
  0.304171079551E-01  0.308049045509E-01  0.311975790273E-01  0.315951927407E-01
  0.319978078188E-01  0.324054871713E-01  0.328182944986E-01  0.332362943030E-01
  0.336595518976E-01  0.340881334174E-01  0.345221058291E-01  0.349615369417E-01
  0.354064954172E-01  0.358570507814E-01  0.363132734344E-01  0.367752346620E-01
  0.372430066464E-01  0.377166624781E-01  0.381962761667E-01  0.386819226529E-01
  0.391736778198E-01  0.396716185053E-01  0.401758225135E-01  0.406863686275E-01
  0.412033366210E-01  0.417268072713E-01  0.422568623719E-01  0.427935847449E-01
  0.433370582542E-01  0.438873678187E-01  0.444445994254E-01  0.450088401429E-01
  0.455801781349E-01  0.461587026741E-01  0.467445041562E-01  0.473376741139E-01
  0.479383052312E-01  0.485464913578E-01  0.491623275242E-01  0.497859099559E-01
  0.504173360891E-01  0.510567045852E-01  0.517041153470E-01  0.523596695337E-01
  0.530234695770E-01  0.536956191969E-01  0.543762234183E-01  0.550653885869E-01
  0.557632223862E-01  0.564698338541E-01  0.571853334001E-01  0.579098328224E-01
  0.586434453257E-01  0.593862855382E-01  0.601384695304E-01  0.609001148325E-01
  0.616713404531E-01  0.624522668977E-01  0.632430161879E-01  0.640437118796E-01
  0.648544790834E-01  0.656754444831E-01  0.665067363563E-01  0.673484845940E-01
  0.682008207211E-01  0.690638779170E-01  0.699377910359E-01  0.708226966287E-01
  0.717187329636E-01  0.726260400480E-01  0.735447596507E-01  0.744750353234E-01
  0.754170124236E-01  0.763708381370E-01  0.773366615010E-01  0.783146334274E-01
  0.793049067262E-01  0.803076361298E-01  0.813229783165E-01  0.823510919358E-01
  0.833921376324E-01  0.844462780718E-01  0.855136779657E-01  0.865945040974E-01
  0.876889253482E-01  0.887971127237E-01  0.899192393804E-01  0.910554806529E-01
  0.922060140812E-01  0.933710194384E-01  0.945506787590E-01  0.957451763673E-01
  0.969546989058E-01  0.981794353650E-01  0.994195771124E-01  0.100675317923    
  0.101946854008      0.103234384048      0.104538109222      0.105858233241    
  0.107194962375      0.108548505492      0.109919074086      0.111306882310    
  0.112712147012      0.114135087769      0.115575926917      0.117034889590    
  0.118512203755      0.120008100244      0.121522812795      0.123056578084    
  0.124609635766      0.126182228508      0.127774602032      0.129387005149    
  0.131019689801      0.132672911097      0.134346927357      0.136042000150    
  0.137758394334      0.139496378099      0.141256223008      0.143038204041    
  0.144842599637      0.146669691735      0.148519765822      0.150393110977    
  0.152290019912      0.154210789025      0.156155718439      0.158125112054    
  0.160119277591      0.162138526642      0.164183174720      0.166253541304    
  0.168349949894      0.170472728058      0.172622207484      0.174798724033    
  0.177002617790      0.179234233118      0.181493918711      0.183782027650    
  0.186098917456      0.188444950148      0.190820492299      0.193225915092    
  0.195661594379      0.198127910739      0.200625249541      0.203154000997    
  0.205714560231      0.208307327336      0.210932707436      0.213591110752    
  0.216282952665      0.219008653782      0.221768639998      0.224563342567    
  0.227393198166      0.230258648967      0.233160142703      0.236098132736    
  0.239073078135      0.242085443740      0.245135700240      0.248224324244    
  0.251351798355      0.254518611248      0.257725257743      0.260972238886    
  0.264260062023      0.267589240885      0.270960295661      0.274373753087    
  0.277830146522      0.281330016034      0.284873908485      0.288462377615    
  0.292095984131      0.295775295790      0.299500887492      0.303273341369    
  0.307093246874      0.310961200876      0.314877807750      0.318843679473    
  0.322859435722      0.326925703966      0.331043119568      0.335212325882    
  0.339433974357      0.343708724632      0.348037244646      0.352420210739    
  0.356858307759      0.361352229168      0.365902677149      0.370510362719    
  0.375176005839      0.379900335525      0.384684089963      0.389528016625    
  0.394432872383      0.399399423632      0.404428446405      0.409520726497    
  0.414677059587      0.419898251364      0.425185117648      0.430538484523    
  0.435959188465      0.441448076468      0.447006006183      0.452633846047    
  0.458332475423      0.464102784732      0.469945675597      0.475862060981    
  0.481852865333      0.487919024726      0.494061487012      0.500281211962    
  0.506579171420      0.512956349457      0.519413742518      0.525952359586    
  0.532573222331      0.539277365277      0.546065835960      0.552939695093    
  0.559900016730      0.566947888436      0.574084411454      0.581310700881    
  0.588627885839      0.596037109654      0.603539530032      0.611136319240    
  0.618828664294      0.626617767137      0.634504844833      0.642491129753    
  0.650577869772      0.658766328457      0.667057785274      0.675453535778    
  0.683954891823      0.692563181763      0.701279750661      0.710105960499    
  0.719043190389      0.728092836792      0.737256313734      0.746535053027    
  0.755930504492      0.765444136188      0.775077434640      0.784831905069    
  0.794709071632      0.804710477656      0.814837685880      0.825092278703    
  0.835475858425      0.845990047501      0.856636488794      0.867416845834    
  0.878332803072      0.889386066149      0.900578362161      0.911911439925    
  0.923387070259      0.935007046253      0.946773183552      0.958687320638    
  0.970751319121      0.982967064024      0.995336464082       1.00786145204    
   1.02054398495       1.03338604449       1.04638963725       1.05955679507    
   1.07288957535       1.08639006136       1.10006036258       1.11390261502    
   1.12791898156       1.14211165229       1.15648284484       1.17103480474    
   1.18576980576       1.20069015027       1.21579816962       1.23109622446    
   1.24658670514       1.26227203208       1.27815465614       1.29423705902    
   1.31052175363       1.32701128448       1.34370822809       1.36061519340    
   1.37773482215       1.39506978933       1.41262280354       1.43039660750    
   1.44839397839       1.46661772834       1.48507070484       1.50375579121    
   1.52267590704       1.54183400862       1.56123308946       1.58087618070    
   1.60076635160       1.62090671006       1.64130040305       1.66195061711    
   1.68286057888       1.70403355560       1.72547285558       1.74718182876    
   1.76916386720       1.79142240565       1.81396092205       1.83678293808    
   1.85989201973       1.88329177785       1.90698586869       1.93097799451    
   1.95527190412       1.97987139349       2.00478030634       2.03000253475    
   2.05554201974       2.08140275191       2.10758877203       2.13410417175    
   2.16095309413       2.18813973439       2.21566834048       2.24354321380    
   2.27176870988       2.30034923898       2.32928926689       2.35859331553    
   2.38826596373       2.41831184790       2.44873566277       2.47954216212    
   2.51073615952       2.54232252911       2.57430620632       2.60669218867    
   2.63948553652       2.67269137391       2.70631488932       2.74036133649    
   2.77483603524       2.80974437232       2.84509180222       2.88088384807    
   2.91712610242       2.95382422821       2.99098395961       3.02861110288    
   3.06671153735       3.10529121629       3.14435616785       3.18391249601    
   3.22396638153       3.26452408290       3.30559193736       3.34717636184    
   3.38928385398       3.43192099317       3.47509444155       3.51881094506    
   3.56307733449       3.60790052656       3.65328752497       3.69924542154    
   3.74578139729       3.79290272356       3.84061676314       3.88893097146    
   3.93785289771       3.98739018603       4.03755057674       4.08834190749    
   4.13977211453       4.19184923394       4.24458140287       4.29797686084    
   4.35204395098       4.40679112140       4.46222692645       4.51836002808    
   4.57519919721       4.63275331508       4.69103137463       4.75004248193    
   4.80979585758       4.87030083818       4.93156687774       4.99360354920    
   5.05642054594       5.12002768322       5.18443489980       5.24965225943    
   5.31568995246       5.38255829741       5.45026774259       5.51882886775    
   5.58825238570       5.65854914401       5.72973012669       5.80180645590    
   5.87478939374       5.94869034391       6.02352085361       6.09929261525    
   6.17601746832       6.25370740124       6.33237455321       6.41203121614    
   6.49268983655       6.57436301750       6.65706352061       6.74080426798    
   6.82559834429       6.91145899878       6.99839964734       7.08643387465    
   7.17557543621       7.26583826059       7.35723645153       7.44978429019    
   7.54349623735       7.63838693569       7.73447121209       7.83176407990    
   7.93028074133       8.03003658982       8.13104721241       8.23332839223    
   8.33689611090       8.44176655111       8.54795609907       8.65548134711    
   8.76435909627       8.87460635893       8.98624036143       9.09927854683    
   9.21373857756       9.32963833824       9.44699593845       9.56582971554    
   9.68615823755       9.80800030603       9.93137495907       10.0563014742    
   10.1827993714       10.3108884164       10.4405886231       10.5719202577    
   10.7049038408       10.8395601515       10.9759102300       11.1139753815    
   11.2537771787       11.3953374661       11.5386783626       11.6838222658    
   11.8307918544       11.9796100929       12.1303002344       12.2828858246    
   12.4373907052       12.5938390179       12.7522552082       12.9126640288    
   13.0750905441       13.2395601333       13.4060984954       13.5747316521    
   13.7454859529       13.9183880783       14.0934650448       14.2707442083    
   14.4502532693       14.6320202763       14.8160736307       15.0024420914    
   15.1911547787       15.3822411794       15.5757311512       15.7716549271    
   15.9700431208       16.1709267308       16.3743371455       16.5803061483    
   16.7888659222       17.0000490551       17.2138885448       17.4304178042    
   17.6496706663       17.8716813900       18.0964846648       18.3241156167    
   18.5546098134       18.7880032703       19.0243324555       19.2636342958    
   19.5059461828       19.7513059781       19.9997520197       20.2513231278    
   20.5060586108       20.7639982718       21.0251824144       21.2896518490    
   21.5574478996       21.8286124098       22.1031877496       22.3812168221    
   22.6627430698       22.9478104818       23.2364636004       23.5287475282    
   23.8247079353       24.1243910660       24.4278437464       24.7351133917    
   25.0462480134       25.3612962267       25.6803072588       26.0033309557    
   26.3304177905       26.6616188712       26.9969859486       27.3365714246    
   27.6804283600       28.0286104833       28.3811721985       28.7381685941    
   29.0996554516       29.4656892540       29.8363271949       30.2116271872    
   30.5916478722       30.9764486290       31.3660895834       31.7606316177    
   32.1601363799       32.5646662934       32.9742845668       33.3890552038    
   33.8090430131       34.2343136188       34.6649334701       35.1009698524    
   35.5424908972       35.9895655931       36.4422637963       36.9006562420    
   37.3648145548       37.8348112605       38.3107197970       38.7926145259    
   39.2805707443       39.7746646964       40.2749735853       40.7815755853    
   41.2945498541       41.8139765448       42.3399368189       42.8725128589    
   43.4117878808       43.9578461475       44.5107729815       45.0706547790    
   45.6375790225       46.2116342952       46.7929102942       47.3814978453    
   47.9774889163       48.5809766322       49.1920552890       49.8108203691    
   50.4373685558       51.0717977485       51.7142070781       52.3646969223    
   53.0233689214       53.6903259944       54.3656723546       55.0495135262    
   55.7419563609       56.4431090543       57.1530811628       57.8719836211    
   58.5999287591       59.3370303198       60.0834034767       60.8391648522    
   61.6044325355       62.3793261013       63.1639666283       63.9584767182    
   64.7629805146       65.5776037232       66.4024736302       67.2377191234    
   68.0834707116       68.9398605451       69.8070224367       70.6850918821    
   71.5742060815       72.4745039607       73.3861261932       74.3092152217    
   75.2439152809       76.1903724195       77.1487345233       78.1191513384    
   79.1017744944       80.0967575281       81.1042559077       82.1244270568    
   83.1574303794       84.2034272841       85.2625812102       86.3350576527    
   87.4210241881       88.5206505010       89.6341084101       90.7615718956    
   91.9032171259       93.0592224855       94.2297686024       95.4150383769    
   96.6152170099       97.8304920316       99.0610533313       100.307093187    
   101.568806294       102.846389798       104.140043325       105.449969010    
   106.776371532       108.119458143       109.479438704       110.856525715    
   112.250934349       113.662882483       115.092590739       116.540282511    
   118.006184003       119.490524267    
Down potential follows (l on next line)
 1
  -11.9720173404      -12.0693291693      -11.9345391418      -12.0257859272    
  -11.9957988780      -12.0060773829      -11.9989652017      -12.0049391790    
  -12.0049476271      -12.0068627038      -12.0085520055      -12.0104519135    
  -12.0123776559      -12.0143780415      -12.0163880396      -12.0183989382    
  -12.0203827644      -12.0223233426      -12.0242049615      -12.0260161084    
  -12.0277479223      -12.0293943284      -12.0309515147      -12.0324176395    
  -12.0337924583      -12.0350770139      -12.0362733460      -12.0373842439    
  -12.0384130347      -12.0393634077      -12.0402392712      -12.0410446386    
  -12.0417835388      -12.0424599483      -12.0430777402      -12.0436406479    
  -12.0441522403      -12.0446159057      -12.0450348438      -12.0454120617    
  -12.0457503754      -12.0460524139      -12.0463206248      -12.0465572823    
  -12.0467644959      -12.0469442194      -12.0470982601      -12.0472282884    
  -12.0473358471      -12.0474223599      -12.0474891401      -12.0475373991    
  -12.0475682533      -12.0475827319      -12.0475817833      -12.0475662816    
  -12.0475370319      -12.0474947761      -12.0474401980      -12.0473739271    
  -12.0472965439      -12.0472085828      -12.0471105361      -12.0470028576    
  -12.0468859648      -12.0467602425      -12.0466260448      -12.0464836977    
  -12.0463335011      -12.0461757308      -12.0460106403      -12.0458384627    
  -12.0456594115      -12.0454736831      -12.0452814569      -12.0450828975    
  -12.0448781552      -12.0446673669      -12.0444506576      -12.0442281407    
  -12.0439999189      -12.0437660852      -12.0435267232      -12.0432819079    
  -12.0430317061      -12.0427761774      -12.0425153737      -12.0422493408    
  -12.0419781180      -12.0417017387      -12.0414202309      -12.0411336174    
  -12.0408419160      -12.0405451398      -12.0402432978      -12.0399363946    
  -12.0396244310      -12.0393074039      -12.0389853070      -12.0386581304    
  -12.0383258609      -12.0379884826      -12.0376459763      -12.0372983203    
  -12.0369454900      -12.0365874583      -12.0362241959      -12.0358556707    
  -12.0354818487      -12.0351026934      -12.0347181664      -12.0343282270    
  -12.0339328329      -12.0335319394      -12.0331255002      -12.0327134672    
  -12.0322957903      -12.0318724178      -12.0314432963      -12.0310083707    
  -12.0305675843      -12.0301208787      -12.0296681940      -12.0292094687    
  -12.0287446397      -12.0282736427      -12.0277964114      -12.0273128785    
  -12.0268229750      -12.0263266303      -12.0258237727      -12.0253143289    
  -12.0247982240      -12.0242753819      -12.0237457251      -12.0232091746    
  -12.0226656499      -12.0221150693      -12.0215573494      -12.0209924058    
  -12.0204201523      -12.0198405015      -12.0192533644      -12.0186586509    
  -12.0180562691      -12.0174461259      -12.0168281266      -12.0162021753    
  -12.0155681743      -12.0149260247      -12.0142756261      -12.0136168764    
  -12.0129496723      -12.0122739087      -12.0115894792      -12.0108962757    
  -12.0101941887      -12.0094831071      -12.0087629181      -12.0080335075    
  -12.0072947593      -12.0065465560      -12.0057887784      -12.0050213058    
  -12.0042440156      -12.0034567836      -12.0026594840      -12.0018519890    
  -12.0010341694      -12.0002058940      -11.9993670299      -11.9985174424    
  -11.9976569948      -11.9967855488      -11.9959029641      -11.9950090985    
  -11.9941038079      -11.9931869464      -11.9922583658      -11.9913179164    
  -11.9903654459      -11.9894008005      -11.9884238241      -11.9874343584    
  -11.9864322433      -11.9854173162      -11.9843894126      -11.9833483658    
  -11.9822940067      -11.9812261642      -11.9801446646      -11.9790493322    
  -11.9779399888      -11.9768164539      -11.9756785445      -11.9745260754    
  -11.9733588587      -11.9721767042      -11.9709794190      -11.9697668078    
  -11.9685386726      -11.9672948129      -11.9660350254      -11.9647591043    
  -11.9634668409      -11.9621580239      -11.9608324390      -11.9594898692    
  -11.9581300948      -11.9567528928      -11.9553580377      -11.9539453006    
  -11.9525144499      -11.9510652508      -11.9495974654      -11.9481108528    
  -11.9466051687      -11.9450801658      -11.9435355934      -11.9419711975    
  -11.9403867208      -11.9387819027      -11.9371564790      -11.9355101821    
  -11.9338427409      -11.9321538807      -11.9304433231      -11.9287107864    
  -11.9269559847      -11.9251786286      -11.9233784250      -11.9215550768    
  -11.9197082830      -11.9178377388      -11.9159431351      -11.9140241591    
  -11.9120804937      -11.9101118177      -11.9081178057      -11.9060981280    
  -11.9040524507      -11.9019804354      -11.8998817394      -11.8977560155    
  -11.8956029118      -11.8934220722      -11.8912131355      -11.8889757362    
  -11.8867095037      -11.8844140630      -11.8820890338      -11.8797340311    
  -11.8773486649      -11.8749325402      -11.8724852566      -11.8700064090    
  -11.8674955866      -11.8649523736      -11.8623763487      -11.8597670853    
  -11.8571241513      -11.8544471089      -11.8517355149      -11.8489889202    
  -11.8462068702      -11.8433889042      -11.8405345560      -11.8376433532    
  -11.8347148174      -11.8317484643      -11.8287438032      -11.8257003375    
  -11.8226175642      -11.8194949738      -11.8163320506      -11.8131282724    
  -11.8098831103      -11.8065960291      -11.8032664866      -11.7998939339    
  -11.7964778156      -11.7930175689      -11.7895126246      -11.7859624060    
  -11.7823663296      -11.7787238046      -11.7750342331      -11.7712970098    
  -11.7675115221      -11.7636771500      -11.7597932658      -11.7558592345    
  -11.7518744134      -11.7478381519      -11.7437497920      -11.7396086676    
  -11.7354141049      -11.7311654219      -11.7268619289      -11.7225029279    
  -11.7180877129      -11.7136155695      -11.7090857754      -11.7044975996    
  -11.6998503031      -11.6951431382      -11.6903753490      -11.6855461707    
  -11.6806548302      -11.6757005459      -11.6706825271      -11.6655999748    
  -11.6604520811      -11.6552380292      -11.6499569936      -11.6446081398    
  -11.6391906245      -11.6337035954      -11.6281461913      -11.6225175419    
  -11.6168167680      -11.6110429812      -11.6051952841      -11.5992727703    
  -11.5932745243      -11.5871996214      -11.5810471279      -11.5748161009    
  -11.5685055885      -11.5621146296      -11.5556422541      -11.5490874830    
  -11.5424493278      -11.5357267914      -11.5289188676      -11.5220245411    
  -11.5150427878      -11.5079725748      -11.5008128602      -11.4935625934    
  -11.4862207153      -11.4787861578      -11.4712578446      -11.4636346906    
  -11.4559156025      -11.4480994786      -11.4401852093      -11.4321716764    
  -11.4240577541      -11.4158423086      -11.4075241986      -11.3991022749    
  -11.3905753811      -11.3819423535      -11.3732020211      -11.3643532063    
  -11.3553947244      -11.3463253844      -11.3371439888      -11.3278493341    
  -11.3184402106      -11.3089154033      -11.2992736913      -11.2895138489    
  -11.2796346453      -11.2696348449      -11.2595132079      -11.2492684904    
  -11.2388994447      -11.2284048196      -11.2177833608      -11.2070338113    
  -11.1961549116      -11.1851454000      -11.1740040134      -11.1627294873    
  -11.1513205561      -11.1397759539      -11.1280944150      -11.1162746736    
  -11.1043154652      -11.0922155264      -11.0799735956      -11.0675884136    
  -11.0550587238      -11.0423832733      -11.0295608126      -11.0165900970    
  -11.0034698865      -10.9901989468      -10.9767760495      -10.9631999731    
  -10.9494695034      -10.9355834340      -10.9215405671      -10.9073397143    
  -10.8929796968      -10.8784593464      -10.8637775062      -10.8489330311    
  -10.8339247885      -10.8187516593      -10.8034125381      -10.7879063343    
  -10.7722319730      -10.7563883951      -10.7403745585      -10.7241894389    
  -10.7078320302      -10.6913013455      -10.6745964180      -10.6577163013    
  -10.6406600705      -10.6234268230      -10.6060156788      -10.5884257821    
  -10.5706563010      -10.5527064291      -10.5345753858      -10.5162624173    
  -10.4977667971      -10.4790878265      -10.4602248361      -10.4411771857    
  -10.4219442651      -10.4025254952      -10.3829203281      -10.3631282482    
  -10.3431487722      -10.3229814505      -10.3026258668      -10.2820816393    
  -10.2613484210      -10.2404259000      -10.2193138000      -10.1980118810    
  -10.1765199390      -10.1548378070      -10.1329653545      -10.1109024887    
  -10.0886491536      -10.0662053308      -10.0435710395      -10.0207463362    
  -9.99773131493      -9.97452610705      -9.95113088106      -9.92754584235    
  -9.90377123297      -9.87980733119      -9.85565445109      -9.83131294204    
  -9.80678318811      -9.78206560739      -9.75716065127      -9.73206880362    
  -9.70679057982      -9.68132652588      -9.65567721725      -9.62984325777    
  -9.60382527834      -9.57762393565      -9.55123991077      -9.52467390758    
  -9.49792665128      -9.47099888668      -9.44389137642      -9.41660489921    
  -9.38914024785      -9.36149822732      -9.33367965267      -9.30568534690    
  -9.27751613880      -9.24917286070      -9.22065634617      -9.19196742767    
  -9.16310693419      -9.13407568884      -9.10487450642      -9.07550419101    
  -9.04596553353      -9.01625930936      -8.98638627593      -8.95634717043    
  -8.92614270756      -8.89577357735      -8.86524044308      -8.83454393942    
  -8.80368467057      -8.77266320872      -8.74148009264      -8.71013582655    
  -8.67863087920      -8.64696568337      -8.61514063554      -8.58315609613    
  -8.55101238998      -8.51870980743      -8.48624860581      -8.45362901154    
  -8.42085122279      -8.38791541278      -8.35482173379      -8.32157032191    
  -8.28816130256      -8.25459479683      -8.22087092875      -8.18698983341    
  -8.15295166608      -8.11875661231      -8.08440489901      -8.04989680662    
  -8.01523268224      -7.98041295382      -7.94543814541      -7.91030889325    
  -7.87502596289      -7.83959026707      -7.80400288436      -7.76826507835    
  -7.73237831728      -7.69634429390      -7.66016494532      -7.62384247252    
  -7.58737935935      -7.55077839045      -7.51404266787      -7.47717562586    
  -7.44018104331      -7.40306305338      -7.36582614963      -7.32847518815    
  -7.29101538497      -7.25345230799      -7.21579186294      -7.17804027230    
  -7.14020404673      -7.10228994809      -7.06430494315      -7.02625614720    
  -6.98815075718      -6.94999597245      -6.91179890280      -6.87356646284    
  -6.83530525067      -6.79702140990      -6.75872047297      -6.72040718344    
  -6.68208529448      -6.64375734021      -6.60542437573      -6.56708568073    
  -6.52873842111      -6.49037726186      -6.45199392389      -6.41357667756    
  -6.37510976553      -6.33657274961      -6.29793977906      -6.25917878329    
  -6.22025060084      -6.18110806935      -6.14169511972      -6.10194594312    
  -6.06178433206      -6.02112333766      -5.97986543303      -5.93790342492    
  -5.89512240587      -5.85140307835      -5.80662679414      -5.76068261796    
  -5.71347661892      -5.66494339215      -5.61505949900      -5.56385808474    
  -5.51144341775      -5.45800356225      -5.40381896272      -5.34926452960    
  -5.29480302246      -5.24096822837      -5.18833762856      -5.13749579825    
  -5.08899143614      -5.04329235101      -5.00074364949      -4.96153456382    
  -4.92567873286      -4.89301130177      -4.86320403371      -4.83579697917    
  -4.81024257283      -4.78595593671      -4.76236425893      -4.73894870680    
  -4.71527427185      -4.69100563927      -4.66590983726      -4.63984838945    
  -4.61276264466      -4.58465594632      -4.55557562806      -4.52559685390    
  -4.49480936704      -4.46330745147      -4.43118290764      -4.39852057612    
  -4.36539585306      -4.33187366326      -4.29800843419      -4.26384471163    
  -4.22941814966      -4.19475668652      -4.15988177827      -4.12480960734    
  -4.08955221429      -4.05411852281      -4.01851524287      -3.98274764640    
  -3.94682021674      -3.91073717768      -3.87450291054      -3.83812227011    
  -3.80160081119      -3.76494493782      -3.72816198735      -3.69126026115    
  -3.65424901250      -3.61713840181      -3.57993942747      -3.54266384007    
  -3.50532404605      -3.46793300579      -3.43050413042      -3.39305118015    
  -3.35558816650      -3.31812926008      -3.28068870469      -3.24328073856    
  -3.20591952275      -3.16861907665      -3.13139322046      -3.09425552412    
  -3.05721926237      -3.02029737529      -2.98350243403      -2.94684661102    
  -2.91034165443      -2.87399886623      -2.83782908372      -2.80184266399    
  -2.76604947118      -2.73045886632      -2.69507969941      -2.65992030387    
  -2.62498849299      -2.59029155861      -2.55583627172      -2.52162888527    
  -2.48767513905      -2.45398026678      -2.42054900548      -2.38738560726    
  -2.35449385363      -2.32187707241      -2.28953815749      -2.25747959152    
  -2.22570347156      -2.19421153807      -2.16300520701      -2.13208560540    
  -2.10145361025      -2.07110989072      -2.04105495410      -2.01128919364    
  -1.98181294144      -1.95262652284      -1.92373031080      -1.89512478668    
  -1.86681059915      -1.83878862330      -1.81106001966      -1.78362629299    
  -1.75648934784      -1.72965153686      -1.70311571022      -1.67688525522    
  -1.65096412729      -1.62535687456      -1.60006865056      -1.57510521631    
  -1.55047292982      -1.52617872259      -1.50223006242      -1.47863490222    
  -1.45540161490      -1.43253891455      -1.41005576471      -1.38796127450    
  -1.36626458413      -1.34497474114      -1.32410056943      -1.30365053286    
  -1.28363259585      -1.26405408317      -1.24492154117      -1.22624060300    
  -1.20801585974      -1.19025073981      -1.17294739847      -1.15610661906    
  -1.13972772757      -1.12380852166      -1.10834521507      -1.09333239808    
  -1.07876301444      -1.06462835478      -1.05091806661      -1.03762018038    
  -1.02472115128      -1.01220591604      -1.00005796397     -0.988259421436    
 -0.976791148687     -0.965632848147     -0.954763183032     -0.944159905237    
 -0.933799991376     -0.923659785847     -0.913715149768     -0.903941614640    
 -0.894314539529     -0.884809270564     -0.875401301520     -0.866066434169    
 -0.856780937130     -0.847521701817     -0.838266394123     -0.828993600421    
 -0.819682966447     -0.810315327665     -0.800872829699     -0.791339037528    
 -0.781699032164     -0.771939493699     -0.762048769728     -0.752016928334    
 -0.741835795032     -0.731498973310     -0.721001848611     -0.710341575911    
 -0.699517051269     -0.688528867991     -0.677379258299     -0.666072021618    
 -0.654612440770     -0.643007187556     -0.631264219309     -0.619392668090    
 -0.607402724254     -0.595305516105     -0.583112987333     -0.570837773859    
 -0.558493081607     -0.546092566610     -0.533650218707     -0.521180249931    
 -0.508696988521     -0.496214779329     -0.483747891210     -0.471310431843    
 -0.458916270248     -0.446578967147     -0.434311713179     -0.422127274853    
 -0.410037948059     -0.398055518830     -0.386191231011     -0.374455760447    
 -0.362859195218     -0.351411021493     -0.340120114482     -0.328994734037    
 -0.318042524400     -0.307270517637     -0.296685140303     -0.286292222922    
 -0.276097011852     -0.266104183194     -0.256317858366     -0.246741621043    
 -0.237378535183     -0.228231163858     -0.219301588694     -0.210591429691    
 -0.202101865275     -0.193833652405     -0.185787146640     -0.177962322027    
 -0.170358790747     -0.162975822435     -0.155812363121     -0.148867053749    
 -0.142138248238     -0.135624031068     -0.129322234378     -0.123230454557    
 -0.117346068340     -0.111666248403     -0.106187978464     -0.100908067905    
 -0.958231659170E-01 -0.909297751841E-01 -0.862242651178E-01 -0.817028846557E-01
 -0.773617746348E-01 -0.731969797526E-01 -0.692044601253E-01 -0.653801024555E-01
 -0.617197308169E-01 -0.582191170640E-01 -0.548739908748E-01 -0.516800494315E-01
 -0.486329667437E-01 -0.457284026192E-01 -0.429620112834E-01 -0.403294496514E-01
 -0.378263852521E-01 -0.354485038072E-01 -0.331915164638E-01 -0.310511666810E-01
 -0.290232367713E-01 -0.271035540953E-01 -0.252879969097E-01 -0.235724998688E-01
 -0.219530591798E-01 -0.204257374117E-01 -0.189866679586E-01 -0.176320591600E-01
 -0.163581980786E-01 -0.151614539387E-01 -0.140382812291E-01 -0.129852224737E-01
 -0.119989106742E-01 -0.110760714327E-01 -0.102135247573E-01 -0.940818657124E-02
 -0.865706986084E-02 -0.795728571680E-02 -0.730604432722E-02 -0.670065127627E-02
 -0.627085741861E-02 -0.634972841139E-02 -0.642958650850E-02 -0.651046866160E-02
 -0.659236230524E-02 -0.667528706139E-02 -0.675925446293E-02 -0.684427789450E-02
 -0.693037066299E-02 -0.701754624816E-02 -0.710581822695E-02 -0.719520038743E-02
 -0.728570680318E-02 -0.737735162455E-02 -0.747014917777E-02 -0.756411396716E-02
 -0.765926067857E-02 -0.775560418117E-02 -0.785315953099E-02 -0.795194197253E-02
 -0.805196694158E-02 -0.815325006803E-02 -0.825580717811E-02 -0.835965429707E-02
 -0.846480765117E-02 -0.857128367120E-02 -0.867909899448E-02 -0.878827046731E-02
 -0.889881514821E-02 -0.901075030976E-02 -0.912409344225E-02 -0.923886225585E-02
 -0.935507468335E-02 -0.947274888322E-02 -0.959190324226E-02 -0.971255637867E-02
 -0.983472714469E-02 -0.995843462979E-02 -0.100836981635E-01 -0.102105373185E-01
 -0.103389719136E-01 -0.104690220171E-01 -0.106007079495E-01 -0.107340502870E-01
 -0.108690698647E-01 -0.110057877795E-01 -0.111442253941E-01 -0.112844043395E-01
 -0.114263465189E-01 -0.115700741112E-01 -0.117156095740E-01 -0.118629756475E-01
 -0.120121953582E-01 -0.121632920217E-01 -0.123162892473E-01 -0.124712109409E-01
 -0.126280813097E-01 -0.127869248648E-01 -0.129477664258E-01 -0.131106311247E-01
 -0.132755444093E-01 -0.134425320476E-01 -0.136116201318E-01 -0.137828350822E-01
 -0.139562036517E-01 -0.141317529293E-01 -0.143095103451E-01 -0.144895036737E-01
 -0.146717610398E-01 -0.148563109213E-01 -0.150431821546E-01 -0.152324039387E-01
 -0.154240058398E-01 -0.156180177960E-01 -0.158144701223E-01 -0.160133935147E-01
 -0.162148190553E-01 -0.164187782173E-01 -0.166253028697E-01 -0.168344252825E-01
 -0.170461781314E-01 -0.172605945033E-01 -0.174777079011E-01 -0.176975522493E-01
 -0.179201618990E-01 -0.181455716332E-01 -0.183738166730E-01 -0.186049326820E-01
 -0.188389557723E-01 -0.190759225110E-01 -0.193158699241E-01 -0.195588355042E-01
 -0.198048572150E-01 -0.200539734982E-01 -0.203062232782E-01 -0.205616459700E-01
 -0.208202814838E-01 -0.210821702317E-01 -0.213473531347E-01 -0.216158716280E-01
 -0.218877676679E-01 -0.221630837391E-01 -0.224418628603E-01 -0.227241485909E-01
 -0.230099850390E-01 -0.232994168672E-01 -0.235924892996E-01 -0.238892481290E-01
 -0.241897397252E-01 -0.244940110404E-01 -0.248021096177E-01 -0.251140835978E-01
 -0.254299817277E-01 -0.257498533669E-01 -0.260737484957E-01 -0.264017177241E-01
 -0.267338122974E-01 -0.270700841060E-01 -0.274105856934E-01 -0.277553702635E-01
 -0.281044916899E-01 -0.284580045229E-01 -0.288159640002E-01 -0.291784260532E-01
 -0.295454473175E-01 -0.299170851412E-01 -0.302933975929E-01 -0.306744434730E-01
 -0.310602823199E-01 -0.314509744222E-01 -0.318465808262E-01 -0.322471633462E-01
 -0.326527845741E-01 -0.330635078886E-01 -0.334793974665E-01 -0.339005182916E-01
 -0.343269361643E-01 -0.347587177137E-01 -0.351959304063E-01 -0.356386425579E-01
 -0.360869233423E-01 -0.365408428053E-01 -0.370004718719E-01 -0.374658823608E-01
 -0.379371469928E-01 -0.384143394040E-01 -0.388975341569E-01 -0.393868067516E-01
 -0.398822336381E-01 -0.403838922275E-01 -0.408918609053E-01 -0.414062190423E-01
 -0.419270470083E-01 -0.424544261837E-01
Up potential follows (l on next line)
 1
  -11.9720173404      -12.0693291693      -11.9345391418      -12.0257859272    
  -11.9957988780      -12.0060773829      -11.9989652017      -12.0049391790    
  -12.0049476271      -12.0068627038      -12.0085520055      -12.0104519135    
  -12.0123776559      -12.0143780415      -12.0163880396      -12.0183989382    
  -12.0203827644      -12.0223233426      -12.0242049615      -12.0260161084    
  -12.0277479223      -12.0293943284      -12.0309515147      -12.0324176395    
  -12.0337924583      -12.0350770139      -12.0362733460      -12.0373842439    
  -12.0384130347      -12.0393634077      -12.0402392712      -12.0410446386    
  -12.0417835388      -12.0424599483      -12.0430777402      -12.0436406479    
  -12.0441522403      -12.0446159057      -12.0450348438      -12.0454120617    
  -12.0457503754      -12.0460524139      -12.0463206248      -12.0465572823    
  -12.0467644959      -12.0469442194      -12.0470982601      -12.0472282884    
  -12.0473358471      -12.0474223599      -12.0474891401      -12.0475373991    
  -12.0475682533      -12.0475827319      -12.0475817833      -12.0475662816    
  -12.0475370319      -12.0474947761      -12.0474401980      -12.0473739271    
  -12.0472965439      -12.0472085828      -12.0471105361      -12.0470028576    
  -12.0468859648      -12.0467602425      -12.0466260448      -12.0464836977    
  -12.0463335011      -12.0461757308      -12.0460106403      -12.0458384627    
  -12.0456594115      -12.0454736831      -12.0452814569      -12.0450828975    
  -12.0448781552      -12.0446673669      -12.0444506576      -12.0442281407    
  -12.0439999189      -12.0437660852      -12.0435267232      -12.0432819079    
  -12.0430317061      -12.0427761774      -12.0425153737      -12.0422493408    
  -12.0419781180      -12.0417017387      -12.0414202309      -12.0411336174    
  -12.0408419160      -12.0405451398      -12.0402432978      -12.0399363946    
  -12.0396244310      -12.0393074039      -12.0389853070      -12.0386581304    
  -12.0383258609      -12.0379884826      -12.0376459763      -12.0372983203    
  -12.0369454900      -12.0365874583      -12.0362241959      -12.0358556707    
  -12.0354818487      -12.0351026934      -12.0347181664      -12.0343282270    
  -12.0339328329      -12.0335319394      -12.0331255002      -12.0327134672    
  -12.0322957903      -12.0318724178      -12.0314432963      -12.0310083707    
  -12.0305675843      -12.0301208787      -12.0296681940      -12.0292094687    
  -12.0287446397      -12.0282736427      -12.0277964114      -12.0273128785    
  -12.0268229750      -12.0263266303      -12.0258237727      -12.0253143289    
  -12.0247982240      -12.0242753819      -12.0237457251      -12.0232091746    
  -12.0226656499      -12.0221150693      -12.0215573494      -12.0209924058    
  -12.0204201523      -12.0198405015      -12.0192533644      -12.0186586509    
  -12.0180562691      -12.0174461259      -12.0168281266      -12.0162021753    
  -12.0155681743      -12.0149260247      -12.0142756261      -12.0136168764    
  -12.0129496723      -12.0122739087      -12.0115894792      -12.0108962757    
  -12.0101941887      -12.0094831071      -12.0087629181      -12.0080335075    
  -12.0072947593      -12.0065465560      -12.0057887784      -12.0050213058    
  -12.0042440156      -12.0034567836      -12.0026594840      -12.0018519890    
  -12.0010341694      -12.0002058940      -11.9993670299      -11.9985174424    
  -11.9976569948      -11.9967855488      -11.9959029641      -11.9950090985    
  -11.9941038079      -11.9931869464      -11.9922583658      -11.9913179164    
  -11.9903654459      -11.9894008005      -11.9884238241      -11.9874343584    
  -11.9864322433      -11.9854173162      -11.9843894126      -11.9833483658    
  -11.9822940067      -11.9812261642      -11.9801446646      -11.9790493322    
  -11.9779399888      -11.9768164539      -11.9756785445      -11.9745260754    
  -11.9733588587      -11.9721767042      -11.9709794190      -11.9697668078    
  -11.9685386726      -11.9672948129      -11.9660350254      -11.9647591043    
  -11.9634668409      -11.9621580239      -11.9608324390      -11.9594898692    
  -11.9581300948      -11.9567528928      -11.9553580377      -11.9539453006    
  -11.9525144499      -11.9510652508      -11.9495974654      -11.9481108528    
  -11.9466051687      -11.9450801658      -11.9435355934      -11.9419711975    
  -11.9403867208      -11.9387819027      -11.9371564790      -11.9355101821    
  -11.9338427409      -11.9321538807      -11.9304433231      -11.9287107864    
  -11.9269559847      -11.9251786286      -11.9233784250      -11.9215550768    
  -11.9197082830      -11.9178377388      -11.9159431351      -11.9140241591    
  -11.9120804937      -11.9101118177      -11.9081178057      -11.9060981280    
  -11.9040524507      -11.9019804354      -11.8998817394      -11.8977560155    
  -11.8956029118      -11.8934220722      -11.8912131355      -11.8889757362    
  -11.8867095037      -11.8844140630      -11.8820890338      -11.8797340311    
  -11.8773486649      -11.8749325402      -11.8724852566      -11.8700064090    
  -11.8674955866      -11.8649523736      -11.8623763487      -11.8597670853    
  -11.8571241513      -11.8544471089      -11.8517355149      -11.8489889202    
  -11.8462068702      -11.8433889042      -11.8405345560      -11.8376433532    
  -11.8347148174      -11.8317484643      -11.8287438032      -11.8257003375    
  -11.8226175642      -11.8194949738      -11.8163320506      -11.8131282724    
  -11.8098831103      -11.8065960291      -11.8032664866      -11.7998939339    
  -11.7964778156      -11.7930175689      -11.7895126246      -11.7859624060    
  -11.7823663296      -11.7787238046      -11.7750342331      -11.7712970098    
  -11.7675115221      -11.7636771500      -11.7597932658      -11.7558592345    
  -11.7518744134      -11.7478381519      -11.7437497920      -11.7396086676    
  -11.7354141049      -11.7311654219      -11.7268619289      -11.7225029279    
  -11.7180877129      -11.7136155695      -11.7090857754      -11.7044975996    
  -11.6998503031      -11.6951431382      -11.6903753490      -11.6855461707    
  -11.6806548302      -11.6757005459      -11.6706825271      -11.6655999748    
  -11.6604520811      -11.6552380292      -11.6499569936      -11.6446081398    
  -11.6391906245      -11.6337035954      -11.6281461913      -11.6225175419    
  -11.6168167680      -11.6110429812      -11.6051952841      -11.5992727703    
  -11.5932745243      -11.5871996214      -11.5810471279      -11.5748161009    
  -11.5685055885      -11.5621146296      -11.5556422541      -11.5490874830    
  -11.5424493278      -11.5357267914      -11.5289188676      -11.5220245411    
  -11.5150427878      -11.5079725748      -11.5008128602      -11.4935625934    
  -11.4862207153      -11.4787861578      -11.4712578446      -11.4636346906    
  -11.4559156025      -11.4480994786      -11.4401852093      -11.4321716764    
  -11.4240577541      -11.4158423086      -11.4075241986      -11.3991022749    
  -11.3905753811      -11.3819423535      -11.3732020211      -11.3643532063    
  -11.3553947244      -11.3463253844      -11.3371439888      -11.3278493341    
  -11.3184402106      -11.3089154033      -11.2992736913      -11.2895138489    
  -11.2796346453      -11.2696348449      -11.2595132079      -11.2492684904    
  -11.2388994447      -11.2284048196      -11.2177833608      -11.2070338113    
  -11.1961549116      -11.1851454000      -11.1740040134      -11.1627294873    
  -11.1513205561      -11.1397759539      -11.1280944150      -11.1162746736    
  -11.1043154652      -11.0922155264      -11.0799735956      -11.0675884136    
  -11.0550587238      -11.0423832733      -11.0295608126      -11.0165900970    
  -11.0034698865      -10.9901989468      -10.9767760495      -10.9631999731    
  -10.9494695034      -10.9355834340      -10.9215405671      -10.9073397143    
  -10.8929796968      -10.8784593464      -10.8637775062      -10.8489330311    
  -10.8339247885      -10.8187516593      -10.8034125381      -10.7879063343    
  -10.7722319730      -10.7563883951      -10.7403745585      -10.7241894389    
  -10.7078320302      -10.6913013455      -10.6745964180      -10.6577163013    
  -10.6406600705      -10.6234268230      -10.6060156788      -10.5884257821    
  -10.5706563010      -10.5527064291      -10.5345753858      -10.5162624173    
  -10.4977667971      -10.4790878265      -10.4602248361      -10.4411771857    
  -10.4219442651      -10.4025254952      -10.3829203281      -10.3631282482    
  -10.3431487722      -10.3229814505      -10.3026258668      -10.2820816393    
  -10.2613484210      -10.2404259000      -10.2193138000      -10.1980118810    
  -10.1765199390      -10.1548378070      -10.1329653545      -10.1109024887    
  -10.0886491536      -10.0662053308      -10.0435710395      -10.0207463362    
  -9.99773131493      -9.97452610705      -9.95113088106      -9.92754584235    
  -9.90377123297      -9.87980733119      -9.85565445109      -9.83131294204    
  -9.80678318811      -9.78206560739      -9.75716065127      -9.73206880362    
  -9.70679057982      -9.68132652588      -9.65567721725      -9.62984325777    
  -9.60382527834      -9.57762393565      -9.55123991077      -9.52467390758    
  -9.49792665128      -9.47099888668      -9.44389137642      -9.41660489921    
  -9.38914024785      -9.36149822732      -9.33367965267      -9.30568534690    
  -9.27751613880      -9.24917286070      -9.22065634617      -9.19196742767    
  -9.16310693419      -9.13407568884      -9.10487450642      -9.07550419101    
  -9.04596553353      -9.01625930936      -8.98638627593      -8.95634717043    
  -8.92614270756      -8.89577357735      -8.86524044308      -8.83454393942    
  -8.80368467057      -8.77266320872      -8.74148009264      -8.71013582655    
  -8.67863087920      -8.64696568337      -8.61514063554      -8.58315609613    
  -8.55101238998      -8.51870980743      -8.48624860581      -8.45362901154    
  -8.42085122279      -8.38791541278      -8.35482173379      -8.32157032191    
  -8.28816130256      -8.25459479683      -8.22087092875      -8.18698983341    
  -8.15295166608      -8.11875661231      -8.08440489901      -8.04989680662    
  -8.01523268224      -7.98041295382      -7.94543814541      -7.91030889325    
  -7.87502596289      -7.83959026707      -7.80400288436      -7.76826507835    
  -7.73237831728      -7.69634429390      -7.66016494532      -7.62384247252    
  -7.58737935935      -7.55077839045      -7.51404266787      -7.47717562586    
  -7.44018104331      -7.40306305338      -7.36582614963      -7.32847518815    
  -7.29101538497      -7.25345230799      -7.21579186294      -7.17804027230    
  -7.14020404673      -7.10228994809      -7.06430494315      -7.02625614720    
  -6.98815075718      -6.94999597245      -6.91179890280      -6.87356646284    
  -6.83530525067      -6.79702140990      -6.75872047297      -6.72040718344    
  -6.68208529448      -6.64375734021      -6.60542437573      -6.56708568073    
  -6.52873842111      -6.49037726186      -6.45199392389      -6.41357667756    
  -6.37510976553      -6.33657274961      -6.29793977906      -6.25917878329    
  -6.22025060084      -6.18110806935      -6.14169511972      -6.10194594312    
  -6.06178433206      -6.02112333766      -5.97986543303      -5.93790342492    
  -5.89512240587      -5.85140307835      -5.80662679414      -5.76068261796    
  -5.71347661892      -5.66494339215      -5.61505949900      -5.56385808474    
  -5.51144341775      -5.45800356225      -5.40381896272      -5.34926452960    
  -5.29480302246      -5.24096822837      -5.18833762856      -5.13749579825    
  -5.08899143614      -5.04329235101      -5.00074364949      -4.96153456382    
  -4.92567873286      -4.89301130177      -4.86320403371      -4.83579697917    
  -4.81024257283      -4.78595593671      -4.76236425893      -4.73894870680    
  -4.71527427185      -4.69100563927      -4.66590983726      -4.63984838945    
  -4.61276264466      -4.58465594632      -4.55557562806      -4.52559685390    
  -4.49480936704      -4.46330745147      -4.43118290764      -4.39852057612    
  -4.36539585306      -4.33187366326      -4.29800843419      -4.26384471163    
  -4.22941814966      -4.19475668652      -4.15988177827      -4.12480960734    
  -4.08955221429      -4.05411852281      -4.01851524287      -3.98274764640    
  -3.94682021674      -3.91073717768      -3.87450291054      -3.83812227011    
  -3.80160081119      -3.76494493782      -3.72816198735      -3.69126026115    
  -3.65424901250      -3.61713840181      -3.57993942747      -3.54266384007    
  -3.50532404605      -3.46793300579      -3.43050413042      -3.39305118015    
  -3.35558816650      -3.31812926008      -3.28068870469      -3.24328073856    
  -3.20591952275      -3.16861907665      -3.13139322046      -3.09425552412    
  -3.05721926237      -3.02029737529      -2.98350243403      -2.94684661102    
  -2.91034165443      -2.87399886623      -2.83782908372      -2.80184266399    
  -2.76604947118      -2.73045886632      -2.69507969941      -2.65992030387    
  -2.62498849299      -2.59029155861      -2.55583627172      -2.52162888527    
  -2.48767513905      -2.45398026678      -2.42054900548      -2.38738560726    
  -2.35449385363      -2.32187707241      -2.28953815749      -2.25747959152    
  -2.22570347156      -2.19421153807      -2.16300520701      -2.13208560540    
  -2.10145361025      -2.07110989072      -2.04105495410      -2.01128919364    
  -1.98181294144      -1.95262652284      -1.92373031080      -1.89512478668    
  -1.86681059915      -1.83878862330      -1.81106001966      -1.78362629299    
  -1.75648934784      -1.72965153686      -1.70311571022      -1.67688525522    
  -1.65096412729      -1.62535687456      -1.60006865056      -1.57510521631    
  -1.55047292982      -1.52617872259      -1.50223006242      -1.47863490222    
  -1.45540161490      -1.43253891455      -1.41005576471      -1.38796127450    
  -1.36626458413      -1.34497474114      -1.32410056943      -1.30365053286    
  -1.28363259585      -1.26405408317      -1.24492154117      -1.22624060300    
  -1.20801585974      -1.19025073981      -1.17294739847      -1.15610661906    
  -1.13972772757      -1.12380852166      -1.10834521507      -1.09333239808    
  -1.07876301444      -1.06462835478      -1.05091806661      -1.03762018038    
  -1.02472115128      -1.01220591604      -1.00005796397     -0.988259421436    
 -0.976791148687     -0.965632848147     -0.954763183032     -0.944159905237    
 -0.933799991376     -0.923659785847     -0.913715149768     -0.903941614640    
 -0.894314539529     -0.884809270564     -0.875401301520     -0.866066434169    
 -0.856780937130     -0.847521701817     -0.838266394123     -0.828993600421    
 -0.819682966447     -0.810315327665     -0.800872829699     -0.791339037528    
 -0.781699032164     -0.771939493699     -0.762048769728     -0.752016928334    
 -0.741835795032     -0.731498973310     -0.721001848611     -0.710341575911    
 -0.699517051269     -0.688528867991     -0.677379258299     -0.666072021618    
 -0.654612440770     -0.643007187556     -0.631264219309     -0.619392668090    
 -0.607402724254     -0.595305516105     -0.583112987333     -0.570837773859    
 -0.558493081607     -0.546092566610     -0.533650218707     -0.521180249931    
 -0.508696988521     -0.496214779329     -0.483747891210     -0.471310431843    
 -0.458916270248     -0.446578967147     -0.434311713179     -0.422127274853    
 -0.410037948059     -0.398055518830     -0.386191231011     -0.374455760447    
 -0.362859195218     -0.351411021493     -0.340120114482     -0.328994734037    
 -0.318042524400     -0.307270517637     -0.296685140303     -0.286292222922    
 -0.276097011852     -0.266104183194     -0.256317858366     -0.246741621043    
 -0.237378535183     -0.228231163858     -0.219301588694     -0.210591429691    
 -0.202101865275     -0.193833652405     -0.185787146640     -0.177962322027    
 -0.170358790747     -0.162975822435     -0.155812363121     -0.148867053749    
 -0.142138248238     -0.135624031068     -0.129322234378     -0.123230454557    
 -0.117346068340     -0.111666248403     -0.106187978464     -0.100908067905    
 -0.958231659170E-01 -0.909297751841E-01 -0.862242651178E-01 -0.817028846557E-01
 -0.773617746348E-01 -0.731969797526E-01 -0.692044601253E-01 -0.653801024555E-01
 -0.617197308169E-01 -0.582191170640E-01 -0.548739908748E-01 -0.516800494315E-01
 -0.486329667437E-01 -0.457284026192E-01 -0.429620112834E-01 -0.403294496514E-01
 -0.378263852521E-01 -0.354485038072E-01 -0.331915164638E-01 -0.310511666810E-01
 -0.290232367713E-01 -0.271035540953E-01 -0.252879969097E-01 -0.235724998688E-01
 -0.219530591798E-01 -0.204257374117E-01 -0.189866679586E-01 -0.176320591600E-01
 -0.163581980786E-01 -0.151614539387E-01 -0.140382812291E-01 -0.129852224737E-01
 -0.119989106742E-01 -0.110760714327E-01 -0.102135247573E-01 -0.940818657124E-02
 -0.865706986084E-02 -0.795728571680E-02 -0.730604432722E-02 -0.670065127627E-02
 -0.627085741861E-02 -0.634972841139E-02 -0.642958650850E-02 -0.651046866160E-02
 -0.659236230524E-02 -0.667528706139E-02 -0.675925446293E-02 -0.684427789450E-02
 -0.693037066299E-02 -0.701754624816E-02 -0.710581822695E-02 -0.719520038743E-02
 -0.728570680318E-02 -0.737735162455E-02 -0.747014917777E-02 -0.756411396716E-02
 -0.765926067857E-02 -0.775560418117E-02 -0.785315953099E-02 -0.795194197253E-02
 -0.805196694158E-02 -0.815325006803E-02 -0.825580717811E-02 -0.835965429707E-02
 -0.846480765117E-02 -0.857128367120E-02 -0.867909899448E-02 -0.878827046731E-02
 -0.889881514821E-02 -0.901075030976E-02 -0.912409344225E-02 -0.923886225585E-02
 -0.935507468335E-02 -0.947274888322E-02 -0.959190324226E-02 -0.971255637867E-02
 -0.983472714469E-02 -0.995843462979E-02 -0.100836981635E-01 -0.102105373185E-01
 -0.103389719136E-01 -0.104690220171E-01 -0.106007079495E-01 -0.107340502870E-01
 -0.108690698647E-01 -0.110057877795E-01 -0.111442253941E-01 -0.112844043395E-01
 -0.114263465189E-01 -0.115700741112E-01 -0.117156095740E-01 -0.118629756475E-01
 -0.120121953582E-01 -0.121632920217E-01 -0.123162892473E-01 -0.124712109409E-01
 -0.126280813097E-01 -0.127869248648E-01 -0.129477664258E-01 -0.131106311247E-01
 -0.132755444093E-01 -0.134425320476E-01 -0.136116201318E-01 -0.137828350822E-01
 -0.139562036517E-01 -0.141317529293E-01 -0.143095103451E-01 -0.144895036737E-01
 -0.146717610398E-01 -0.148563109213E-01 -0.150431821546E-01 -0.152324039387E-01
 -0.154240058398E-01 -0.156180177960E-01 -0.158144701223E-01 -0.160133935147E-01
 -0.162148190553E-01 -0.164187782173E-01 -0.166253028697E-01 -0.168344252825E-01
 -0.170461781314E-01 -0.172605945033E-01 -0.174777079011E-01 -0.176975522493E-01
 -0.179201618990E-01 -0.181455716332E-01 -0.183738166730E-01 -0.186049326820E-01
 -0.188389557723E-01 -0.190759225110E-01 -0.193158699241E-01 -0.195588355042E-01
 -0.198048572150E-01 -0.200539734982E-01 -0.203062232782E-01 -0.205616459700E-01
 -0.208202814838E-01 -0.210821702317E-01 -0.213473531347E-01 -0.216158716280E-01
 -0.218877676679E-01 -0.221630837391E-01 -0.224418628603E-01 -0.227241485909E-01
 -0.230099850390E-01 -0.232994168672E-01 -0.235924892996E-01 -0.238892481290E-01
 -0.241897397252E-01 -0.244940110404E-01 -0.248021096177E-01 -0.251140835978E-01
 -0.254299817277E-01 -0.257498533669E-01 -0.260737484957E-01 -0.264017177241E-01
 -0.267338122974E-01 -0.270700841060E-01 -0.274105856934E-01 -0.277553702635E-01
 -0.281044916899E-01 -0.284580045229E-01 -0.288159640002E-01 -0.291784260532E-01
 -0.295454473175E-01 -0.299170851412E-01 -0.302933975929E-01 -0.306744434730E-01
 -0.310602823199E-01 -0.314509744222E-01 -0.318465808262E-01 -0.322471633462E-01
 -0.326527845741E-01 -0.330635078886E-01 -0.334793974665E-01 -0.339005182916E-01
 -0.343269361643E-01 -0.347587177137E-01 -0.351959304063E-01 -0.356386425579E-01
 -0.360869233423E-01 -0.365408428053E-01 -0.370004718719E-01 -0.374658823608E-01
 -0.379371469928E-01 -0.384143394040E-01 -0.388975341569E-01 -0.393868067516E-01
 -0.398822336381E-01 -0.403838922275E-01 -0.408918609053E-01 -0.414062190423E-01
 -0.419270470083E-01 -0.424544261837E-01
