 Raios
  0.346431823727E-05  0.697221223361E-05  0.105242301046E-04  0.141209268602E-04
  0.177628644917E-04  0.214506120592E-04  0.251847457808E-04  0.289658491224E-04
  0.327945128892E-04  0.366713353177E-04  0.405969221692E-04  0.445718868247E-04
  0.485968503804E-04  0.526724417452E-04  0.567992977385E-04  0.609780631899E-04
  0.652093910401E-04  0.694939424426E-04  0.738323868672E-04  0.782254022048E-04
  0.826736748730E-04  0.871778999233E-04  0.917387811502E-04  0.963570312005E-04
  0.101033371685E-03  0.105768533292E-03  0.110563255900E-03  0.115418288694E-03
  0.120334390282E-03  0.125312328817E-03  0.130352882109E-03  0.135456837757E-03
  0.140624993264E-03  0.145858156165E-03  0.151157144151E-03  0.156522785201E-03
  0.161955917707E-03  0.167457390607E-03  0.173028063517E-03  0.178668806866E-03
  0.184380502033E-03  0.190164041480E-03  0.196020328898E-03  0.201950279343E-03
  0.207954819382E-03  0.214034887238E-03  0.220191432932E-03  0.226425418438E-03
  0.232737817829E-03  0.239129617430E-03  0.245601815972E-03  0.252155424749E-03
  0.258791467778E-03  0.265510981951E-03  0.272315017209E-03  0.279204636694E-03
  0.286180916924E-03  0.293244947956E-03  0.300397833561E-03  0.307640691391E-03
  0.314974653156E-03  0.322400864805E-03  0.329920486697E-03  0.337534693788E-03
  0.345244675815E-03  0.353051637476E-03  0.360956798627E-03  0.368961394464E-03
  0.377066675722E-03  0.385273908867E-03  0.393584376297E-03  0.401999376539E-03
  0.410520224453E-03  0.419148251440E-03  0.427884805647E-03  0.436731252177E-03
  0.445688973306E-03  0.454759368696E-03  0.463943855615E-03  0.473243869158E-03
  0.482660862470E-03  0.492196306976E-03  0.501851692610E-03  0.511628528043E-03
  0.521528340927E-03  0.531552678128E-03  0.541703105968E-03  0.551981210473E-03
  0.562388597618E-03  0.572926893577E-03  0.583597744982E-03  0.594402819173E-03
  0.605343804467E-03  0.616422410414E-03  0.627640368070E-03  0.638999430262E-03
  0.650501371867E-03  0.662147990087E-03  0.673941104731E-03  0.685882558495E-03
  0.697974217257E-03  0.710217970362E-03  0.722615730923E-03  0.735169436114E-03
  0.747881047478E-03  0.760752551229E-03  0.773785958566E-03  0.786983305986E-03
  0.800346655601E-03  0.813878095462E-03  0.827579739883E-03  0.841453729774E-03
  0.855502232975E-03  0.869727444593E-03  0.884131587345E-03  0.898716911910E-03
  0.913485697272E-03  0.928440251086E-03  0.943582910029E-03  0.958916040175E-03
  0.974442037355E-03  0.990163327539E-03  0.100608236721E-02  0.102220164375E-02
  0.103852367583E-02  0.105505101379E-02  0.107178624008E-02  0.108873196960E-02
  0.110589085016E-02  0.112326556286E-02  0.114085882255E-02  0.115867337820E-02
  0.117671201338E-02  0.119497754665E-02  0.121347283205E-02  0.123220075950E-02
  0.125116425528E-02  0.127036628247E-02  0.128980984143E-02  0.130949797026E-02
  0.132943374526E-02  0.134962028144E-02  0.137006073298E-02  0.139075829376E-02
  0.141171619780E-02  0.143293771982E-02  0.145442617572E-02  0.147618492313E-02
  0.149821736189E-02  0.152052693461E-02  0.154311712721E-02  0.156599146945E-02
  0.158915353550E-02  0.161260694448E-02  0.163635536102E-02  0.166040249587E-02
  0.168475210644E-02  0.170940799741E-02  0.173437402130E-02  0.175965407912E-02
  0.178525212092E-02  0.181117214645E-02  0.183741820576E-02  0.186399439986E-02
  0.189090488133E-02  0.191815385498E-02  0.194574557853E-02  0.197368436324E-02
  0.200197457459E-02  0.203062063300E-02  0.205962701447E-02  0.208899825130E-02
  0.211873893281E-02  0.214885370604E-02  0.217934727649E-02  0.221022440883E-02
  0.224148992769E-02  0.227314871836E-02  0.230520572760E-02  0.233766596437E-02
  0.237053450066E-02  0.240381647224E-02  0.243751707948E-02  0.247164158819E-02
  0.250619533037E-02  0.254118370512E-02  0.257661217945E-02  0.261248628912E-02
  0.264881163955E-02  0.268559390663E-02  0.272283883768E-02  0.276055225229E-02
  0.279874004326E-02  0.283740817751E-02  0.287656269701E-02  0.291620971973E-02
  0.295635544061E-02  0.299700613249E-02  0.303816814714E-02  0.307984791618E-02
  0.312205195219E-02  0.316478684961E-02  0.320805928587E-02  0.325187602238E-02
  0.329624390558E-02  0.334116986805E-02  0.338666092956E-02  0.343272419818E-02
  0.347936687140E-02  0.352659623722E-02  0.357441967533E-02  0.362284465824E-02
  0.367187875245E-02  0.372152961964E-02  0.377180501786E-02  0.382271280273E-02
  0.387426092871E-02  0.392645745030E-02  0.397931052330E-02  0.403282840612E-02
  0.408701946103E-02  0.414189215551E-02  0.419745506351E-02  0.425371686686E-02
  0.431068635657E-02  0.436837243425E-02  0.442678411346E-02  0.448593052115E-02
  0.454582089906E-02  0.460646460519E-02  0.466787111524E-02  0.473005002410E-02
  0.479301104735E-02  0.485676402278E-02  0.492131891192E-02  0.498668580161E-02
  0.505287490555E-02  0.511989656593E-02  0.518776125501E-02  0.525647957680E-02
  0.532606226867E-02  0.539652020305E-02  0.546786438915E-02  0.554010597464E-02
  0.561325624741E-02  0.568732663734E-02  0.576232871808E-02  0.583827420886E-02
  0.591517497631E-02  0.599304303635E-02  0.607189055600E-02  0.615172985535E-02
  0.623257340947E-02  0.631443385031E-02  0.639732396874E-02  0.648125671651E-02
  0.656624520827E-02  0.665230272367E-02  0.673944270935E-02  0.682767878112E-02
  0.691702472604E-02  0.700749450460E-02  0.709910225288E-02  0.719186228479E-02
  0.728578909426E-02  0.738089735756E-02  0.747720193553E-02  0.757471787597E-02
  0.767346041595E-02  0.777344498418E-02  0.787468720345E-02  0.797720289307E-02
  0.808100807133E-02  0.818611895799E-02  0.829255197685E-02  0.840032375828E-02
  0.850945114183E-02  0.861995117889E-02  0.873184113532E-02  0.884513849414E-02
  0.895986095829E-02  0.907602645340E-02  0.919365313057E-02  0.931275936919E-02
  0.943336377986E-02  0.955548520727E-02  0.967914273313E-02  0.980435567919E-02
  0.993114361023E-02  0.100595263371E-01  0.101895239199E-01  0.103211566710E-01
  0.104544451583E-01  0.105894102083E-01  0.107260729097E-01  0.108644546162E-01
  0.110045769504E-01  0.111464618065E-01  0.112901313544E-01  0.114356080428E-01
  0.115829146026E-01  0.117320740509E-01  0.118831096941E-01  0.120360451317E-01
  0.121909042604E-01  0.123477112771E-01  0.125064906833E-01  0.126672672885E-01
  0.128300662145E-01  0.129949128989E-01  0.131618330993E-01  0.133308528974E-01
  0.135019987028E-01  0.136752972574E-01  0.138507756395E-01  0.140284612679E-01
  0.142083819064E-01  0.143905656679E-01  0.145750410190E-01  0.147618367844E-01
  0.149509821513E-01  0.151425066740E-01  0.153364402787E-01  0.155328132678E-01
  0.157316563250E-01  0.159330005200E-01  0.161368773131E-01  0.163433185607E-01
  0.165523565194E-01  0.167640238520E-01  0.169783536319E-01  0.171953793486E-01
  0.174151349126E-01  0.176376546615E-01  0.178629733641E-01  0.180911262272E-01
  0.183221489000E-01  0.185560774803E-01  0.187929485199E-01  0.190327990304E-01
  0.192756664889E-01  0.195215888440E-01  0.197706045215E-01  0.200227524307E-01
  0.202780719701E-01  0.205366030339E-01  0.207983860182E-01  0.210634618271E-01
  0.213318718792E-01  0.216036581142E-01  0.218788629991E-01  0.221575295353E-01
  0.224397012651E-01  0.227254222783E-01  0.230147372194E-01  0.233076912945E-01
  0.236043302782E-01  0.239047005210E-01  0.242088489563E-01  0.245168231080E-01
  0.248286710976E-01  0.251444416521E-01  0.254641841111E-01  0.257879484352E-01
  0.261157852132E-01  0.264477456702E-01  0.267838816757E-01  0.271242457517E-01
  0.274688910807E-01  0.278178715142E-01  0.281712415813E-01  0.285290564966E-01
  0.288913721695E-01  0.292582452125E-01  0.296297329503E-01  0.300058934286E-01
  0.303867854233E-01  0.307724684494E-01  0.311630027708E-01  0.315584494093E-01
  0.319588701541E-01  0.323643275719E-01  0.327748850161E-01  0.331906066373E-01
  0.336115573927E-01  0.340378030568E-01  0.344694102314E-01  0.349064463558E-01
  0.353489797180E-01  0.357970794646E-01  0.362508156122E-01  0.367102590579E-01
  0.371754815908E-01  0.376465559027E-01  0.381235556000E-01  0.386065552149E-01
  0.390956302171E-01  0.395908570255E-01  0.400923130203E-01  0.406000765550E-01
  0.411142269687E-01  0.416348445985E-01  0.421620107919E-01  0.426958079198E-01
  0.432363193889E-01  0.437836296554E-01  0.443378242375E-01  0.448989897293E-01
  0.454672138141E-01  0.460425852780E-01  0.466251940239E-01  0.472151310858E-01
  0.478124886424E-01  0.484173600320E-01  0.490298397672E-01  0.496500235490E-01
  0.502780082824E-01  0.509138920914E-01  0.515577743340E-01  0.522097556183E-01
  0.528699378175E-01  0.535384240865E-01  0.542153188777E-01  0.549007279572E-01
  0.555947584216E-01  0.562975187145E-01  0.570091186438E-01  0.577296693983E-01
  0.584592835655E-01  0.591980751491E-01  0.599461595869E-01  0.607036537686E-01
  0.614706760541E-01  0.622473462923E-01  0.630337858394E-01  0.638301175782E-01
  0.646364659372E-01  0.654529569100E-01  0.662797180749E-01  0.671168786151E-01
  0.679645693386E-01  0.688229226987E-01  0.696920728150E-01  0.705721554939E-01
  0.714633082501E-01  0.723656703281E-01  0.732793827238E-01  0.742045882066E-01
  0.751414313416E-01  0.760900585127E-01  0.770506179447E-01  0.780232597269E-01
  0.790081358366E-01  0.800054001628E-01  0.810152085300E-01  0.820377187228E-01
  0.830730905105E-01  0.841214856720E-01  0.851830680213E-01  0.862580034327E-01
  0.873464598672E-01  0.884486073981E-01  0.895646182383E-01  0.906946667668E-01
  0.918389295560E-01  0.929975853992E-01  0.941708153387E-01  0.953588026943E-01
  0.965617330912E-01  0.977797944898E-01  0.990131772146E-01  0.100262073984    
  0.101526679942      0.102807192684      0.104103812293      0.105416741369    
  0.106746185060      0.108092351095      0.109455449813      0.110835694203    
  0.112233299929      0.113648485372      0.115081471656      0.116532482689    
  0.118001745193      0.119489488745      0.120995945807      0.122521351767    
  0.124065944971      0.125629966766      0.127213661533      0.128817276728    
  0.130441062919      0.132085273826      0.133750166360      0.135436000665    
  0.137143040154      0.138871551557      0.140621804957      0.142394073835    
  0.144188635110      0.146005769188      0.147845759999      0.149708895044    
  0.151595465444      0.153505765978      0.155440095135      0.157398755157    
  0.159382052090      0.161390295827      0.163423800160      0.165482882829    
  0.167567865570      0.169679074165      0.171816838495      0.173981492590    
  0.176173374682      0.178392827257      0.180640197108      0.182915835391    
  0.185220097681      0.187553344022      0.189915938990      0.192308251743    
  0.194730656087      0.197183530526      0.199667258328      0.202182227579    
  0.204728831250      0.207307467251      0.209918538500      0.212562452982    
  0.215239623814      0.217950469310      0.220695413045      0.223474883922    
  0.226289316238      0.229139149754      0.232024829764      0.234946807160    
  0.237905538506      0.240901486112      0.243935118099      0.247006908480    
  0.250117337226      0.253266890350      0.256456059976      0.259685344417    
  0.262955248255      0.266266282421      0.269618964270      0.273013817664    
  0.276451373058      0.279932167576      0.283456745098      0.287025656349    
  0.290639458976      0.294298717645      0.298004004122      0.301755897365    
  0.305554983615      0.309401856488      0.313297117064      0.317241373987    
  0.321235243555      0.325279349817      0.329374324675      0.333520807974    
  0.337719447614      0.341970899638      0.346275828346      0.350634906390    
  0.355048814887      0.359518243518      0.364043890640      0.368626463396    
  0.373266677820      0.377965258957      0.382722940969      0.387540467254    
  0.392418590560      0.397358073103      0.402359686688      0.407424212827    
  0.412552442863      0.417745178091      0.423003229889      0.428327419836    
  0.433718579848      0.439177552305      0.444705190183      0.450302357185    
  0.455969927882      0.461708787842      0.467519833774      0.473403973666    
  0.479362126926      0.485395224528      0.491504209156      0.497690035351    
  0.503953669661      0.510296090792      0.516718289760      0.523221270046    
  0.529806047755      0.536473651770      0.543225123920      0.550061519135    
  0.556983905616      0.563993365000      0.571090992530      0.578277897223    
  0.585555202048      0.592924044100      0.600385574774      0.607940959950    
  0.615591380173      0.623338030835      0.631182122368      0.639124880425    
  0.647167546081      0.655311376016      0.663557642721      0.671907634693    
  0.680362656634      0.688924029659      0.697593091499      0.706371196714    
  0.715259716900      0.724260040906      0.733373575052      0.742601743345    
  0.751945987706      0.761407768191      0.770988563224      0.780689869824    
  0.790513203838      0.800460100183      0.810532113081      0.820730816306    
  0.831057803425      0.841514688051      0.852103104094      0.862824706014    
  0.873681169085      0.884674189651      0.895805485393      0.907076795599    
  0.918489881434      0.930046526217      0.941748535696      0.953597738333    
  0.965595985593      0.977745152223      0.990047136558       1.00250386081    
   1.01511727136       1.02788933908       1.04082205964       1.05391745380    
   1.06717756774       1.08060447338       1.09420026870       1.10796707807    
   1.12190705259       1.13602237040       1.15031523706       1.16478788584    
   1.17944257813       1.19428160377       1.20930728136       1.22452195872    
   1.23992801315       1.25552785190       1.27132391246       1.28731866301    
   1.30351460274       1.31991426232       1.33652020423       1.35333502317    
   1.37036134650       1.38760183460       1.40505918136       1.42273611450    
   1.44063539609       1.45875982292       1.47711222698       1.49569547587    
   1.51451247325       1.53356615932       1.55285951126       1.57239554369    
   1.59217730916       1.61220789860       1.63249044185       1.65302810808    
   1.67382410635       1.69488168608       1.71620413755       1.73779479245    
   1.75965702435       1.78179424928       1.80420992621       1.82690755766    
   1.84989069016       1.87316291488       1.89672786815       1.92058923204    
   1.94475073495       1.96921615214       1.99398930640       2.01907406859    
   2.04447435823       2.07019414419       2.09623744523       2.12260833067    
   2.14931092102       2.17634938860       2.20372795824       2.23145090789    
   2.25952256932       2.28794732878       2.31672962770       2.34587396337    
   2.37538488966       2.40526701770       2.43552501665       2.46616361436    
   2.49718759820       2.52860181571       2.56041117543       2.59262064764    
   2.62523526514       2.65826012402       2.69170038449       2.72556127166    
   2.75984807635       2.79456615596       2.82972093525       2.86531790722    
   2.90136263399       2.93786074760       2.97481795096       3.01224001872    
   3.05013279814       3.08850221005       3.12735424976       3.16669498795    
   3.20653057172       3.24686722545       3.28771125182       3.32906903280    
   3.37094703063       3.41335178881       3.45628993320       3.49976817295    
   3.54379330164       3.58837219827       3.63351182839       3.67921924517    
   3.72550159047       3.77236609601       3.81982008446       3.86787097060    
   3.91652626249       3.96579356261       4.01568056907       4.06619507683    
   4.11734497888       4.16913826749       4.22158303547       4.27468747743    
   4.32845989103       4.38290867834       4.43804234707       4.49386951199    
   4.55039889619       4.60763933252       4.66559976490       4.72428924977    
   4.78371695748       4.84389217373       4.90482430102       4.96652286012    
   5.02899749156       5.09225795713       5.15631414139       5.22117605327    
   5.28685382756       5.35335772655       5.42069814161       5.48888559482    
   5.55793074060       5.62784436741       5.69863739938       5.77032089807    
   5.84290606418       5.91640423928       5.99082690762       6.06618569789    
   6.14249238504       6.21975889216       6.29799729230       6.37721981036    
   6.45743882503       6.53866687069       6.62091663938       6.70420098280    
   6.78853291430       6.87392561091       6.96039241542       7.04794683844    
   7.13660256053       7.22637343432       7.31727348669       7.40931692097    
   7.50251811913       7.59689164404       7.69245224176       7.78921484383    
   7.88719456961       7.98640672861       8.08686682295       8.18859054971    
   8.29159380345       8.39589267862       8.50150347213       8.60844268590    
   8.71672702938       8.82637342223       8.93739899692       9.04982110142    
   9.16365730192       9.27892538554       9.39564336317       9.51382947222    
   9.63350217953       9.75468018418       9.87738242048       10.0016280609    
   10.1274365191       10.2548274529       10.3838207674       10.5144366181    
   10.6466954139       10.7806178205       10.9162247637       11.0535374322    
   11.1925772815       11.3333660367       11.4759256965       11.6202785361    
   11.7664471109       11.9144542600       12.0643231098       12.2160770778    
   12.3697398756       12.5253355135       12.6828883036       12.8424228639    
   13.0039641219       13.1675373187       13.3331680131       13.5008820852    
   13.6707057406       13.8426655146       14.0167882762       14.1931012327    
   14.3716319330       14.5524082732       14.7354584998       14.9208112148    
   15.1084953799       15.2985403212       15.4909757336       15.6858316855    
   15.8831386235       16.0829273773       16.2852291643       16.4900755945    
   16.6974986756       16.9075308178       17.1202048392       17.3355539705    
   17.5536118603       17.7744125808       17.9979906324       18.2243809497    
   18.4536189067       18.6857403222       18.9207814656       19.1587790627    
   19.3997703011       19.6437928360       19.8908847966       20.1410847914    
   20.3944319148       20.6509657526       20.9107263889       21.1737544118    
   21.4400909199       21.7097775289       21.9828563779       22.2593701358    
   22.5393620087       22.8228757458       23.1099556468       23.4006465683    
   23.6949939315       23.9930437287       24.2948425309       24.6004374947    
   24.9098763699       25.2232075070       25.5404798647       25.8617430173    
   26.1870471629       26.5164431309       26.8499823902       27.1877170569    
   27.5296999027       27.8759843632       28.2266245460       28.5816752393    
   28.9411919206       29.3052307650       29.6738486544       30.0471031860    
   30.4250526817       30.8077561968       31.1952735295       31.5876652302    
   31.9849926109       32.3873177548       32.7947035260       33.2072135794    
   33.6249123706       34.0478651657       34.4761380521       34.9097979482    
   35.3489126143       35.7935506629       36.2437815697       36.6996756842    
   37.1613042406       37.6287393695       38.1020541085       38.5813224141    
   39.0666191727       39.5580202132       40.0556023178       40.5594432348    
   41.0696216904       41.5862174009       42.1093110856       42.6389844788    
   43.1753203431       43.7184024821       44.2683157535       44.8251460823    
   45.3889804744       45.9599070301       46.5380149578       47.1233945881    
   47.7161373876       48.3163359738       48.9240841288       49.5394768145    
   50.1626101873       50.7935816130       51.4324896822       52.0794342256    
   52.7345163296       53.3978383521       54.0695039385       54.7496180379    
   55.4382869196       56.1356181894       56.8417208068       57.5567051018    
   58.2806827921       59.0137670006       59.7560722734       60.5077145971    
   61.2688114173       62.0394816570       62.8198457349       63.6100255846    
   64.4101446732       65.2203280211       66.0407022209       66.8713954578    
   67.7125375293       68.5642598656       69.4266955501       70.2999793400    
   71.1842476878       72.0796387621       72.9862924696       73.9043504769    
   74.8339562323       75.7752549887       76.7283938259       77.6935216737    
   78.6707893355       79.6603495111       80.6623568214       81.6769678322    
   82.7043410784       83.7446370892       84.7980184129       85.8646496426    
   86.9446974415       88.0383305693       89.1457199084       90.2670384906    
   91.4024615243       92.5521664216       93.7163328262       94.8951426416    
   96.0887800590       97.2974315869       98.5212860795       99.7605347665    
   101.015371283       102.285991700       103.572594554       104.875380880    
   106.194554240       107.530320759       108.882889152       110.252470761    
   111.639279586       113.043532319       114.465448377       115.905249936    
   117.363161970       118.839412280    
Down potential follows (l on next line)
 1
  -17.9700016198      -18.0740203136      -17.9287058109      -18.0264748079    
  -17.9931386330      -18.0034221136      -17.9944823644      -17.9998319687    
  -17.9984918865      -17.9991233079      -17.9995146150      -18.0000862195    
  -18.0007215324      -18.0014761920      -18.0023175289      -18.0032524938    
  -18.0042701139      -18.0053649275      -18.0065286392      -18.0077530632    
  -18.0090293966      -18.0103486636      -18.0117017773      -18.0130797298    
  -18.0144737199      -18.0158752845      -18.0172764043      -18.0186695922    
  -18.0200479603      -18.0214052656      -18.0227359381      -18.0240350898    
  -18.0252985097      -18.0265226444      -18.0277045693      -18.0288419516    
  -18.0299330066      -18.0309764513      -18.0319714552      -18.0329175917    
  -18.0338147888      -18.0346632831      -18.0354635750      -18.0362163879    
  -18.0369226298      -18.0375833588      -18.0381997524      -18.0387730794    
  -18.0393046759      -18.0397959240      -18.0402482332      -18.0406630252    
  -18.0410417204      -18.0413857269      -18.0416964311      -18.0419751911    
  -18.0422233295      -18.0424421302      -18.0426328338      -18.0427966356    
  -18.0429346841      -18.0430480793      -18.0431378729      -18.0432050683    
  -18.0432506206      -18.0432754378      -18.0432803815      -18.0432662684    
  -18.0432338715      -18.0431839214      -18.0431171082      -18.0430340828    
  -18.0429354586      -18.0428218131      -18.0426936896      -18.0425515987    
  -18.0423960197      -18.0422274025      -18.0420461688      -18.0418527134    
  -18.0416474059      -18.0414305917      -18.0412025935      -18.0409637123    
  -18.0407142287      -18.0404544038      -18.0401844803      -18.0399046837    
  -18.0396152229      -18.0393162913      -18.0390080673      -18.0386907157    
  -18.0383643878      -18.0380292224      -18.0376853465      -18.0373328758    
  -18.0369719152      -18.0366025597      -18.0362248945      -18.0358389957    
  -18.0354449308      -18.0350427590      -18.0346325317      -18.0342142928    
  -18.0337880790      -18.0333539206      -18.0329118410      -18.0324618576    
  -18.0320039821      -18.0315382203      -18.0310645729      -18.0305830352    
  -18.0300935976      -18.0295962459      -18.0290909614      -18.0285777207    
  -18.0280564966      -18.0275272575      -18.0269899682      -18.0264445895    
  -18.0258910787      -18.0253293896      -18.0247594724      -18.0241812741    
  -18.0235947386      -18.0229998066      -18.0223964157      -18.0217845005    
  -18.0211639929      -18.0205348219      -18.0198969137      -18.0192501919    
  -18.0185945773      -18.0179299882      -18.0172563404      -18.0165735471    
  -18.0158815192      -18.0151801649      -18.0144693903      -18.0137490988    
  -18.0130191918      -18.0122795682      -18.0115301245      -18.0107707552    
  -18.0100013522      -18.0092218055      -18.0084320026      -18.0076318288    
  -18.0068211674      -18.0059998993      -18.0051679032      -18.0043250555    
  -18.0034712308      -18.0026063009      -18.0017301360      -18.0008426036    
  -17.9999435694      -17.9990328965      -17.9981104460      -17.9971760767    
  -17.9962296453      -17.9952710061      -17.9943000112      -17.9933165103    
  -17.9923203509      -17.9913113784      -17.9902894355      -17.9892543628    
  -17.9882059987      -17.9871441788      -17.9860687366      -17.9849795033    
  -17.9838763074      -17.9827589752      -17.9816273302      -17.9804811938    
  -17.9793203846      -17.9781447188      -17.9769540100      -17.9757480691    
  -17.9745267046      -17.9732897222      -17.9720369249      -17.9707681132    
  -17.9694830845      -17.9681816339      -17.9668635534      -17.9655286322    
  -17.9641766567      -17.9628074105      -17.9614206742      -17.9600162253    
  -17.9585938386      -17.9571532856      -17.9556943350      -17.9542167521    
  -17.9527202995      -17.9512047361      -17.9496698181      -17.9481152981    
  -17.9465409255      -17.9449464465      -17.9433316037      -17.9416961366    
  -17.9400397810      -17.9383622693      -17.9366633303      -17.9349426894    
  -17.9332000681      -17.9314351845      -17.9296477528      -17.9278374835    
  -17.9260040833      -17.9241472550      -17.9222666976      -17.9203621060    
  -17.9184331713      -17.9164795803      -17.9145010158      -17.9124971566    
  -17.9104676769      -17.9084122471      -17.9063305330      -17.9042221961    
  -17.9020868934      -17.8999242776      -17.8977339967      -17.8955156941    
  -17.8932690086      -17.8909935745      -17.8886890208      -17.8863549723    
  -17.8839910484      -17.8815968638      -17.8791720281      -17.8767161460    
  -17.8742288167      -17.8717096346      -17.8691581885      -17.8665740622    
  -17.8639568337      -17.8613060758      -17.8586213558      -17.8559022353    
  -17.8531482701      -17.8503590105      -17.8475340008      -17.8446727796    
  -17.8417748793      -17.8388398266      -17.8358671418      -17.8328563391    
  -17.8298069266      -17.8267184059      -17.8235902722      -17.8204220145    
  -17.8172131149      -17.8139630490      -17.8106712857      -17.8073372872    
  -17.8039605087      -17.8005403984      -17.7970763978      -17.7935679408    
  -17.7900144546      -17.7864153587      -17.7827700656      -17.7790779801    
  -17.7753384996      -17.7715510138      -17.7677149049      -17.7638295471    
  -17.7598943068      -17.7559085425      -17.7518716047      -17.7477828356    
  -17.7436415693      -17.7394471316      -17.7351988399      -17.7308960032    
  -17.7265379217      -17.7221238871      -17.7176531825      -17.7131250818    
  -17.7085388504      -17.7038937443      -17.6991890107      -17.6944238874    
  -17.6895976030      -17.6847093767      -17.6797584183      -17.6747439280    
  -17.6696650964      -17.6645211043      -17.6593111228      -17.6540343129    
  -17.6486898259      -17.6432768027      -17.6377943743      -17.6322416613    
  -17.6266177740      -17.6209218124      -17.6151528657      -17.6093100128    
  -17.6033923219      -17.5973988503      -17.5913286446      -17.5851807405    
  -17.5789541626      -17.5726479246      -17.5662610289      -17.5597924669    
  -17.5532412186      -17.5466062526      -17.5398865262      -17.5330809853    
  -17.5261885640      -17.5192081851      -17.5121387596      -17.5049791866    
  -17.4977283539      -17.4903851371      -17.4829484000      -17.4754169946    
  -17.4677897610      -17.4600655270      -17.4522431088      -17.4443213102    
  -17.4362989231      -17.4281747273      -17.4199474904      -17.4116159678    
  -17.4031789028      -17.3946350268      -17.3859830586      -17.3772217051    
  -17.3683496609      -17.3593656087      -17.3502682189      -17.3410561497    
  -17.3317280474      -17.3222825463      -17.3127182685      -17.3030338243    
  -17.2932278120      -17.2832988182      -17.2732454177      -17.2630661734    
  -17.2527596369      -17.2423243480      -17.2317588353      -17.2210616159    
  -17.2102311957      -17.1992660696      -17.1881647215      -17.1769256244    
  -17.1655472407      -17.1540280222      -17.1423664104      -17.1305608366    
  -17.1186097222      -17.1065114785      -17.0942645075      -17.0818672016    
  -17.0693179442      -17.0566151096      -17.0437570635      -17.0307421632    
  -17.0175687578      -17.0042351885      -16.9907397889      -16.9770808854    
  -16.9632567973      -16.9492658375      -16.9351063122      -16.9207765219    
  -16.9062747615      -16.8915993207      -16.8767484842      -16.8617205324    
  -16.8465137417      -16.8311263848      -16.8155567313      -16.7998030482    
  -16.7838636001      -16.7677366499      -16.7514204591      -16.7349132887    
  -16.7182133991      -16.7013190512      -16.6842285067      -16.6669400284    
  -16.6494518812      -16.6317623325      -16.6138696526      -16.5957721157    
  -16.5774679999      -16.5589555885      -16.5402331702      -16.5212990396    
  -16.5021514984      -16.4827888556      -16.4632094282      -16.4434115420    
  -16.4233935322      -16.4031537441      -16.3826905339      -16.3620022690    
  -16.3410873293      -16.3199441071      -16.2985710088      -16.2769664546    
  -16.2551288798      -16.2330567355      -16.2107484888      -16.1882026242    
  -16.1654176436      -16.1423920676      -16.1191244355      -16.0956133068    
  -16.0718572611      -16.0478548990      -16.0236048431      -15.9991057379    
  -15.9743562511      -15.9493550739      -15.9241009214      -15.8985925334    
  -15.8728286748      -15.8468081363      -15.8205297345      -15.7939923127    
  -15.7671947412      -15.7401359177      -15.7128147675      -15.6852302441    
  -15.6573813293      -15.6292670335      -15.6008863958      -15.5722384843    
  -15.5433223963      -15.5141372580      -15.4846822250      -15.4549564817    
  -15.4249592419      -15.3946897481      -15.3641472716      -15.3333311121    
  -15.3022405975      -15.2708750836      -15.2392339535      -15.2073166173    
  -15.1751225112      -15.1426510974      -15.1099018631      -15.0768743198    
  -15.0435680026      -15.0099824691      -14.9761172990      -14.9419720926    
  -14.9075464697      -14.8728400691      -14.8378525468      -14.8025835754    
  -14.7670328422      -14.7312000484      -14.6950849074      -14.6586871439    
  -14.6220064918      -14.5850426936      -14.5477954980      -14.5102646594    
  -14.4724499358      -14.4343510874      -14.3959678754      -14.3573000606    
  -14.3183474017      -14.2791096544      -14.2395865697      -14.1997778934    
  -14.1596833642      -14.1193027135      -14.0786356641      -14.0376819298    
  -13.9964412149      -13.9549132135      -13.9130976103      -13.8709940797    
  -13.8286022871      -13.7859218890      -13.7429525344      -13.6996938660    
  -13.6561455218      -13.6123071373      -13.5681783482      -13.5237587927    
  -13.4790481154      -13.4340459709      -13.3887520281      -13.3431659749    
  -13.2972875233      -13.2511164156      -13.2046524298      -13.1578953873    
  -13.1108451588      -13.0635016729      -13.0158649229      -12.9679349759    
  -12.9197119804      -12.8711961750      -12.8223878969      -12.7732875902    
  -12.7238958139      -12.6742132492      -12.6242407069      -12.5739791328    
  -12.5234296128      -12.4725933756      -12.4214717947      -12.3700663872    
  -12.3183788102      -12.2664108543      -12.2141644337      -12.1616415713    
  -12.1088443802      -12.0557750395      -12.0024357636      -11.9488287663    
  -11.8949562159      -11.8408201843      -11.7864225856      -11.7317651067    
  -11.6768491277      -11.6216756309      -11.5662451000      -11.5105574071    
  -11.4546116879      -11.3984062065      -11.3419382093      -11.2852037661    
  -11.2281976076      -11.1709129546      -11.1133413450      -11.0554724661    
  -10.9972939956      -10.9387914632      -10.8799481422      -10.8207449888    
  -10.7611606437      -10.7011715202      -10.6407520025      -10.5798747833    
  -10.5185113706      -10.4566327959      -10.3942105528      -10.3312177920    
  -10.2676307875      -10.2034306762      -10.1386054497      -10.0731521543    
  -10.0070792175      -9.94040878923      -9.87317894407      -9.80544556250    
  -9.73728368333      -9.66878811370      -9.60007309473      -9.53127085799    
  -9.46252896853      -9.39400643135      -9.32586863440      -9.25828130173    
  -9.19140372798      -9.12538164891      -9.06034016826      -8.99637720247    
  -8.93355791923      -8.87191062851      -8.81142452947      -8.75204961596    
  -8.69369889366      -8.63625286620      -8.57956602355      -8.52347484295    
  -8.46780663137      -8.41238843723      -8.35705526407      -8.30165693324    
  -8.24606314502      -8.19016653643      -8.13388378141      -8.07715498263    
  -8.01994173760      -7.96222431713      -7.90399838205      -7.84527160217    
  -7.78606045465      -7.72638738525      -7.66627843137      -7.60576133758    
  -7.54486414550      -7.48361420900      -7.42203757003      -7.36015862507    
  -7.29800001507      -7.23558267818      -7.17292601338      -7.11004811246    
  -7.04696602689      -6.98369604376      -6.92025395247      -6.85665528926    
  -6.79291555152      -6.72905037773      -6.66507569140      -6.60100780991    
  -6.53686352027      -6.47266012508      -6.40841546228      -6.34414790275    
  -6.27987632956      -6.21562010264      -6.15139901236      -6.08723322482    
  -6.02314322175      -5.95914973694      -5.89527369126      -5.83153612743    
  -5.76795814586      -5.70456084225      -5.64136524763      -5.57839227104    
  -5.51566264534      -5.45319687593      -5.39101519276      -5.32913750516    
  -5.26758335973      -5.20637190102      -5.14552183477      -5.08505139374    
  -5.02497830584      -4.96531976452      -4.90609240119      -4.84731225970    
  -4.78899477268      -4.73115473970      -4.67380630718      -4.61696295013    
  -4.56063745545      -4.50484190698      -4.44958767233      -4.39488539128    
  -4.34074496603      -4.28717555318      -4.23418555754      -4.18178262787    
  -4.12997365456      -4.07876476928      -4.02816134688      -3.97816800940    
  -3.92878863249      -3.88002635418      -3.83188358628      -3.78436202847    
  -3.73746268516      -3.69118588543      -3.64553130597      -3.60049799743    
  -3.55608441409      -3.51228844733      -3.46910746253      -3.42653834011    
  -3.38457752061      -3.34322105356      -3.30246465119      -3.26230374550    
  -3.22273354988      -3.18374912513      -3.14534544879      -3.10751748844    
  -3.07026027807      -3.03356899713      -2.99743905171      -2.96186615680    
  -2.92684641891      -2.89237641769      -2.85845328542      -2.82507478276    
  -2.79223936917      -2.75994626634      -2.72819551255      -2.69698800634    
  -2.66632553723      -2.63621080180      -2.60664740320      -2.57763983252    
  -2.54919343043      -2.52131432814      -2.49400936667      -2.46728599426    
  -2.44115214181      -2.41561607706      -2.39068623842      -2.36637105024    
  -2.34267872151      -2.31961703052      -2.29719309865      -2.27541315649    
  -2.25428230621      -2.23380428387      -2.21398122592      -2.19481344404    
  -2.17629921232      -2.15843457098      -2.14121315042      -2.12462601933    
  -2.10866156016      -2.09330537504      -2.07854022492      -2.06434600393    
  -2.05069975112      -2.03757570061      -2.02494537122      -2.01277769573    
  -2.00103918953      -1.98969415779      -1.97870493968      -1.96803218731    
  -1.95763517671      -1.94747214724      -1.93750066504      -1.92767800600    
  -1.91796155231      -1.90830919697      -1.89867974951      -1.88903333635    
  -1.87933178880      -1.86953901195      -1.85962132770      -1.84954778578    
  -1.83929043718      -1.82882456516      -1.81812886997      -1.80718560463    
  -1.79598065998      -1.78450359886      -1.77274763997      -1.76070959363    
  -1.74838975220      -1.73579173940      -1.72292232297      -1.70979119605    
  -1.69641073307      -1.68279572585      -1.66896310580      -1.65493165803    
  -1.64072173274      -1.62635495874      -1.61185396368      -1.59724210487    
  -1.58254321370      -1.56778135657      -1.55298061399      -1.53816487947    
  -1.52335767885      -1.50858201051      -1.49386020628      -1.47921381258    
  -1.46466349105      -1.45022893760      -1.43592881873      -1.42178072370    
  -1.40780113123      -1.39400538924      -1.38040770625      -1.36702115287    
  -1.35385767227      -1.34092809806      -1.32824217863      -1.31580860668    
  -1.30363505296      -1.29172820334      -1.28009379839      -1.26873667468    
  -1.25766080733      -1.24686935305      -1.23636469343      -1.22614847796    
  -1.21622166649      -1.20658457086      -1.19723689562      -1.18817777743    
  -1.17940582332      -1.17091914747      -1.16271540667      -1.15479183425    
  -1.14714527266      -1.13977220455      -1.13266878248      -1.12583085724    
  -1.11925400489      -1.11293355249      -1.10686460260      -1.10104205667    
  -1.09546063725      -1.09011490921      -1.08499929989      -1.08010811835    
  -1.07543557370      -1.07097579250      -1.06672283545      -1.06267071320    
  -1.05881340144      -1.05514485523      -1.05165902270      -1.04834985799    
  -1.04521133358      -1.04223745194      -1.03942225662      -1.03675984264    
  -1.03424436634      -1.03187005456      -1.02963121338      -1.02752223608    
  -1.02553761069      -1.02367192690      -1.02191988240      -1.02027628875    
  -1.01873607655      -1.01729430026      -1.01594614233      -1.01468691686    
  -1.01351207282      -1.01241719663      -1.01139801436      -1.01045039341    
  -1.00957034373      -1.00875401858      -1.00799771487      -1.00729787309    
  -1.00665107684      -1.00605405195      -1.00550366526      -1.00499692319    
  -1.00453096947      -1.00410308415      -1.00387849055      -1.00392728591    
  -1.00397668102      -1.00402668736      -1.00407733753      -1.00412862764    
  -1.00418056137      -1.00423314839      -1.00428639659      -1.00434031443    
  -1.00439491035      -1.00445019293      -1.00450617082      -1.00456285279    
  -1.00462024770      -1.00467836454      -1.00473721238      -1.00479680042    
  -1.00485713799      -1.00491823450      -1.00498009951      -1.00504274269    
  -1.00510617382      -1.00517040281      -1.00523543970      -1.00530129466    
  -1.00536797797      -1.00543550005      -1.00550387146      -1.00557310287    
  -1.00564320510      -1.00571418912      -1.00578606600      -1.00585884698    
  -1.00593254343      -1.00600716687      -1.00608272896      -1.00615924150    
  -1.00623671646      -1.00631516592      -1.00639460216      -1.00647503759    
  -1.00655648476      -1.00663895642      -1.00672246544      -1.00680702488    
  -1.00689264794      -1.00697934801      -1.00706713863      -1.00715603352    
  -1.00724604658      -1.00733719185      -1.00742948360      -1.00752293623    
  -1.00761756435      -1.00771338274      -1.00781040638      -1.00790865043    
  -1.00800813024      -1.00810886135      -1.00821085950      -1.00831414063    
  -1.00841872087      -1.00852461658      -1.00863184428      -1.00874042075    
  -1.00885036294      -1.00896168803      -1.00907441342      -1.00918855672    
  -1.00930413577      -1.00942116862      -1.00953967356      -1.00965966912    
  -1.00978117403      -1.00990420728      -1.01002878810      -1.01015493596    
  -1.01028267056      -1.01041201186      -1.01054298008      -1.01067559568    
  -1.01080987937      -1.01094585214      -1.01108353525      -1.01122295019    
  -1.01136411875      -1.01150706300      -1.01165180527      -1.01179836817    
  -1.01194677460      -1.01209704776      -1.01224921112      -1.01240328845    
  -1.01255930385      -1.01271728167      -1.01287724662      -1.01303922367    
  -1.01320323814      -1.01336931567      -1.01353748219      -1.01370776398    
  -1.01388018766      -1.01405478015      -1.01423156876      -1.01441058109    
  -1.01459184511      -1.01477538916      -1.01496124191      -1.01514943239    
  -1.01533999003      -1.01553294458      -1.01572832620      -1.01592616542    
  -1.01612649315      -1.01632934069      -1.01653473975      -1.01674272240    
  -1.01695332115      -1.01716656891      -1.01738249900      -1.01760114515    
  -1.01782254153      -1.01804672274      -1.01827372380      -1.01850358018    
  -1.01873632779      -1.01897200302      -1.01921064267      -1.01945228404    
  -1.01969696488      -1.01994472343      -1.02019559840      -1.02044962898    
  -1.02070685488      -1.02096731628      -1.02123105388      -1.02149810890    
  -1.02176852305      -1.02204233859      -1.02231959831      -1.02260034553    
  -1.02288462411      -1.02317247848      -1.02346395360      -1.02375909504    
  -1.02405794889      -1.02436056187      -1.02466698125      -1.02497725491    
  -1.02529143133      -1.02560955960      -1.02593168944      -1.02625787117    
  -1.02658815576      -1.02692259482      -1.02726124060      -1.02760414603    
  -1.02795136467      -1.02830295079      -1.02865895931      -1.02901944588    
  -1.02938446680      -1.02975407912      -1.03012834060      -1.03050730970    
  -1.03089104565      -1.03127960840      -1.03167305867      -1.03207145793    
  -1.03247486844      -1.03288335323      -1.03329697613      -1.03371580176    
  -1.03413989557      -1.03456932382      -1.03500415362      -1.03544445290    
  -1.03589029046      -1.03634173597      -1.03679885997      -1.03726173388    
  -1.03773043002      -1.03820502164      -1.03868558288      -1.03917218884    
  -1.03966491555      -1.04016384000      -1.04066904015      -1.04118059493    
  -1.04169858428      -1.04222308913    
Up potential follows (l on next line)
 1
  -17.9700016198      -18.0740203136      -17.9287058109      -18.0264748079    
  -17.9931386330      -18.0034221136      -17.9944823644      -17.9998319687    
  -17.9984918865      -17.9991233079      -17.9995146150      -18.0000862195    
  -18.0007215324      -18.0014761920      -18.0023175289      -18.0032524938    
  -18.0042701139      -18.0053649275      -18.0065286392      -18.0077530632    
  -18.0090293966      -18.0103486636      -18.0117017773      -18.0130797298    
  -18.0144737199      -18.0158752845      -18.0172764043      -18.0186695922    
  -18.0200479603      -18.0214052656      -18.0227359381      -18.0240350898    
  -18.0252985097      -18.0265226444      -18.0277045693      -18.0288419516    
  -18.0299330066      -18.0309764513      -18.0319714552      -18.0329175917    
  -18.0338147888      -18.0346632831      -18.0354635750      -18.0362163879    
  -18.0369226298      -18.0375833588      -18.0381997524      -18.0387730794    
  -18.0393046759      -18.0397959240      -18.0402482332      -18.0406630252    
  -18.0410417204      -18.0413857269      -18.0416964311      -18.0419751911    
  -18.0422233295      -18.0424421302      -18.0426328338      -18.0427966356    
  -18.0429346841      -18.0430480793      -18.0431378729      -18.0432050683    
  -18.0432506206      -18.0432754378      -18.0432803815      -18.0432662684    
  -18.0432338715      -18.0431839214      -18.0431171082      -18.0430340828    
  -18.0429354586      -18.0428218131      -18.0426936896      -18.0425515987    
  -18.0423960197      -18.0422274025      -18.0420461688      -18.0418527134    
  -18.0416474059      -18.0414305917      -18.0412025935      -18.0409637123    
  -18.0407142287      -18.0404544038      -18.0401844803      -18.0399046837    
  -18.0396152229      -18.0393162913      -18.0390080673      -18.0386907157    
  -18.0383643878      -18.0380292224      -18.0376853465      -18.0373328758    
  -18.0369719152      -18.0366025597      -18.0362248945      -18.0358389957    
  -18.0354449308      -18.0350427590      -18.0346325317      -18.0342142928    
  -18.0337880790      -18.0333539206      -18.0329118410      -18.0324618576    
  -18.0320039821      -18.0315382203      -18.0310645729      -18.0305830352    
  -18.0300935976      -18.0295962459      -18.0290909614      -18.0285777207    
  -18.0280564966      -18.0275272575      -18.0269899682      -18.0264445895    
  -18.0258910787      -18.0253293896      -18.0247594724      -18.0241812741    
  -18.0235947386      -18.0229998066      -18.0223964157      -18.0217845005    
  -18.0211639929      -18.0205348219      -18.0198969137      -18.0192501919    
  -18.0185945773      -18.0179299882      -18.0172563404      -18.0165735471    
  -18.0158815192      -18.0151801649      -18.0144693903      -18.0137490988    
  -18.0130191918      -18.0122795682      -18.0115301245      -18.0107707552    
  -18.0100013522      -18.0092218055      -18.0084320026      -18.0076318288    
  -18.0068211674      -18.0059998993      -18.0051679032      -18.0043250555    
  -18.0034712308      -18.0026063009      -18.0017301360      -18.0008426036    
  -17.9999435694      -17.9990328965      -17.9981104460      -17.9971760767    
  -17.9962296453      -17.9952710061      -17.9943000112      -17.9933165103    
  -17.9923203509      -17.9913113784      -17.9902894355      -17.9892543628    
  -17.9882059987      -17.9871441788      -17.9860687366      -17.9849795033    
  -17.9838763074      -17.9827589752      -17.9816273302      -17.9804811938    
  -17.9793203846      -17.9781447188      -17.9769540100      -17.9757480691    
  -17.9745267046      -17.9732897222      -17.9720369249      -17.9707681132    
  -17.9694830845      -17.9681816339      -17.9668635534      -17.9655286322    
  -17.9641766567      -17.9628074105      -17.9614206742      -17.9600162253    
  -17.9585938386      -17.9571532856      -17.9556943350      -17.9542167521    
  -17.9527202995      -17.9512047361      -17.9496698181      -17.9481152981    
  -17.9465409255      -17.9449464465      -17.9433316037      -17.9416961366    
  -17.9400397810      -17.9383622693      -17.9366633303      -17.9349426894    
  -17.9332000681      -17.9314351845      -17.9296477528      -17.9278374835    
  -17.9260040833      -17.9241472550      -17.9222666976      -17.9203621060    
  -17.9184331713      -17.9164795803      -17.9145010158      -17.9124971566    
  -17.9104676769      -17.9084122471      -17.9063305330      -17.9042221961    
  -17.9020868934      -17.8999242776      -17.8977339967      -17.8955156941    
  -17.8932690086      -17.8909935745      -17.8886890208      -17.8863549723    
  -17.8839910484      -17.8815968638      -17.8791720281      -17.8767161460    
  -17.8742288167      -17.8717096346      -17.8691581885      -17.8665740622    
  -17.8639568337      -17.8613060758      -17.8586213558      -17.8559022353    
  -17.8531482701      -17.8503590105      -17.8475340008      -17.8446727796    
  -17.8417748793      -17.8388398266      -17.8358671418      -17.8328563391    
  -17.8298069266      -17.8267184059      -17.8235902722      -17.8204220145    
  -17.8172131149      -17.8139630490      -17.8106712857      -17.8073372872    
  -17.8039605087      -17.8005403984      -17.7970763978      -17.7935679408    
  -17.7900144546      -17.7864153587      -17.7827700656      -17.7790779801    
  -17.7753384996      -17.7715510138      -17.7677149049      -17.7638295471    
  -17.7598943068      -17.7559085425      -17.7518716047      -17.7477828356    
  -17.7436415693      -17.7394471316      -17.7351988399      -17.7308960032    
  -17.7265379217      -17.7221238871      -17.7176531825      -17.7131250818    
  -17.7085388504      -17.7038937443      -17.6991890107      -17.6944238874    
  -17.6895976030      -17.6847093767      -17.6797584183      -17.6747439280    
  -17.6696650964      -17.6645211043      -17.6593111228      -17.6540343129    
  -17.6486898259      -17.6432768027      -17.6377943743      -17.6322416613    
  -17.6266177740      -17.6209218124      -17.6151528657      -17.6093100128    
  -17.6033923219      -17.5973988503      -17.5913286446      -17.5851807405    
  -17.5789541626      -17.5726479246      -17.5662610289      -17.5597924669    
  -17.5532412186      -17.5466062526      -17.5398865262      -17.5330809853    
  -17.5261885640      -17.5192081851      -17.5121387596      -17.5049791866    
  -17.4977283539      -17.4903851371      -17.4829484000      -17.4754169946    
  -17.4677897610      -17.4600655270      -17.4522431088      -17.4443213102    
  -17.4362989231      -17.4281747273      -17.4199474904      -17.4116159678    
  -17.4031789028      -17.3946350268      -17.3859830586      -17.3772217051    
  -17.3683496609      -17.3593656087      -17.3502682189      -17.3410561497    
  -17.3317280474      -17.3222825463      -17.3127182685      -17.3030338243    
  -17.2932278120      -17.2832988182      -17.2732454177      -17.2630661734    
  -17.2527596369      -17.2423243480      -17.2317588353      -17.2210616159    
  -17.2102311957      -17.1992660696      -17.1881647215      -17.1769256244    
  -17.1655472407      -17.1540280222      -17.1423664104      -17.1305608366    
  -17.1186097222      -17.1065114785      -17.0942645075      -17.0818672016    
  -17.0693179442      -17.0566151096      -17.0437570635      -17.0307421632    
  -17.0175687578      -17.0042351885      -16.9907397889      -16.9770808854    
  -16.9632567973      -16.9492658375      -16.9351063122      -16.9207765219    
  -16.9062747615      -16.8915993207      -16.8767484842      -16.8617205324    
  -16.8465137417      -16.8311263848      -16.8155567313      -16.7998030482    
  -16.7838636001      -16.7677366499      -16.7514204591      -16.7349132887    
  -16.7182133991      -16.7013190512      -16.6842285067      -16.6669400284    
  -16.6494518812      -16.6317623325      -16.6138696526      -16.5957721157    
  -16.5774679999      -16.5589555885      -16.5402331702      -16.5212990396    
  -16.5021514984      -16.4827888556      -16.4632094282      -16.4434115420    
  -16.4233935322      -16.4031537441      -16.3826905339      -16.3620022690    
  -16.3410873293      -16.3199441071      -16.2985710088      -16.2769664546    
  -16.2551288798      -16.2330567355      -16.2107484888      -16.1882026242    
  -16.1654176436      -16.1423920676      -16.1191244355      -16.0956133068    
  -16.0718572611      -16.0478548990      -16.0236048431      -15.9991057379    
  -15.9743562511      -15.9493550739      -15.9241009214      -15.8985925334    
  -15.8728286748      -15.8468081363      -15.8205297345      -15.7939923127    
  -15.7671947412      -15.7401359177      -15.7128147675      -15.6852302441    
  -15.6573813293      -15.6292670335      -15.6008863958      -15.5722384843    
  -15.5433223963      -15.5141372580      -15.4846822250      -15.4549564817    
  -15.4249592419      -15.3946897481      -15.3641472716      -15.3333311121    
  -15.3022405975      -15.2708750836      -15.2392339535      -15.2073166173    
  -15.1751225112      -15.1426510974      -15.1099018631      -15.0768743198    
  -15.0435680026      -15.0099824691      -14.9761172990      -14.9419720926    
  -14.9075464697      -14.8728400691      -14.8378525468      -14.8025835754    
  -14.7670328422      -14.7312000484      -14.6950849074      -14.6586871439    
  -14.6220064918      -14.5850426936      -14.5477954980      -14.5102646594    
  -14.4724499358      -14.4343510874      -14.3959678754      -14.3573000606    
  -14.3183474017      -14.2791096544      -14.2395865697      -14.1997778934    
  -14.1596833642      -14.1193027135      -14.0786356641      -14.0376819298    
  -13.9964412149      -13.9549132135      -13.9130976103      -13.8709940797    
  -13.8286022871      -13.7859218890      -13.7429525344      -13.6996938660    
  -13.6561455218      -13.6123071373      -13.5681783482      -13.5237587927    
  -13.4790481154      -13.4340459709      -13.3887520281      -13.3431659749    
  -13.2972875233      -13.2511164156      -13.2046524298      -13.1578953873    
  -13.1108451588      -13.0635016729      -13.0158649229      -12.9679349759    
  -12.9197119804      -12.8711961750      -12.8223878969      -12.7732875902    
  -12.7238958139      -12.6742132492      -12.6242407069      -12.5739791328    
  -12.5234296128      -12.4725933756      -12.4214717947      -12.3700663872    
  -12.3183788102      -12.2664108543      -12.2141644337      -12.1616415713    
  -12.1088443802      -12.0557750395      -12.0024357636      -11.9488287663    
  -11.8949562159      -11.8408201843      -11.7864225856      -11.7317651067    
  -11.6768491277      -11.6216756309      -11.5662451000      -11.5105574071    
  -11.4546116879      -11.3984062065      -11.3419382093      -11.2852037661    
  -11.2281976076      -11.1709129546      -11.1133413450      -11.0554724661    
  -10.9972939956      -10.9387914632      -10.8799481422      -10.8207449888    
  -10.7611606437      -10.7011715202      -10.6407520025      -10.5798747833    
  -10.5185113706      -10.4566327959      -10.3942105528      -10.3312177920    
  -10.2676307875      -10.2034306762      -10.1386054497      -10.0731521543    
  -10.0070792175      -9.94040878923      -9.87317894407      -9.80544556250    
  -9.73728368333      -9.66878811370      -9.60007309473      -9.53127085799    
  -9.46252896853      -9.39400643135      -9.32586863440      -9.25828130173    
  -9.19140372798      -9.12538164891      -9.06034016826      -8.99637720247    
  -8.93355791923      -8.87191062851      -8.81142452947      -8.75204961596    
  -8.69369889366      -8.63625286620      -8.57956602355      -8.52347484295    
  -8.46780663137      -8.41238843723      -8.35705526407      -8.30165693324    
  -8.24606314502      -8.19016653643      -8.13388378141      -8.07715498263    
  -8.01994173760      -7.96222431713      -7.90399838205      -7.84527160217    
  -7.78606045465      -7.72638738525      -7.66627843137      -7.60576133758    
  -7.54486414550      -7.48361420900      -7.42203757003      -7.36015862507    
  -7.29800001507      -7.23558267818      -7.17292601338      -7.11004811246    
  -7.04696602689      -6.98369604376      -6.92025395247      -6.85665528926    
  -6.79291555152      -6.72905037773      -6.66507569140      -6.60100780991    
  -6.53686352027      -6.47266012508      -6.40841546228      -6.34414790275    
  -6.27987632956      -6.21562010264      -6.15139901236      -6.08723322482    
  -6.02314322175      -5.95914973694      -5.89527369126      -5.83153612743    
  -5.76795814586      -5.70456084225      -5.64136524763      -5.57839227104    
  -5.51566264534      -5.45319687593      -5.39101519276      -5.32913750516    
  -5.26758335973      -5.20637190102      -5.14552183477      -5.08505139374    
  -5.02497830584      -4.96531976452      -4.90609240119      -4.84731225970    
  -4.78899477268      -4.73115473970      -4.67380630718      -4.61696295013    
  -4.56063745545      -4.50484190698      -4.44958767233      -4.39488539128    
  -4.34074496603      -4.28717555318      -4.23418555754      -4.18178262787    
  -4.12997365456      -4.07876476928      -4.02816134688      -3.97816800940    
  -3.92878863249      -3.88002635418      -3.83188358628      -3.78436202847    
  -3.73746268516      -3.69118588543      -3.64553130597      -3.60049799743    
  -3.55608441409      -3.51228844733      -3.46910746253      -3.42653834011    
  -3.38457752061      -3.34322105356      -3.30246465119      -3.26230374550    
  -3.22273354988      -3.18374912513      -3.14534544879      -3.10751748844    
  -3.07026027807      -3.03356899713      -2.99743905171      -2.96186615680    
  -2.92684641891      -2.89237641769      -2.85845328542      -2.82507478276    
  -2.79223936917      -2.75994626634      -2.72819551255      -2.69698800634    
  -2.66632553723      -2.63621080180      -2.60664740320      -2.57763983252    
  -2.54919343043      -2.52131432814      -2.49400936667      -2.46728599426    
  -2.44115214181      -2.41561607706      -2.39068623842      -2.36637105024    
  -2.34267872151      -2.31961703052      -2.29719309865      -2.27541315649    
  -2.25428230621      -2.23380428387      -2.21398122592      -2.19481344404    
  -2.17629921232      -2.15843457098      -2.14121315042      -2.12462601933    
  -2.10866156016      -2.09330537504      -2.07854022492      -2.06434600393    
  -2.05069975112      -2.03757570061      -2.02494537122      -2.01277769573    
  -2.00103918953      -1.98969415779      -1.97870493968      -1.96803218731    
  -1.95763517671      -1.94747214724      -1.93750066504      -1.92767800600    
  -1.91796155231      -1.90830919697      -1.89867974951      -1.88903333635    
  -1.87933178880      -1.86953901195      -1.85962132770      -1.84954778578    
  -1.83929043718      -1.82882456516      -1.81812886997      -1.80718560463    
  -1.79598065998      -1.78450359886      -1.77274763997      -1.76070959363    
  -1.74838975220      -1.73579173940      -1.72292232297      -1.70979119605    
  -1.69641073307      -1.68279572585      -1.66896310580      -1.65493165803    
  -1.64072173274      -1.62635495874      -1.61185396368      -1.59724210487    
  -1.58254321370      -1.56778135657      -1.55298061399      -1.53816487947    
  -1.52335767885      -1.50858201051      -1.49386020628      -1.47921381258    
  -1.46466349105      -1.45022893760      -1.43592881873      -1.42178072370    
  -1.40780113123      -1.39400538924      -1.38040770625      -1.36702115287    
  -1.35385767227      -1.34092809806      -1.32824217863      -1.31580860668    
  -1.30363505296      -1.29172820334      -1.28009379839      -1.26873667468    
  -1.25766080733      -1.24686935305      -1.23636469343      -1.22614847796    
  -1.21622166649      -1.20658457086      -1.19723689562      -1.18817777743    
  -1.17940582332      -1.17091914747      -1.16271540667      -1.15479183425    
  -1.14714527266      -1.13977220455      -1.13266878248      -1.12583085724    
  -1.11925400489      -1.11293355249      -1.10686460260      -1.10104205667    
  -1.09546063725      -1.09011490921      -1.08499929989      -1.08010811835    
  -1.07543557370      -1.07097579250      -1.06672283545      -1.06267071320    
  -1.05881340144      -1.05514485523      -1.05165902270      -1.04834985799    
  -1.04521133358      -1.04223745194      -1.03942225662      -1.03675984264    
  -1.03424436634      -1.03187005456      -1.02963121338      -1.02752223608    
  -1.02553761069      -1.02367192690      -1.02191988240      -1.02027628875    
  -1.01873607655      -1.01729430026      -1.01594614233      -1.01468691686    
  -1.01351207282      -1.01241719663      -1.01139801436      -1.01045039341    
  -1.00957034373      -1.00875401858      -1.00799771487      -1.00729787309    
  -1.00665107684      -1.00605405195      -1.00550366526      -1.00499692319    
  -1.00453096947      -1.00410308415      -1.00387849055      -1.00392728591    
  -1.00397668102      -1.00402668736      -1.00407733753      -1.00412862764    
  -1.00418056137      -1.00423314839      -1.00428639659      -1.00434031443    
  -1.00439491035      -1.00445019293      -1.00450617082      -1.00456285279    
  -1.00462024770      -1.00467836454      -1.00473721238      -1.00479680042    
  -1.00485713799      -1.00491823450      -1.00498009951      -1.00504274269    
  -1.00510617382      -1.00517040281      -1.00523543970      -1.00530129466    
  -1.00536797797      -1.00543550005      -1.00550387146      -1.00557310287    
  -1.00564320510      -1.00571418912      -1.00578606600      -1.00585884698    
  -1.00593254343      -1.00600716687      -1.00608272896      -1.00615924150    
  -1.00623671646      -1.00631516592      -1.00639460216      -1.00647503759    
  -1.00655648476      -1.00663895642      -1.00672246544      -1.00680702488    
  -1.00689264794      -1.00697934801      -1.00706713863      -1.00715603352    
  -1.00724604658      -1.00733719185      -1.00742948360      -1.00752293623    
  -1.00761756435      -1.00771338274      -1.00781040638      -1.00790865043    
  -1.00800813024      -1.00810886135      -1.00821085950      -1.00831414063    
  -1.00841872087      -1.00852461658      -1.00863184428      -1.00874042075    
  -1.00885036294      -1.00896168803      -1.00907441342      -1.00918855672    
  -1.00930413577      -1.00942116862      -1.00953967356      -1.00965966912    
  -1.00978117403      -1.00990420728      -1.01002878810      -1.01015493596    
  -1.01028267056      -1.01041201186      -1.01054298008      -1.01067559568    
  -1.01080987937      -1.01094585214      -1.01108353525      -1.01122295019    
  -1.01136411875      -1.01150706300      -1.01165180527      -1.01179836817    
  -1.01194677460      -1.01209704776      -1.01224921112      -1.01240328845    
  -1.01255930385      -1.01271728167      -1.01287724662      -1.01303922367    
  -1.01320323814      -1.01336931567      -1.01353748219      -1.01370776398    
  -1.01388018766      -1.01405478015      -1.01423156876      -1.01441058109    
  -1.01459184511      -1.01477538916      -1.01496124191      -1.01514943239    
  -1.01533999003      -1.01553294458      -1.01572832620      -1.01592616542    
  -1.01612649315      -1.01632934069      -1.01653473975      -1.01674272240    
  -1.01695332115      -1.01716656891      -1.01738249900      -1.01760114515    
  -1.01782254153      -1.01804672274      -1.01827372380      -1.01850358018    
  -1.01873632779      -1.01897200302      -1.01921064267      -1.01945228404    
  -1.01969696488      -1.01994472343      -1.02019559840      -1.02044962898    
  -1.02070685488      -1.02096731628      -1.02123105388      -1.02149810890    
  -1.02176852305      -1.02204233859      -1.02231959831      -1.02260034553    
  -1.02288462411      -1.02317247848      -1.02346395360      -1.02375909504    
  -1.02405794889      -1.02436056187      -1.02466698125      -1.02497725491    
  -1.02529143133      -1.02560955960      -1.02593168944      -1.02625787117    
  -1.02658815576      -1.02692259482      -1.02726124060      -1.02760414603    
  -1.02795136467      -1.02830295079      -1.02865895931      -1.02901944588    
  -1.02938446680      -1.02975407912      -1.03012834060      -1.03050730970    
  -1.03089104565      -1.03127960840      -1.03167305867      -1.03207145793    
  -1.03247486844      -1.03288335323      -1.03329697613      -1.03371580176    
  -1.03413989557      -1.03456932382      -1.03500415362      -1.03544445290    
  -1.03589029046      -1.03634173597      -1.03679885997      -1.03726173388    
  -1.03773043002      -1.03820502164      -1.03868558288      -1.03917218884    
  -1.03966491555      -1.04016384000      -1.04066904015      -1.04118059493    
  -1.04169858428      -1.04222308913    
