 Raios
  0.119918708213E-05  0.241345808087E-05  0.364300272851E-05  0.488801314393E-05
  0.614868386252E-05  0.742521186666E-05  0.871779661643E-05  0.100266400808E-04
  0.113519467694E-04  0.126939237638E-04  0.140527807509E-04  0.154287300547E-04
  0.168219866701E-04  0.182327682964E-04  0.196612953710E-04  0.211077911042E-04
  0.225724815139E-04  0.240555954609E-04  0.255573646848E-04  0.270780238401E-04
  0.286178105329E-04  0.301769653581E-04  0.317557319366E-04  0.333543569540E-04
  0.349730901988E-04  0.366121846012E-04  0.382718962731E-04  0.399524845479E-04
  0.416542120209E-04  0.433773445904E-04  0.451221514994E-04  0.468889053776E-04
  0.486778822838E-04  0.504893617493E-04  0.523236268215E-04  0.541809641081E-04
  0.560616638217E-04  0.579660198255E-04  0.598943296790E-04  0.618468946845E-04
  0.638240199344E-04  0.658260143584E-04  0.678531907722E-04  0.699058659264E-04
  0.719843605555E-04  0.740889994285E-04  0.762201113997E-04  0.783780294595E-04
  0.805630907870E-04  0.827756368026E-04  0.850160132210E-04  0.872845701056E-04
  0.895816619230E-04  0.919076475986E-04  0.942628905723E-04  0.966477588555E-04
  0.990626250889E-04  0.101507866600E-03  0.103983865463E-03  0.106491008558E-03
  0.109029687631E-03  0.111600299356E-03  0.114203245395E-03  0.116838932465E-03
  0.119507772397E-03  0.122210182203E-03  0.124946584140E-03  0.127717405776E-03
  0.130523080058E-03  0.133364045377E-03  0.136240745641E-03  0.139153630340E-03
  0.142103154618E-03  0.145089779345E-03  0.148113971185E-03  0.151176202677E-03
  0.154276952298E-03  0.157416704549E-03  0.160595950021E-03  0.163815185478E-03
  0.167074913932E-03  0.170375644723E-03  0.173717893596E-03  0.177102182784E-03
  0.180529041090E-03  0.183999003967E-03  0.187512613604E-03  0.191070419010E-03
  0.194672976098E-03  0.198320847777E-03  0.202014604032E-03  0.205754822022E-03
  0.209542086162E-03  0.213376988220E-03  0.217260127409E-03  0.221192110475E-03
  0.225173551800E-03  0.229205073492E-03  0.233287305484E-03  0.237420885633E-03
  0.241606459820E-03  0.245844682049E-03  0.250136214550E-03  0.254481727886E-03
  0.258881901050E-03  0.263337421579E-03  0.267848985658E-03  0.272417298226E-03
  0.277043073093E-03  0.281727033044E-03  0.286469909959E-03  0.291272444922E-03
  0.296135388338E-03  0.301059500051E-03  0.306045549466E-03  0.311094315661E-03
  0.316206587517E-03  0.321383163837E-03  0.326624853472E-03  0.331932475445E-03
  0.337306859085E-03  0.342748844148E-03  0.348259280957E-03  0.353839030528E-03
  0.359488964709E-03  0.365209966313E-03  0.371002929259E-03  0.376868758708E-03
  0.382808371208E-03  0.388822694837E-03  0.394912669344E-03  0.401079246301E-03
  0.407323389246E-03  0.413646073841E-03  0.420048288018E-03  0.426531032136E-03
  0.433095319136E-03  0.439742174703E-03  0.446472637420E-03  0.453287758936E-03
  0.460188604128E-03  0.467176251266E-03  0.474251792186E-03  0.481416332454E-03
  0.488670991545E-03  0.496016903014E-03  0.503455214674E-03  0.510987088776E-03
  0.518613702193E-03  0.526336246596E-03  0.534155928650E-03  0.542073970196E-03
  0.550091608444E-03  0.558210096165E-03  0.566430701892E-03  0.574754710109E-03
  0.583183421460E-03  0.591718152948E-03  0.600360238143E-03  0.609111027387E-03
  0.617971888010E-03  0.626944204539E-03  0.636029378917E-03  0.645228830720E-03
  0.654543997382E-03  0.663976334416E-03  0.673527315645E-03  0.683198433428E-03
  0.692991198898E-03  0.702907142194E-03  0.712947812701E-03  0.723114779297E-03
  0.733409630588E-03  0.743833975168E-03  0.754389441861E-03  0.765077679981E-03
  0.775900359585E-03  0.786859171741E-03  0.797955828784E-03  0.809192064590E-03
  0.820569634844E-03  0.832090317313E-03  0.843755912129E-03  0.855568242064E-03
  0.867529152819E-03  0.879640513310E-03  0.891904215962E-03  0.904322177003E-03
  0.916896336766E-03  0.929628659988E-03  0.942521136121E-03  0.955575779639E-03
  0.968794630359E-03  0.982179753752E-03  0.995733241271E-03  0.100945721068E-02
  0.102335380636E-02  0.103742519971E-02  0.105167358939E-02  0.106610120176E-02
  0.108071029114E-02  0.109550314025E-02  0.111048206049E-02  0.112564939236E-02
  0.114100750578E-02  0.115655880048E-02  0.117230570639E-02  0.118825068399E-02
  0.120439622472E-02  0.122074485135E-02  0.123729911838E-02  0.125406161247E-02
  0.127103495277E-02  0.128822179141E-02  0.130562481387E-02  0.132324673941E-02
  0.134109032148E-02  0.135915834818E-02  0.137745364268E-02  0.139597906366E-02
  0.141473750574E-02  0.143373189998E-02  0.145296521429E-02  0.147244045391E-02
  0.149216066189E-02  0.151212891955E-02  0.153234834697E-02  0.155282210348E-02
  0.157355338814E-02  0.159454544026E-02  0.161580153989E-02  0.163732500834E-02
  0.165911920870E-02  0.168118754635E-02  0.170353346951E-02  0.172616046979E-02
  0.174907208269E-02  0.177227188821E-02  0.179576351135E-02  0.181955062274E-02
  0.184363693915E-02  0.186802622413E-02  0.189272228855E-02  0.191772899122E-02
  0.194305023949E-02  0.196868998985E-02  0.199465224857E-02  0.202094107230E-02
  0.204756056872E-02  0.207451489720E-02  0.210180826938E-02  0.212944494993E-02
  0.215742925712E-02  0.218576556357E-02  0.221445829687E-02  0.224351194033E-02
  0.227293103363E-02  0.230272017358E-02  0.233288401477E-02  0.236342727039E-02
  0.239435471286E-02  0.242567117467E-02  0.245738154907E-02  0.248949079089E-02
  0.252200391724E-02  0.255492600838E-02  0.258826220845E-02  0.262201772630E-02
  0.265619783629E-02  0.269080787914E-02  0.272585326273E-02  0.276133946299E-02
  0.279727202469E-02  0.283365656238E-02  0.287049876122E-02  0.290780437786E-02
  0.294557924140E-02  0.298382925423E-02  0.302256039299E-02  0.306177870951E-02
  0.310149033172E-02  0.314170146464E-02  0.318241839135E-02  0.322364747395E-02
  0.326539515457E-02  0.330766795636E-02  0.335047248455E-02  0.339381542741E-02
  0.343770355739E-02  0.348214373208E-02  0.352714289535E-02  0.357270807842E-02
  0.361884640093E-02  0.366556507210E-02  0.371287139181E-02  0.376077275177E-02
  0.380927663667E-02  0.385839062533E-02  0.390812239192E-02  0.395847970712E-02
  0.400947043938E-02  0.406110255608E-02  0.411338412487E-02  0.416632331483E-02
  0.421992839783E-02  0.427420774977E-02  0.432916985191E-02  0.438482329219E-02
  0.444117676656E-02  0.449823908039E-02  0.455601914976E-02  0.461452600294E-02
  0.467376878173E-02  0.473375674294E-02  0.479449925982E-02  0.485600582351E-02
  0.491828604452E-02  0.498134965428E-02  0.504520650659E-02  0.510986657923E-02
  0.517533997546E-02  0.524163692563E-02  0.530876778877E-02  0.537674305422E-02
  0.544557334326E-02  0.551526941075E-02  0.558584214685E-02  0.565730257869E-02
  0.572966187211E-02  0.580293133339E-02  0.587712241105E-02  0.595224669758E-02
  0.602831593130E-02  0.610534199820E-02  0.618333693374E-02  0.626231292480E-02
  0.634228231154E-02  0.642325758934E-02  0.650525141074E-02  0.658827658745E-02
  0.667234609233E-02  0.675747306139E-02  0.684367079592E-02  0.693095276446E-02
  0.701933260502E-02  0.710882412713E-02  0.719944131400E-02  0.729119832477E-02
  0.738410949666E-02  0.747818934721E-02  0.757345257661E-02  0.766991406992E-02
  0.776758889945E-02  0.786649232710E-02  0.796663980671E-02  0.806804698654E-02
  0.817072971167E-02  0.827470402648E-02  0.837998617718E-02  0.848659261430E-02
  0.859453999532E-02  0.870384518725E-02  0.881452526924E-02  0.892659753527E-02
  0.904007949688E-02  0.915498888583E-02  0.927134365697E-02  0.938916199096E-02
  0.950846229715E-02  0.962926321646E-02  0.975158362429E-02  0.987544263343E-02
  0.100008595971E-01  0.101278541120E-01  0.102564460213E-01  0.103866554176E-01
  0.105185026465E-01  0.106520083094E-01  0.107871932668E-01  0.109240786417E-01
  0.110626858226E-01  0.112030364672E-01  0.113451525056E-01  0.114890561437E-01
  0.116347698667E-01  0.117823164427E-01  0.119317189262E-01  0.120830006616E-01
  0.122361852870E-01  0.123912967378E-01  0.125483592504E-01  0.127073973662E-01
  0.128684359353E-01  0.130315001202E-01  0.131966154000E-01  0.133638075744E-01
  0.135331027675E-01  0.137045274319E-01  0.138781083532E-01  0.140538726536E-01
  0.142318477969E-01  0.144120615918E-01  0.145945421972E-01  0.147793181261E-01
  0.149664182500E-01  0.151558718038E-01  0.153477083899E-01  0.155419579832E-01
  0.157386509356E-01  0.159378179808E-01  0.161394902391E-01  0.163436992220E-01
  0.165504768377E-01  0.167598553957E-01  0.169718676117E-01  0.171865466131E-01
  0.174039259439E-01  0.176240395701E-01  0.178469218849E-01  0.180726077140E-01
  0.183011323214E-01  0.185325314146E-01  0.187668411500E-01  0.190040981390E-01
  0.192443394536E-01  0.194876026320E-01  0.197339256844E-01  0.199833470994E-01
  0.202359058496E-01  0.204916413978E-01  0.207505937032E-01  0.210128032276E-01
  0.212783109418E-01  0.215471583319E-01  0.218193874059E-01  0.220950407001E-01
  0.223741612860E-01  0.226567927765E-01  0.229429793336E-01  0.232327656745E-01
  0.235261970787E-01  0.238233193957E-01  0.241241790513E-01  0.244288230556E-01
  0.247372990097E-01  0.250496551136E-01  0.253659401736E-01  0.256862036100E-01
  0.260104954644E-01  0.263388664082E-01  0.266713677501E-01  0.270080514439E-01
  0.273489700973E-01  0.276941769794E-01  0.280437260296E-01  0.283976718656E-01
  0.287560697921E-01  0.291189758096E-01  0.294864466228E-01  0.298585396498E-01
  0.302353130309E-01  0.306168256378E-01  0.310031370825E-01  0.313943077270E-01
  0.317903986925E-01  0.321914718689E-01  0.325975899250E-01  0.330088163172E-01
  0.334252153008E-01  0.338468519388E-01  0.342737921128E-01  0.347061025330E-01
  0.351438507490E-01  0.355871051597E-01  0.360359350245E-01  0.364904104740E-01
  0.369506025209E-01  0.374165830712E-01  0.378884249353E-01  0.383662018394E-01
  0.388499884371E-01  0.393398603211E-01  0.398358940348E-01  0.403381670846E-01
  0.408467579516E-01  0.413617461042E-01  0.418832120102E-01  0.424112371500E-01
  0.429459040283E-01  0.434872961881E-01  0.440354982229E-01  0.445905957904E-01
  0.451526756258E-01  0.457218255552E-01  0.462981345094E-01  0.468816925378E-01
  0.474725908226E-01  0.480709216929E-01  0.486767786390E-01  0.492902563273E-01
  0.499114506151E-01  0.505404585650E-01  0.511773784610E-01  0.518223098231E-01
  0.524753534230E-01  0.531366113002E-01  0.538061867775E-01  0.544841844776E-01
  0.551707103388E-01  0.558658716324E-01  0.565697769786E-01  0.572825363640E-01
  0.580042611589E-01  0.587350641341E-01  0.594750594791E-01  0.602243628198E-01
  0.609830912361E-01  0.617513632811E-01  0.625292989988E-01  0.633170199432E-01
  0.641146491973E-01  0.649223113924E-01  0.657401327272E-01  0.665682409881E-01
  0.674067655686E-01  0.682558374899E-01  0.691155894212E-01  0.699861557005E-01
  0.708676723556E-01  0.717602771252E-01  0.726641094807E-01  0.735793106476E-01
  0.745060236280E-01  0.754443932228E-01  0.763945660541E-01  0.773566905882E-01
  0.783309171592E-01  0.793173979919E-01  0.803162872260E-01  0.813277409398E-01
  0.823519171752E-01  0.833889759618E-01  0.844390793420E-01  0.855023913968E-01
  0.865790782706E-01  0.876693081982E-01  0.887732515300E-01  0.898910807596E-01
  0.910229705499E-01  0.921690977612E-01  0.933296414780E-01  0.945047830377E-01
  0.956947060586E-01  0.968995964685E-01  0.981196425341E-01  0.993550348900E-01
  0.100605966569      0.101872633031      0.103155232196      0.104453964472    
  0.105769032790      0.107100642630      0.108449002061      0.109814321765    
  0.111196815077      0.112596698014      0.114014189310      0.115449510453    
  0.116902885712      0.118374542182      0.119864709812      0.121373621443    
  0.122901512846      0.124448622756      0.126015192914      0.127601468098    
  0.129207696169      0.130834128101      0.132481018028      0.134148623280    
  0.135837204424      0.137547025305      0.139278353084      0.141031458286    
  0.142806614837      0.144604100109      0.146424194961      0.148267183789    
  0.150133354563      0.152022998875      0.153936411986      0.155873892872    
  0.157835744267      0.159822272715      0.161833788614      0.163870606269    
  0.165933043936      0.168021423875      0.170136072400      0.172277319929    
  0.174445501037      0.176640954505      0.178864023378      0.181115055016    
  0.183394401146      0.185702417921      0.188039465972      0.190405910470    
  0.192802121175      0.195228472500      0.197685343568      0.200173118269    
  0.202692185324      0.205242938342      0.207825775883      0.210441101521    
  0.213089323906      0.215770856828      0.218486119281      0.221235535532    
  0.224019535182      0.226838553236      0.229693030173      0.232583412009    
  0.235510150373      0.238473702574      0.241474531673      0.244513106555    
  0.247589902004      0.250705398775      0.253860083672      0.257054449619    
  0.260288995744      0.263564227451      0.266880656501      0.270238801093    
  0.273639185944      0.277082342371      0.280568808374      0.284099128721    
  0.287673855032      0.291293545864      0.294958766802      0.298670090543    
  0.302428096991      0.306233373341      0.310086514174      0.313988121553    
  0.317938805112      0.321939182152      0.325989877741      0.330091524808    
  0.334244764244      0.338450245000      0.342708624193      0.347020567202    
  0.351386747777      0.355807848143      0.360284559106      0.364817580161    
  0.369407619601      0.374055394630      0.378761631472      0.383527065486    
  0.388352441281      0.393238512831      0.398186043596      0.403195806637    
  0.408268584739      0.413405170535      0.418606366626      0.423872985710    
  0.429205850707      0.434605794889      0.440073662006      0.445610306425    
  0.451216593257      0.456893398497      0.462641609156      0.468462123405    
  0.474355850710      0.480323711978      0.486366639700      0.492485578096    
  0.498681483261      0.504955323320      0.511308078571      0.517740741647    
  0.524254317664      0.530849824380      0.537528292359      0.544290765123    
  0.551138299323      0.558071964901      0.565092845254      0.572202037411    
  0.579400652198      0.586689814411      0.594070662998      0.601544351231    
  0.609112046890      0.616774932442      0.624534205228      0.632391077651    
  0.640346777363      0.648402547458      0.656559646667      0.664819349553    
  0.673182946712      0.681651744972      0.690227067601      0.698910254510    
  0.707702662465      0.716605665297      0.725620654119      0.734749037541    
  0.743992241891      0.753351711439      0.762828908622      0.772425314270    
  0.782142427841      0.791981767655      0.801944871127      0.812033295014    
  0.822248615652      0.832592429205      0.843066351916      0.853672020356    
  0.864411091683      0.875285243898      0.886296176110      0.897445608799    
  0.908735284086      0.920166966008      0.931742440786      0.943463517113    
  0.955332026430      0.967349823217      0.979518785278      0.991840814039    
   1.00431783484       1.01695179725       1.02974467533       1.04269846802    
   1.05581519936       1.06909691887       1.08254570184       1.09616364968    
   1.10995289021       1.12391557804       1.13805389486       1.15237004982    
   1.16686627983       1.18154484997       1.19640805380       1.21145821371    
   1.22669768134       1.24212883786       1.25775409444       1.27357589256    
   1.28959670439       1.30581903323       1.32224541385       1.33887841290    
   1.35572062932       1.37277469475       1.39004327391       1.40752906506    
   1.42523480038       1.44316324644       1.46131720459       1.47969951142    
   1.49831303920       1.51716069635       1.53624542783       1.55557021569    
   1.57513807945       1.59495207664       1.61501530323       1.63533089415    
   1.65590202374       1.67673190629       1.69782379651       1.71918099004    
   1.74080682400       1.76270467747       1.78487797202       1.80733017228    
   1.83006478646       1.85308536688       1.87639551056       1.89999885974    
   1.92389910252       1.94809997333       1.97260525363       1.99741877241    
   2.02254440683       2.04798608283       2.07374777572       2.09983351081    
   2.12624736405       2.15299346267       2.18007598580       2.20749916513    
   2.23526728559       2.26338468601       2.29185575978       2.32068495558    
   2.34987677803       2.37943578839       2.40936660534       2.43967390561    
   2.47036242480       2.50143695803       2.53290236078       2.56476354957    
   2.59702550278       2.62969326140       2.66277192984       2.69626667671    
   2.73018273563       2.76452540606       2.79930005410       2.83451211336    
   2.87016708581       2.90627054260       2.94282812497       2.97984554512    
   3.01732858709       3.05528310770       3.09371503740       3.13263038126    
   3.17203521989       3.21193571038       3.25233808725       3.29324866346    
   3.33467383137       3.37662006375       3.41909391478       3.46210202109    
   3.50565110278       3.54974796448       3.59439949642       3.63961267549    
   3.68539456634       3.73175232249       3.77869318743       3.82622449576    
   3.87435367435       3.92308824348       3.97243581803       4.02240410865    
   4.07300092300       4.12423416692       4.17611184572       4.22864206538    
   4.28183303387       4.33569306238       4.39023056665       4.44545406827    
   4.50137219603       4.55799368725       4.61532738916       4.67338226025    
   4.73216737173       4.79169190889       4.85196517255       4.91299658053    
   4.97479566913       5.03737209456       5.10073563453       5.16489618972    
   5.22986378534       5.29564857272       5.36226083085       5.42971096805    
   5.49800952353       5.56716716908       5.63719471072       5.70810309040    
   5.77990338770       5.85260682156       5.92622475204       6.00076868209    
   6.07625025935       6.15268127797       6.23007368046       6.30843955953    
   6.38779116001       6.46814088076       6.54950127657       6.63188506018    
   6.71530510422       6.79977444324       6.88530627575       6.97191396627    
   7.05961104743       7.14841122207       7.23832836540       7.32937652717    
   7.42156993383       7.51492299078       7.60945028464       7.70516658549    
   7.80208684918       7.90022621972       7.99960003157       8.10022381210    
   8.20211328397       8.30528436763       8.40975318377       8.51553605585    
   8.62264951265       8.73111029089       8.84093533777       8.95214181367    
   9.06474709485       9.17876877610       9.29422467354       9.41113282739    
   9.52951150479       9.64937920264       9.77075465053       9.89365681360    
   10.0181048956       10.1441183417       10.2717168419       10.4009203336    
   10.5317490052       10.6642232989       10.7983639141       10.9341918105    
   11.0717282115       11.2109946074       11.3520127590       11.4948047006    
   11.6393927437       11.7857994804       11.9340477872       12.0841608282    
   12.2361620588       12.3900752295       12.5459243895       12.7037338907    
   12.8635283910       13.0253328587       13.1891725760       13.3550731433    
   13.5230604829       13.6931608430       13.8654008023       14.0398072736    
   14.2164075082       14.3952291003       14.5762999912       14.7596484734    
   14.9453031957       15.1332931669       15.3236477608       15.5163967208    
   15.7115701642       15.9091985873       16.1093128700       16.3119442805    
   16.5171244803       16.7248855294       16.9352598907       17.1482804358    
   17.3639804494       17.5823936353       17.8035541208       18.0274964627    
   18.2542556525       18.4838671219       18.7163667479       18.9517908593    
   19.1901762414       19.4315601425       19.6759802793       19.9234748429    
   20.1740825049       20.4278424233       20.6847942485       20.9449781298    
   21.2084347214       21.4752051890       21.7453312159       22.0188550101    
   22.2958193100       22.5762673919       22.8602430764       23.1477907354    
   23.4389552986       23.7337822612       24.0323176904       24.3346082331    
   24.6407011227       24.9506441869       25.2644858549       25.5822751651    
   25.9040617727       26.2298959576       26.5598286320       26.8939113486    
   27.2321963084       27.5747363692       27.9215850536       28.2727965573    
   28.6284257579       28.9885282232       29.3531602198       29.7223787224    
   30.0962414220       30.4748067355       30.8581338144       31.2462825544    
   31.6393136046       32.0372883767       32.4402690552       32.8483186067    
   33.2615007897       33.6798801647       34.1035221044       34.5324928038    
   34.9668592903       35.4066894346       35.8520519610       36.3030164584    
   36.7596533909       37.2220341089       37.6902308604       38.1643168020    
   38.6443660107       39.1304534951       39.6226552073       40.1210480549    
   40.6257099128       41.1367196355       41.6541570691       42.1781030645    
   42.7086394891       43.2458492405       43.7898162587       44.3406255397    
   44.8983631485       45.4631162328       46.0349730364       46.6140229131    
   47.2003563406       47.7940649347       48.3952414636       49.0039798624    
   49.6203752475       50.2445239322       50.8765234409       51.5164725247    
   52.1644711771       52.8206206491       53.4850234655       54.1577834405    
   54.8390056942       55.5287966691       56.2272641463       56.9345172628    
   57.6506665283       58.3758238427       59.1101025133       59.8536172725    
   60.6064842961       61.3688212210       62.1407471641       62.9223827401    
   63.7138500814       64.5152728564       65.3267762888       66.1484871778    
   66.9805339175       67.8230465167       68.6761566198       69.5399975271    
   70.4147042153       71.3004133592       72.1972633527       73.1053943303    
   74.0249481894       74.9560686122       75.8989010881       76.8535929366    
   77.8202933303       78.7991533180       79.7903258486       80.7939657949    
   81.8102299776       82.8392771901       83.8812682231       84.9363658898    
   86.0047350514       87.0865426427       88.1819576983       89.2911513792    
   90.4142969990       91.5515700516       92.7031482381       93.8692114951    
   95.0499420222       96.2455243111       97.4561451738       98.6819937724    
   99.9232616482       101.180142752       102.452833473       103.741532674    
   105.046441714       106.367764490       107.705707460       109.060479682    
   110.432292839       111.821361283       113.227902056       114.652134934    
   116.094282457       117.554569962       119.033225623    
Down potential follows (l on next line)
 1
  -51.9672557625      -52.0803623680      -51.9217176806      -52.0279670352    
  -51.9908662546      -52.0018579857      -51.9913311691      -51.9964670225    
  -51.9942139696      -51.9939005204      -51.9933068176      -51.9927487658    
  -51.9921853464      -51.9916382618      -51.9910975459      -51.9905680190    
  -51.9900484104      -51.9895397161      -51.9890422393      -51.9885565124    
  -51.9880830344      -51.9876223389      -51.9871749737      -51.9867415051    
  -51.9863225145      -51.9859185975      -51.9855303619      -51.9851584259    
  -51.9848034162      -51.9844659654      -51.9841467098      -51.9838462865    
  -51.9835653307      -51.9833044723      -51.9830643324      -51.9828455201    
  -51.9826486282      -51.9824742292      -51.9823228711      -51.9821950728    
  -51.9820913199      -51.9820120591      -51.9819576943      -51.9819285809    
  -51.9819250213      -51.9819472597      -51.9819954778      -51.9820697891    
  -51.9821702355      -51.9822967821      -51.9824493138      -51.9826276314    
  -51.9828314485      -51.9830603887      -51.9833139836      -51.9835916708    
  -51.9838927937      -51.9842166006      -51.9845622451      -51.9849287879    
  -51.9853151981      -51.9857203563      -51.9861430577      -51.9865820164    
  -51.9870358706      -51.9875031875      -51.9879824700      -51.9884721631    
  -51.9889706611      -51.9894763156      -51.9899874428      -51.9905023322    
  -51.9910192549      -51.9915364715      -51.9920522411      -51.9925648292    
  -51.9930725159      -51.9935736034      -51.9940664238      -51.9945493459    
  -51.9950207815      -51.9954791914      -51.9959230913      -51.9963510558    
  -51.9967617231      -51.9971537982      -51.9975260558      -51.9978773428    
  -51.9982065795      -51.9985127609      -51.9987949570      -51.9990523127    
  -51.9992840472      -51.9994894531      -51.9996678945      -51.9998188054    
  -51.9999416878      -52.0000361084      -52.0001016967      -52.0001381416    
  -52.0001451886      -52.0001226363      -52.0000703333      -51.9999881750    
  -51.9998761000      -51.9997340868      -51.9995621507      -51.9993603404    
  -51.9991287347      -51.9988674399      -51.9985765863      -51.9982563255    
  -51.9979068281      -51.9975282804      -51.9971208825      -51.9966848456    
  -51.9962203903      -51.9957277441      -51.9952071396      -51.9946588130    
  -51.9940830021      -51.9934799452      -51.9928498793      -51.9921930391    
  -51.9915096561      -51.9907999569      -51.9900641629      -51.9893024892    
  -51.9885151437      -51.9877023269      -51.9868642308      -51.9860010388    
  -51.9851129251      -51.9842000543      -51.9832625812      -51.9823006503    
  -51.9813143958      -51.9803039416      -51.9792694006      -51.9782108753    
  -51.9771284571      -51.9760222269      -51.9748922544      -51.9737385987    
  -51.9725613082      -51.9713604204      -51.9701359623      -51.9688879501    
  -51.9676163899      -51.9663212772      -51.9650025973      -51.9636603255    
  -51.9622944269      -51.9609048568      -51.9594915611      -51.9580544756    
  -51.9565935271      -51.9551086328      -51.9535997008      -51.9520666302    
  -51.9505093111      -51.9489276251      -51.9473214448      -51.9456906346    
  -51.9440350502      -51.9423545392      -51.9406489412      -51.9389180874    
  -51.9371618013      -51.9353798985      -51.9335721870      -51.9317384670    
  -51.9298785312      -51.9279921648      -51.9260791457      -51.9241392445    
  -51.9221722246      -51.9201778422      -51.9181558462      -51.9161059789    
  -51.9140279752      -51.9119215634      -51.9097864647      -51.9076223936    
  -51.9054290576      -51.9032061577      -51.9009533880      -51.8986704358    
  -51.8963569820      -51.8940127006      -51.8916372591      -51.8892303181    
  -51.8867915318      -51.8843205478      -51.8818170070      -51.8792805434    
  -51.8767107849      -51.8741073524      -51.8714698602      -51.8687979159    
  -51.8660911206      -51.8633490685      -51.8605713471      -51.8577575372    
  -51.8549072129      -51.8520199413      -51.8490952827      -51.8461327907    
  -51.8431320117      -51.8400924854      -51.8370137443      -51.8338953139    
  -51.8307367126      -51.8275374517      -51.8242970353      -51.8210149602    
  -51.8176907159      -51.8143237845      -51.8109136406      -51.8074597516    
  -51.8039615769      -51.8004185687      -51.7968301711      -51.7931958209    
  -51.7895149465      -51.7857869689      -51.7820113008      -51.7781873469    
  -51.7743145038      -51.7703921598      -51.7664196950      -51.7623964809    
  -51.7583218807      -51.7541952489      -51.7500159314      -51.7457832654    
  -51.7414965790      -51.7371551917      -51.7327584137      -51.7283055461    
  -51.7237958808      -51.7192287003      -51.7146032777      -51.7099188766    
  -51.7051747507      -51.7003701443      -51.6955042914      -51.6905764163    
  -51.6855857332      -51.6805314458      -51.6754127477      -51.6702288221    
  -51.6649788415      -51.6596619675      -51.6542773514      -51.6488241331    
  -51.6433014416      -51.6377083948      -51.6320440991      -51.6263076496    
  -51.6204981297      -51.6146146111      -51.6086561539      -51.6026218058    
  -51.5965106027      -51.5903215682      -51.5840537133      -51.5777060368    
  -51.5712775245      -51.5647671495      -51.5581738721      -51.5514966392    
  -51.5447343847      -51.5378860289      -51.5309504788      -51.5239266273    
  -51.5168133538      -51.5096095235      -51.5023139876      -51.4949255827    
  -51.4874431314      -51.4798654411      -51.4721913048      -51.4644195005    
  -51.4565487909      -51.4485779237      -51.4405056309      -51.4323306291    
  -51.4240516191      -51.4156672858      -51.4071762979      -51.3985773079    
  -51.3898689519      -51.3810498495      -51.3721186034      -51.3630737995    
  -51.3539140065      -51.3446377760      -51.3352436419      -51.3257301208    
  -51.3160957113      -51.3063388944      -51.2964581325      -51.2864518702    
  -51.2763185334      -51.2660565294      -51.2556642469      -51.2451400553    
  -51.2344823053      -51.2236893280      -51.2127594352      -51.2016909190    
  -51.1904820519      -51.1791310861      -51.1676362540      -51.1559957677    
  -51.1442078186      -51.1322705778      -51.1201821955      -51.1079408009    
  -51.0955445025      -51.0829913871      -51.0702795204      -51.0574069465    
  -51.0443716878      -51.0311717450      -51.0178050968      -51.0042696996    
  -50.9905634878      -50.9766843734      -50.9626302457      -50.9483989717    
  -50.9339883952      -50.9193963374      -50.9046205966      -50.8896589477    
  -50.8745091425      -50.8591689095      -50.8436359538      -50.8279079569    
  -50.8119825767      -50.7958574473      -50.7795301792      -50.7629983588    
  -50.7462595487      -50.7293112876      -50.7121510898      -50.6947764459    
  -50.6771848220      -50.6593736601      -50.6413403781      -50.6230823693    
  -50.6045970031      -50.5858816243      -50.5669335535      -50.5477500871    
  -50.5283284969      -50.5086660309      -50.4887599124      -50.4686073406    
  -50.4482054908      -50.4275515139      -50.4066425368      -50.3854756625    
  -50.3640479699      -50.3423565145      -50.3203983276      -50.2981704173    
  -50.2756697680      -50.2528933409      -50.2298380738      -50.2065008816    
  -50.1828786564      -50.1589682674      -50.1347665614      -50.1102703628    
  -50.0854764740      -50.0603816753      -50.0349827256      -50.0092763623    
  -49.9832593014      -49.9569282382      -49.9302798475      -49.9033107835    
  -49.8760176806      -49.8483971532      -49.8204457967      -49.7921601870    
  -49.7635368817      -49.7345724197      -49.7052633221      -49.6756060924    
  -49.6455972169      -49.6152331649      -49.5845103895      -49.5534253278    
  -49.5219744012      -49.4901540161      -49.4579605642      -49.4253904231    
  -49.3924399565      -49.3591055150      -49.3253834363      -49.2912700458    
  -49.2567616572      -49.2218545726      -49.1865450837      -49.1508294717    
  -49.1147040080      -49.0781649546      -49.0412085651      -49.0038310844    
  -48.9660287501      -48.9277977922      -48.8891344344      -48.8500348938    
  -48.8104953820      -48.7705121055      -48.7300812659      -48.6891990609    
  -48.6478616841      -48.6060653262      -48.5638061749      -48.5210804157    
  -48.4778842321      -48.4342138061      -48.3900653189      -48.3454349506    
  -48.3003188814      -48.2547132915      -48.2086143612      -48.1620182720    
  -48.1149212059      -48.0673193467      -48.0192088793      -47.9705859906    
  -47.9214468695      -47.8717877068      -47.8216046958      -47.7708940320    
  -47.7196519134      -47.6678745408      -47.6155581171      -47.5626988481    
  -47.5092929419      -47.4553366091      -47.4008260628      -47.3457575182    
  -47.2901271924      -47.2339313047      -47.1771660760      -47.1198277285    
  -47.0619124858      -47.0034165724      -46.9443362132      -46.8846676337    
  -46.8244070592      -46.7635507147      -46.7020948245      -46.6400356117    
  -46.5773692983      -46.5140921043      -46.4502002475      -46.3856899435    
  -46.3205574051      -46.2547988420      -46.1884104606      -46.1213884640    
  -46.0537290515      -45.9854284187      -45.9164827573      -45.8468882552    
  -45.7766410964      -45.7057374614      -45.6341735273      -45.5619454679    
  -45.4890494544      -45.4154816559      -45.3412382394      -45.2663153714    
  -45.1907092178      -45.1144159456      -45.0374317230      -44.9597527212    
  -44.8813751149      -44.8022950841      -44.7225088149      -44.6420125007    
  -44.5608023440      -44.4788745570      -44.3962253635      -44.3128509993    
  -44.2287477137      -44.1439117701      -44.0583394464      -43.9720270357    
  -43.8849708459      -43.7971671992      -43.7086124311      -43.6193028891    
  -43.5292349299      -43.4384049169      -43.3468092161      -43.2544441917    
  -43.1613062002      -43.0673915836      -42.9726966623      -42.8772177258    
  -42.7809510231      -42.6838927521      -42.5860390476      -42.4873859697    
  -42.3879294899      -42.2876654794      -42.1865896955      -42.0846977705    
  -41.9819852006      -41.8784473387      -41.7740793890      -41.6688764065    
  -41.5628333029      -41.4559448585      -41.3482057435      -41.2396105500    
  -41.1301538367      -41.0198301870      -40.9086342855      -40.7965610114    
  -40.6836055523      -40.5697635407      -40.4550312110      -40.3394055811    
  -40.2228846534      -40.1054676385      -39.9871551912      -39.8679496636    
  -39.7478553624      -39.6268787933      -39.5050289081      -39.3823173191    
  -39.2587584732      -39.1343697818      -39.0091716827      -38.8831876254    
  -38.7564439693      -38.6289697832      -38.5007965442      -38.3719577321    
  -38.2424883262      -38.1124242099      -37.9818014999      -37.8506558170    
  -37.7190215195      -37.5869309261      -37.4544135505      -37.3214953772    
  -37.1881982000      -37.0545390486      -36.9205297221      -36.7861764481    
  -36.6514796812      -36.5164340540      -36.3810284856      -36.2452464543    
  -36.1090664301      -35.9724624592      -35.8354048844      -35.6978611764    
  -35.5597968439      -35.4211763821      -35.2819642182      -35.1421256073    
  -35.0016274402      -34.8604389283      -34.7185321417      -34.5758823891    
  -34.4324684406      -34.2882726033      -34.1432806709      -33.9974817738    
  -33.8508681565      -33.7034349115      -33.5551796944      -33.4061024409    
  -33.2562051012      -33.1054914009      -32.9539666347      -32.8016374929    
  -32.6485119188      -32.4945989928      -32.3399088367      -32.1844525350    
  -32.0282420650      -31.8712902321      -31.7136106070      -31.5552174611    
  -31.3961256987      -31.2363507843      -31.0759086661      -30.9148156946    
  -30.7530885379      -30.5907440939      -30.4277994014      -30.2642715503    
  -30.1001775928      -29.9355344559      -29.7703588569      -29.6046672220    
  -29.4384756093      -29.2717996360      -29.1046544119      -28.9370544781    
  -28.7690137521      -28.6005454797      -28.4316621938      -28.2623756816    
  -28.0926969588      -27.9226362524      -27.7522029932      -27.5814058163    
  -27.4102525721      -27.2387503470      -27.0669054944      -26.8947236759    
  -26.7222099141      -26.5493686541      -26.3762038372      -26.2027189823    
  -26.0289172770      -25.8548016756      -25.6803750026      -25.5056400583    
  -25.3305997253      -25.1552570701      -24.9796154358      -24.8036785210    
  -24.6274504374      -24.4509357394      -24.2741394181      -24.0970668496    
  -23.9197236906      -23.7421157105      -23.5642485537      -23.3861274233    
  -23.2077566829      -23.0291393776      -22.8502766721      -22.6711672306    
  -22.4918065488      -22.3121862695      -22.1322935543      -21.9521105582    
  -21.7716141047      -21.5907756878      -21.4095619355      -21.2279357020    
  -21.0458579782      -20.8632908001      -20.6802013136      -20.4965671223    
  -20.3123829084      -20.1276681799      -19.9424757926      -19.7569006224    
  -19.5710875018      -19.3852372778      -19.1996096783      -19.0145216410    
  -18.8303399060      -18.6474670284      -18.4663205246      -18.2873056124    
  -18.1107829205      -17.9370336241      -17.7662256546      -17.5983857556    
  -17.4333828332      -17.2709276873      -17.1105922822      -16.9518481304    
  -16.7941188706      -16.6368382331      -16.4795029461      -16.3217115857    
  -16.1631843931      -16.0037640355      -15.8434013513      -15.6821321704    
  -15.5200512542      -15.3572879543      -15.1939862504      -15.0302900969    
  -14.8663338318      -14.7022367887      -14.5381010786      -14.3740115798    
  -14.2100373552      -14.0462339061      -13.8826458378      -13.7193096353    
  -13.5562563361      -13.3935139577      -13.2311095834      -13.0690710557    
  -12.9074282592      -12.7462140049      -12.5854645467      -12.4252197804    
  -12.2655231797      -12.1064215275      -11.9479645016      -11.7902041621    
  -11.6331943871      -11.4769902912      -11.3216476523      -11.1672223688    
  -11.0137699574      -10.8613451021      -10.7100012547      -10.5597902902    
  -10.4107622138      -10.2629649172      -10.1164439802      -9.97124251433    
  -9.82740104298      -9.68495741627      -9.54394675536      -9.40440142391    
  -9.26635102364      -9.12982241151      -8.99483973650      -8.86142449391    
  -8.72959559573      -8.59936945546      -8.47076008611      -8.34377921003    
  -8.21843637938      -8.09473910598      -7.97269299910      -7.85230191045    
  -7.73356808275      -7.61649230576      -7.50107406894      -7.38731171407    
  -7.27520259895      -7.16474323576      -7.05592943232      -6.94875643772    
  -6.84321905305      -6.73931174088      -6.63702872058      -6.53636403776    
  -6.43731161825      -6.33986529734      -6.24401882649      -6.14976585720    
  -6.05709989982      -5.96601426076      -5.87650195999      -5.78855563089    
  -5.70216740782      -5.61732880641      -5.53403060307      -5.45226272144    
  -5.37201413388      -5.29327278717      -5.21602556151      -5.14025827238    
  -5.06595572377      -4.99310182073      -4.92167974743      -4.85167221430    
  -4.78306177516      -4.71583121074      -4.64996397031      -4.58544465755    
  -4.52225954022      -4.46039705658      -4.39984828533      -4.34060733986    
  -4.28267164421      -4.22604204677      -4.17072273082      -4.11672088824    
  -4.06404613495      -4.01270966466      -3.96272315837      -3.91409749164    
  -3.86684130499      -3.82095952361      -3.77645192668      -3.73331187153    
  -3.69152527202      -3.65106991341      -3.61191515919      -3.57402207197    
  -3.53734393453      -3.50182712377      -3.46741226255      -3.43403555688    
  -3.40163021892      -3.37012787976      -3.33945990911      -3.30955857729    
  -3.28035801726      -3.25179496620      -3.22380928569      -3.19634427548    
  -3.16934680653      -3.14276730601      -3.11655962901      -3.09068085134    
  -3.06509101476      -3.03975285208      -3.01463151473      -2.98969432112    
  -2.96491053959      -2.94025121641      -2.91568905626      -2.89119836005    
  -2.86675502291      -2.84233659371      -2.81792239524      -2.79349370301    
  -2.76903397848      -2.74452915053      -2.71996793670      -2.69534219349    
  -2.67064728231      -2.64588243556      -2.62105110509      -2.59616127410    
  -2.57122571267      -2.54626215731      -2.52129339653      -2.49634724666    
  -2.47145640579      -2.44665817872      -2.42199406914      -2.39750924566    
  -2.37325188427      -2.34927240696      -2.32562263546      -2.30235487325    
  -2.27952094736      -2.25717123348      -2.23535368648      -2.21411290127    
  -2.19348922459      -2.17351793616      -2.15422851466      -2.13564400100    
  -2.11778046827      -2.10064660532      -2.08424341869      -2.06856405567    
  -2.05359375019      -2.03930989167      -2.02568221664      -2.01267312168    
  -2.00023809560      -1.98832626760      -1.97688106686      -1.96584098713    
  -1.95514044758      -1.94471073898      -1.93448104081      -1.92437949229    
  -1.91433429717      -1.90427483944      -1.89413278493      -1.88384314283    
  -1.87334526036      -1.86258372538      -1.85150915353      -1.84007884016    
  -1.82825726159      -1.81601641577      -1.80333599806      -1.79020341364    
  -1.77661363413      -1.76256891065      -1.74807836004      -1.73315744413    
  -1.71782736393      -1.70211439162      -1.68604916280      -1.66966595052    
  -1.65300194069      -1.63609652585      -1.61899063166      -1.60172608749    
  -1.58434504939      -1.56688948125      -1.54940069722      -1.53191896632    
  -1.51448317837      -1.49713056901      -1.47989650021      -1.46281429205    
  -1.44591510121      -1.42922784083      -1.41277913705      -1.39659331694    
  -1.38069242332      -1.36509625189      -1.34982240662      -1.33488636978    
  -1.32030158322      -1.30607953812      -1.29222987071      -1.27876046172    
  -1.26567753792      -1.25298577423      -1.24068839510      -1.22878727426    
  -1.21728303217      -1.20617513041      -1.19546196276      -1.18514094255    
  -1.17520858626      -1.16566059304      -1.15649192036      -1.14769685575    
  -1.13926908451      -1.13120175390      -1.12348753347      -1.11611867205    
  -1.10908705132      -1.10238423623      -1.09600152238      -1.08992998048    
  -1.08416049808      -1.07868381874      -1.07349057868      -1.06857134106    
  -1.06391662804      -1.05951695073      -1.05536283705      -1.05144485764    
  -1.04775364991      -1.04427994034      -1.04101456490      -1.03794848801    
  -1.03507281973      -1.03237883146      -1.02985797018      -1.02750187119    
  -1.02530236950      -1.02325150985      -1.02134155546      -1.01956499550    
  -1.01791455141      -1.01638318203      -1.01496408765      -1.01365071297    
  -1.01243674917      -1.01131613486      -1.01028305628      -1.00933194660    
  -1.00845748433      -1.00765459143      -1.00691843001      -1.00624439654    
  -1.00586847498      -1.00594228365      -1.00601701160      -1.00609269967    
  -1.00616933812      -1.00624694021      -1.00632551821      -1.00640508436    
  -1.00648565118      -1.00656723130      -1.00664983750      -1.00673348270    
  -1.00681817999      -1.00690394262      -1.00699078399      -1.00707871768    
  -1.00716775743      -1.00725791715      -1.00734921095      -1.00744165307    
  -1.00753525797      -1.00763004028      -1.00772601480      -1.00782319653    
  -1.00792160065      -1.00802124255      -1.00812213779      -1.00822430213    
  -1.00832775154      -1.00843250219      -1.00853857043      -1.00864597285    
  -1.00875472623      -1.00886484755      -1.00897635404      -1.00908926310    
  -1.00920359238      -1.00931935974      -1.00943658329      -1.00955528132    
  -1.00967547239      -1.00979717527      -1.00992040899      -1.01004519280    
  -1.01017154620      -1.01029948893      -1.01042904098      -1.01056022259    
  -1.01069305426      -1.01082755675      -1.01096375108      -1.01110165852    
  -1.01124130061      -1.01138269920      -1.01152587635      -1.01167085446    
  -1.01181765616      -1.01196630440      -1.01211682241      -1.01226923370    
  -1.01242356208      -1.01257983168      -1.01273806691      -1.01289829250    
  -1.01306053347      -1.01322481518      -1.01339116331      -1.01355960383    
  -1.01373016308      -1.01390286769      -1.01407774467      -1.01425482132    
  -1.01443412533      -1.01461568470      -1.01479952781      -1.01498568338    
  -1.01517418049      -1.01536504861      -1.01555831756      -1.01575401753    
  -1.01595217910      -1.01615283324      -1.01635601130      -1.01656174502    
  -1.01677006655      -1.01698100845      -1.01719460366      -1.01741088558    
  -1.01762988799      -1.01785164510      -1.01807619158      -1.01830356251    
  -1.01853379341      -1.01876692026      -1.01900297948      -1.01924200796    
  -1.01948404305      -1.01972912257      -1.01997728481      -1.02022856854    
  -1.02048301304      -1.02074065805      -1.02100154384      -1.02126571117    
  -1.02153320131      -1.02180405607      -1.02207831776      -1.02235602923    
  -1.02263723389      -1.02292197566      -1.02321029905      -1.02350224910    
  -1.02379787142      -1.02409721222      -1.02440031826      -1.02470723691    
  -1.02501801612      -1.02533270445      -1.02565135107      -1.02597400577    
  -1.02630071897      -1.02663154172      -1.02696652570      -1.02730572326    
  -1.02764918741      -1.02799697180      -1.02834913078      -1.02870571937    
  -1.02906679330      -1.02943240897      -1.02980262353      -1.03017749481    
  -1.03055708139      -1.03094144259      -1.03133063845      -1.03172472979    
  -1.03212377819      -1.03252784601      -1.03293699637      -1.03335129321    
  -1.03377080126      -1.03419558607      -1.03462571402      -1.03506125231    
  -1.03550226900      -1.03594883300      -1.03640101408      -1.03685888290    
  -1.03732251099      -1.03779197082      -1.03826733571      -1.03874867997    
  -1.03923607879      -1.03972960833      -1.04022934571      -1.04073536901    
  -1.04124775730      -1.04176659064      -1.04229195011    
Up potential follows (l on next line)
 1
  -51.9672557625      -52.0803623680      -51.9217176806      -52.0279670352    
  -51.9908662546      -52.0018579857      -51.9913311691      -51.9964670225    
  -51.9942139696      -51.9939005204      -51.9933068176      -51.9927487658    
  -51.9921853464      -51.9916382618      -51.9910975459      -51.9905680190    
  -51.9900484104      -51.9895397161      -51.9890422393      -51.9885565124    
  -51.9880830344      -51.9876223389      -51.9871749737      -51.9867415051    
  -51.9863225145      -51.9859185975      -51.9855303619      -51.9851584259    
  -51.9848034162      -51.9844659654      -51.9841467098      -51.9838462865    
  -51.9835653307      -51.9833044723      -51.9830643324      -51.9828455201    
  -51.9826486282      -51.9824742292      -51.9823228711      -51.9821950728    
  -51.9820913199      -51.9820120591      -51.9819576943      -51.9819285809    
  -51.9819250213      -51.9819472597      -51.9819954778      -51.9820697891    
  -51.9821702355      -51.9822967821      -51.9824493138      -51.9826276314    
  -51.9828314485      -51.9830603887      -51.9833139836      -51.9835916708    
  -51.9838927937      -51.9842166006      -51.9845622451      -51.9849287879    
  -51.9853151981      -51.9857203563      -51.9861430577      -51.9865820164    
  -51.9870358706      -51.9875031875      -51.9879824700      -51.9884721631    
  -51.9889706611      -51.9894763156      -51.9899874428      -51.9905023322    
  -51.9910192549      -51.9915364715      -51.9920522411      -51.9925648292    
  -51.9930725159      -51.9935736034      -51.9940664238      -51.9945493459    
  -51.9950207815      -51.9954791914      -51.9959230913      -51.9963510558    
  -51.9967617231      -51.9971537982      -51.9975260558      -51.9978773428    
  -51.9982065795      -51.9985127609      -51.9987949570      -51.9990523127    
  -51.9992840472      -51.9994894531      -51.9996678945      -51.9998188054    
  -51.9999416878      -52.0000361084      -52.0001016967      -52.0001381416    
  -52.0001451886      -52.0001226363      -52.0000703333      -51.9999881750    
  -51.9998761000      -51.9997340868      -51.9995621507      -51.9993603404    
  -51.9991287347      -51.9988674399      -51.9985765863      -51.9982563255    
  -51.9979068281      -51.9975282804      -51.9971208825      -51.9966848456    
  -51.9962203903      -51.9957277441      -51.9952071396      -51.9946588130    
  -51.9940830021      -51.9934799452      -51.9928498793      -51.9921930391    
  -51.9915096561      -51.9907999569      -51.9900641629      -51.9893024892    
  -51.9885151437      -51.9877023269      -51.9868642308      -51.9860010388    
  -51.9851129251      -51.9842000543      -51.9832625812      -51.9823006503    
  -51.9813143958      -51.9803039416      -51.9792694006      -51.9782108753    
  -51.9771284571      -51.9760222269      -51.9748922544      -51.9737385987    
  -51.9725613082      -51.9713604204      -51.9701359623      -51.9688879501    
  -51.9676163899      -51.9663212772      -51.9650025973      -51.9636603255    
  -51.9622944269      -51.9609048568      -51.9594915611      -51.9580544756    
  -51.9565935271      -51.9551086328      -51.9535997008      -51.9520666302    
  -51.9505093111      -51.9489276251      -51.9473214448      -51.9456906346    
  -51.9440350502      -51.9423545392      -51.9406489412      -51.9389180874    
  -51.9371618013      -51.9353798985      -51.9335721870      -51.9317384670    
  -51.9298785312      -51.9279921648      -51.9260791457      -51.9241392445    
  -51.9221722246      -51.9201778422      -51.9181558462      -51.9161059789    
  -51.9140279752      -51.9119215634      -51.9097864647      -51.9076223936    
  -51.9054290576      -51.9032061577      -51.9009533880      -51.8986704358    
  -51.8963569820      -51.8940127006      -51.8916372591      -51.8892303181    
  -51.8867915318      -51.8843205478      -51.8818170070      -51.8792805434    
  -51.8767107849      -51.8741073524      -51.8714698602      -51.8687979159    
  -51.8660911206      -51.8633490685      -51.8605713471      -51.8577575372    
  -51.8549072129      -51.8520199413      -51.8490952827      -51.8461327907    
  -51.8431320117      -51.8400924854      -51.8370137443      -51.8338953139    
  -51.8307367126      -51.8275374517      -51.8242970353      -51.8210149602    
  -51.8176907159      -51.8143237845      -51.8109136406      -51.8074597516    
  -51.8039615769      -51.8004185687      -51.7968301711      -51.7931958209    
  -51.7895149465      -51.7857869689      -51.7820113008      -51.7781873469    
  -51.7743145038      -51.7703921598      -51.7664196950      -51.7623964809    
  -51.7583218807      -51.7541952489      -51.7500159314      -51.7457832654    
  -51.7414965790      -51.7371551917      -51.7327584137      -51.7283055461    
  -51.7237958808      -51.7192287003      -51.7146032777      -51.7099188766    
  -51.7051747507      -51.7003701443      -51.6955042914      -51.6905764163    
  -51.6855857332      -51.6805314458      -51.6754127477      -51.6702288221    
  -51.6649788415      -51.6596619675      -51.6542773514      -51.6488241331    
  -51.6433014416      -51.6377083948      -51.6320440991      -51.6263076496    
  -51.6204981297      -51.6146146111      -51.6086561539      -51.6026218058    
  -51.5965106027      -51.5903215682      -51.5840537133      -51.5777060368    
  -51.5712775245      -51.5647671495      -51.5581738721      -51.5514966392    
  -51.5447343847      -51.5378860289      -51.5309504788      -51.5239266273    
  -51.5168133538      -51.5096095235      -51.5023139876      -51.4949255827    
  -51.4874431314      -51.4798654411      -51.4721913048      -51.4644195005    
  -51.4565487909      -51.4485779237      -51.4405056309      -51.4323306291    
  -51.4240516191      -51.4156672858      -51.4071762979      -51.3985773079    
  -51.3898689519      -51.3810498495      -51.3721186034      -51.3630737995    
  -51.3539140065      -51.3446377760      -51.3352436419      -51.3257301208    
  -51.3160957113      -51.3063388944      -51.2964581325      -51.2864518702    
  -51.2763185334      -51.2660565294      -51.2556642469      -51.2451400553    
  -51.2344823053      -51.2236893280      -51.2127594352      -51.2016909190    
  -51.1904820519      -51.1791310861      -51.1676362540      -51.1559957677    
  -51.1442078186      -51.1322705778      -51.1201821955      -51.1079408009    
  -51.0955445025      -51.0829913871      -51.0702795204      -51.0574069465    
  -51.0443716878      -51.0311717450      -51.0178050968      -51.0042696996    
  -50.9905634878      -50.9766843734      -50.9626302457      -50.9483989717    
  -50.9339883952      -50.9193963374      -50.9046205966      -50.8896589477    
  -50.8745091425      -50.8591689095      -50.8436359538      -50.8279079569    
  -50.8119825767      -50.7958574473      -50.7795301792      -50.7629983588    
  -50.7462595487      -50.7293112876      -50.7121510898      -50.6947764459    
  -50.6771848220      -50.6593736601      -50.6413403781      -50.6230823693    
  -50.6045970031      -50.5858816243      -50.5669335535      -50.5477500871    
  -50.5283284969      -50.5086660309      -50.4887599124      -50.4686073406    
  -50.4482054908      -50.4275515139      -50.4066425368      -50.3854756625    
  -50.3640479699      -50.3423565145      -50.3203983276      -50.2981704173    
  -50.2756697680      -50.2528933409      -50.2298380738      -50.2065008816    
  -50.1828786564      -50.1589682674      -50.1347665614      -50.1102703628    
  -50.0854764740      -50.0603816753      -50.0349827256      -50.0092763623    
  -49.9832593014      -49.9569282382      -49.9302798475      -49.9033107835    
  -49.8760176806      -49.8483971532      -49.8204457967      -49.7921601870    
  -49.7635368817      -49.7345724197      -49.7052633221      -49.6756060924    
  -49.6455972169      -49.6152331649      -49.5845103895      -49.5534253278    
  -49.5219744012      -49.4901540161      -49.4579605642      -49.4253904231    
  -49.3924399565      -49.3591055150      -49.3253834363      -49.2912700458    
  -49.2567616572      -49.2218545726      -49.1865450837      -49.1508294717    
  -49.1147040080      -49.0781649546      -49.0412085651      -49.0038310844    
  -48.9660287501      -48.9277977922      -48.8891344344      -48.8500348938    
  -48.8104953820      -48.7705121055      -48.7300812659      -48.6891990609    
  -48.6478616841      -48.6060653262      -48.5638061749      -48.5210804157    
  -48.4778842321      -48.4342138061      -48.3900653189      -48.3454349506    
  -48.3003188814      -48.2547132915      -48.2086143612      -48.1620182720    
  -48.1149212059      -48.0673193467      -48.0192088793      -47.9705859906    
  -47.9214468695      -47.8717877068      -47.8216046958      -47.7708940320    
  -47.7196519134      -47.6678745408      -47.6155581171      -47.5626988481    
  -47.5092929419      -47.4553366091      -47.4008260628      -47.3457575182    
  -47.2901271924      -47.2339313047      -47.1771660760      -47.1198277285    
  -47.0619124858      -47.0034165724      -46.9443362132      -46.8846676337    
  -46.8244070592      -46.7635507147      -46.7020948245      -46.6400356117    
  -46.5773692983      -46.5140921043      -46.4502002475      -46.3856899435    
  -46.3205574051      -46.2547988420      -46.1884104606      -46.1213884640    
  -46.0537290515      -45.9854284187      -45.9164827573      -45.8468882552    
  -45.7766410964      -45.7057374614      -45.6341735273      -45.5619454679    
  -45.4890494544      -45.4154816559      -45.3412382394      -45.2663153714    
  -45.1907092178      -45.1144159456      -45.0374317230      -44.9597527212    
  -44.8813751149      -44.8022950841      -44.7225088149      -44.6420125007    
  -44.5608023440      -44.4788745570      -44.3962253635      -44.3128509993    
  -44.2287477137      -44.1439117701      -44.0583394464      -43.9720270357    
  -43.8849708459      -43.7971671992      -43.7086124311      -43.6193028891    
  -43.5292349299      -43.4384049169      -43.3468092161      -43.2544441917    
  -43.1613062002      -43.0673915836      -42.9726966623      -42.8772177258    
  -42.7809510231      -42.6838927521      -42.5860390476      -42.4873859697    
  -42.3879294899      -42.2876654794      -42.1865896955      -42.0846977705    
  -41.9819852006      -41.8784473387      -41.7740793890      -41.6688764065    
  -41.5628333029      -41.4559448585      -41.3482057435      -41.2396105500    
  -41.1301538367      -41.0198301870      -40.9086342855      -40.7965610114    
  -40.6836055523      -40.5697635407      -40.4550312110      -40.3394055811    
  -40.2228846534      -40.1054676385      -39.9871551912      -39.8679496636    
  -39.7478553624      -39.6268787933      -39.5050289081      -39.3823173191    
  -39.2587584732      -39.1343697818      -39.0091716827      -38.8831876254    
  -38.7564439693      -38.6289697832      -38.5007965442      -38.3719577321    
  -38.2424883262      -38.1124242099      -37.9818014999      -37.8506558170    
  -37.7190215195      -37.5869309261      -37.4544135505      -37.3214953772    
  -37.1881982000      -37.0545390486      -36.9205297221      -36.7861764481    
  -36.6514796812      -36.5164340540      -36.3810284856      -36.2452464543    
  -36.1090664301      -35.9724624592      -35.8354048844      -35.6978611764    
  -35.5597968439      -35.4211763821      -35.2819642182      -35.1421256073    
  -35.0016274402      -34.8604389283      -34.7185321417      -34.5758823891    
  -34.4324684406      -34.2882726033      -34.1432806709      -33.9974817738    
  -33.8508681565      -33.7034349115      -33.5551796944      -33.4061024409    
  -33.2562051012      -33.1054914009      -32.9539666347      -32.8016374929    
  -32.6485119188      -32.4945989928      -32.3399088367      -32.1844525350    
  -32.0282420650      -31.8712902321      -31.7136106070      -31.5552174611    
  -31.3961256987      -31.2363507843      -31.0759086661      -30.9148156946    
  -30.7530885379      -30.5907440939      -30.4277994014      -30.2642715503    
  -30.1001775928      -29.9355344559      -29.7703588569      -29.6046672220    
  -29.4384756093      -29.2717996360      -29.1046544119      -28.9370544781    
  -28.7690137521      -28.6005454797      -28.4316621938      -28.2623756816    
  -28.0926969588      -27.9226362524      -27.7522029932      -27.5814058163    
  -27.4102525721      -27.2387503470      -27.0669054944      -26.8947236759    
  -26.7222099141      -26.5493686541      -26.3762038372      -26.2027189823    
  -26.0289172770      -25.8548016756      -25.6803750026      -25.5056400583    
  -25.3305997253      -25.1552570701      -24.9796154358      -24.8036785210    
  -24.6274504374      -24.4509357394      -24.2741394181      -24.0970668496    
  -23.9197236906      -23.7421157105      -23.5642485537      -23.3861274233    
  -23.2077566829      -23.0291393776      -22.8502766721      -22.6711672306    
  -22.4918065488      -22.3121862695      -22.1322935543      -21.9521105582    
  -21.7716141047      -21.5907756878      -21.4095619355      -21.2279357020    
  -21.0458579782      -20.8632908001      -20.6802013136      -20.4965671223    
  -20.3123829084      -20.1276681799      -19.9424757926      -19.7569006224    
  -19.5710875018      -19.3852372778      -19.1996096783      -19.0145216410    
  -18.8303399060      -18.6474670284      -18.4663205246      -18.2873056124    
  -18.1107829205      -17.9370336241      -17.7662256546      -17.5983857556    
  -17.4333828332      -17.2709276873      -17.1105922822      -16.9518481304    
  -16.7941188706      -16.6368382331      -16.4795029461      -16.3217115857    
  -16.1631843931      -16.0037640355      -15.8434013513      -15.6821321704    
  -15.5200512542      -15.3572879543      -15.1939862504      -15.0302900969    
  -14.8663338318      -14.7022367887      -14.5381010786      -14.3740115798    
  -14.2100373552      -14.0462339061      -13.8826458378      -13.7193096353    
  -13.5562563361      -13.3935139577      -13.2311095834      -13.0690710557    
  -12.9074282592      -12.7462140049      -12.5854645467      -12.4252197804    
  -12.2655231797      -12.1064215275      -11.9479645016      -11.7902041621    
  -11.6331943871      -11.4769902912      -11.3216476523      -11.1672223688    
  -11.0137699574      -10.8613451021      -10.7100012547      -10.5597902902    
  -10.4107622138      -10.2629649172      -10.1164439802      -9.97124251433    
  -9.82740104298      -9.68495741627      -9.54394675536      -9.40440142391    
  -9.26635102364      -9.12982241151      -8.99483973650      -8.86142449391    
  -8.72959559573      -8.59936945546      -8.47076008611      -8.34377921003    
  -8.21843637938      -8.09473910598      -7.97269299910      -7.85230191045    
  -7.73356808275      -7.61649230576      -7.50107406894      -7.38731171407    
  -7.27520259895      -7.16474323576      -7.05592943232      -6.94875643772    
  -6.84321905305      -6.73931174088      -6.63702872058      -6.53636403776    
  -6.43731161825      -6.33986529734      -6.24401882649      -6.14976585720    
  -6.05709989982      -5.96601426076      -5.87650195999      -5.78855563089    
  -5.70216740782      -5.61732880641      -5.53403060307      -5.45226272144    
  -5.37201413388      -5.29327278717      -5.21602556151      -5.14025827238    
  -5.06595572377      -4.99310182073      -4.92167974743      -4.85167221430    
  -4.78306177516      -4.71583121074      -4.64996397031      -4.58544465755    
  -4.52225954022      -4.46039705658      -4.39984828533      -4.34060733986    
  -4.28267164421      -4.22604204677      -4.17072273082      -4.11672088824    
  -4.06404613495      -4.01270966466      -3.96272315837      -3.91409749164    
  -3.86684130499      -3.82095952361      -3.77645192668      -3.73331187153    
  -3.69152527202      -3.65106991341      -3.61191515919      -3.57402207197    
  -3.53734393453      -3.50182712377      -3.46741226255      -3.43403555688    
  -3.40163021892      -3.37012787976      -3.33945990911      -3.30955857729    
  -3.28035801726      -3.25179496620      -3.22380928569      -3.19634427548    
  -3.16934680653      -3.14276730601      -3.11655962901      -3.09068085134    
  -3.06509101476      -3.03975285208      -3.01463151473      -2.98969432112    
  -2.96491053959      -2.94025121641      -2.91568905626      -2.89119836005    
  -2.86675502291      -2.84233659371      -2.81792239524      -2.79349370301    
  -2.76903397848      -2.74452915053      -2.71996793670      -2.69534219349    
  -2.67064728231      -2.64588243556      -2.62105110509      -2.59616127410    
  -2.57122571267      -2.54626215731      -2.52129339653      -2.49634724666    
  -2.47145640579      -2.44665817872      -2.42199406914      -2.39750924566    
  -2.37325188427      -2.34927240696      -2.32562263546      -2.30235487325    
  -2.27952094736      -2.25717123348      -2.23535368648      -2.21411290127    
  -2.19348922459      -2.17351793616      -2.15422851466      -2.13564400100    
  -2.11778046827      -2.10064660532      -2.08424341869      -2.06856405567    
  -2.05359375019      -2.03930989167      -2.02568221664      -2.01267312168    
  -2.00023809560      -1.98832626760      -1.97688106686      -1.96584098713    
  -1.95514044758      -1.94471073898      -1.93448104081      -1.92437949229    
  -1.91433429717      -1.90427483944      -1.89413278493      -1.88384314283    
  -1.87334526036      -1.86258372538      -1.85150915353      -1.84007884016    
  -1.82825726159      -1.81601641577      -1.80333599806      -1.79020341364    
  -1.77661363413      -1.76256891065      -1.74807836004      -1.73315744413    
  -1.71782736393      -1.70211439162      -1.68604916280      -1.66966595052    
  -1.65300194069      -1.63609652585      -1.61899063166      -1.60172608749    
  -1.58434504939      -1.56688948125      -1.54940069722      -1.53191896632    
  -1.51448317837      -1.49713056901      -1.47989650021      -1.46281429205    
  -1.44591510121      -1.42922784083      -1.41277913705      -1.39659331694    
  -1.38069242332      -1.36509625189      -1.34982240662      -1.33488636978    
  -1.32030158322      -1.30607953812      -1.29222987071      -1.27876046172    
  -1.26567753792      -1.25298577423      -1.24068839510      -1.22878727426    
  -1.21728303217      -1.20617513041      -1.19546196276      -1.18514094255    
  -1.17520858626      -1.16566059304      -1.15649192036      -1.14769685575    
  -1.13926908451      -1.13120175390      -1.12348753347      -1.11611867205    
  -1.10908705132      -1.10238423623      -1.09600152238      -1.08992998048    
  -1.08416049808      -1.07868381874      -1.07349057868      -1.06857134106    
  -1.06391662804      -1.05951695073      -1.05536283705      -1.05144485764    
  -1.04775364991      -1.04427994034      -1.04101456490      -1.03794848801    
  -1.03507281973      -1.03237883146      -1.02985797018      -1.02750187119    
  -1.02530236950      -1.02325150985      -1.02134155546      -1.01956499550    
  -1.01791455141      -1.01638318203      -1.01496408765      -1.01365071297    
  -1.01243674917      -1.01131613486      -1.01028305628      -1.00933194660    
  -1.00845748433      -1.00765459143      -1.00691843001      -1.00624439654    
  -1.00586847498      -1.00594228365      -1.00601701160      -1.00609269967    
  -1.00616933812      -1.00624694021      -1.00632551821      -1.00640508436    
  -1.00648565118      -1.00656723130      -1.00664983750      -1.00673348270    
  -1.00681817999      -1.00690394262      -1.00699078399      -1.00707871768    
  -1.00716775743      -1.00725791715      -1.00734921095      -1.00744165307    
  -1.00753525797      -1.00763004028      -1.00772601480      -1.00782319653    
  -1.00792160065      -1.00802124255      -1.00812213779      -1.00822430213    
  -1.00832775154      -1.00843250219      -1.00853857043      -1.00864597285    
  -1.00875472623      -1.00886484755      -1.00897635404      -1.00908926310    
  -1.00920359238      -1.00931935974      -1.00943658329      -1.00955528132    
  -1.00967547239      -1.00979717527      -1.00992040899      -1.01004519280    
  -1.01017154620      -1.01029948893      -1.01042904098      -1.01056022259    
  -1.01069305426      -1.01082755675      -1.01096375108      -1.01110165852    
  -1.01124130061      -1.01138269920      -1.01152587635      -1.01167085446    
  -1.01181765616      -1.01196630440      -1.01211682241      -1.01226923370    
  -1.01242356208      -1.01257983168      -1.01273806691      -1.01289829250    
  -1.01306053347      -1.01322481518      -1.01339116331      -1.01355960383    
  -1.01373016308      -1.01390286769      -1.01407774467      -1.01425482132    
  -1.01443412533      -1.01461568470      -1.01479952781      -1.01498568338    
  -1.01517418049      -1.01536504861      -1.01555831756      -1.01575401753    
  -1.01595217910      -1.01615283324      -1.01635601130      -1.01656174502    
  -1.01677006655      -1.01698100845      -1.01719460366      -1.01741088558    
  -1.01762988799      -1.01785164510      -1.01807619158      -1.01830356251    
  -1.01853379341      -1.01876692026      -1.01900297948      -1.01924200796    
  -1.01948404305      -1.01972912257      -1.01997728481      -1.02022856854    
  -1.02048301304      -1.02074065805      -1.02100154384      -1.02126571117    
  -1.02153320131      -1.02180405607      -1.02207831776      -1.02235602923    
  -1.02263723389      -1.02292197566      -1.02321029905      -1.02350224910    
  -1.02379787142      -1.02409721222      -1.02440031826      -1.02470723691    
  -1.02501801612      -1.02533270445      -1.02565135107      -1.02597400577    
  -1.02630071897      -1.02663154172      -1.02696652570      -1.02730572326    
  -1.02764918741      -1.02799697180      -1.02834913078      -1.02870571937    
  -1.02906679330      -1.02943240897      -1.02980262353      -1.03017749481    
  -1.03055708139      -1.03094144259      -1.03133063845      -1.03172472979    
  -1.03212377819      -1.03252784601      -1.03293699637      -1.03335129321    
  -1.03377080126      -1.03419558607      -1.03462571402      -1.03506125231    
  -1.03550226900      -1.03594883300      -1.03640101408      -1.03685888290    
  -1.03732251099      -1.03779197082      -1.03826733571      -1.03874867997    
  -1.03923607879      -1.03972960833      -1.04022934571      -1.04073536901    
  -1.04124775730      -1.04176659064      -1.04229195011    
