 Raios
  0.141722109707E-05  0.285226864102E-05  0.430536686097E-05  0.577674280646E-05
  0.726662638298E-05  0.877525038787E-05  0.103028505467E-04  0.118496655501E-04
  0.134159370911E-04  0.150019099027E-04  0.166078317965E-04  0.182339537010E-04
  0.198805297011E-04  0.215478170776E-04  0.232360763476E-04  0.249455713050E-04
  0.266765690619E-04  0.284293400901E-04  0.302041582639E-04  0.320013009020E-04
  0.338210488117E-04  0.356636863323E-04  0.375295013796E-04  0.394187854911E-04
  0.413318338713E-04  0.432689454378E-04  0.452304228683E-04  0.472165726475E-04
  0.492277051156E-04  0.512641345159E-04  0.533261790447E-04  0.554141609008E-04
  0.575284063354E-04  0.596692457037E-04  0.618370135164E-04  0.640320484914E-04
  0.662546936074E-04  0.685052961574E-04  0.707842078024E-04  0.730917846272E-04
  0.754283871952E-04  0.777943806054E-04  0.801901345490E-04  0.826160233675E-04
  0.850724261110E-04  0.875597265974E-04  0.900783134723E-04  0.926285802703E-04
  0.952109254756E-04  0.978257525849E-04  0.100473470170E-03  0.103154491943E-03
  0.105869236818E-03  0.108618128980E-03  0.111401597949E-03  0.114220078647E-03
  0.117074011469E-03  0.119963842346E-03  0.122890022820E-03  0.125853010114E-03
  0.128853267200E-03  0.131891262875E-03  0.134967471831E-03  0.138082374732E-03
  0.141236458288E-03  0.144430215331E-03  0.147664144893E-03  0.150938752281E-03
  0.154254549159E-03  0.157612053628E-03  0.161011790303E-03  0.164454290402E-03
  0.167940091822E-03  0.171469739226E-03  0.175043784128E-03  0.178662784981E-03
  0.182327307261E-03  0.186037923557E-03  0.189795213661E-03  0.193599764655E-03
  0.197452171010E-03  0.201353034672E-03  0.205302965158E-03  0.209302579654E-03
  0.213352503106E-03  0.217453368325E-03  0.221605816078E-03  0.225810495194E-03
  0.230068062662E-03  0.234379183736E-03  0.238744532038E-03  0.243164789662E-03
  0.247640647282E-03  0.252172804260E-03  0.256761968756E-03  0.261408857834E-03
  0.266114197582E-03  0.270878723218E-03  0.275703179208E-03  0.280588319384E-03
  0.285534907060E-03  0.290543715148E-03  0.295615526287E-03  0.300751132956E-03
  0.305951337605E-03  0.311216952776E-03  0.316548801232E-03  0.321947716085E-03
  0.327414540928E-03  0.332950129962E-03  0.338555348134E-03  0.344231071271E-03
  0.349978186217E-03  0.355797590970E-03  0.361690194823E-03  0.367656918508E-03
  0.373698694339E-03  0.379816466353E-03  0.386011190467E-03  0.392283834617E-03
  0.398635378918E-03  0.405066815811E-03  0.411579150222E-03  0.418173399715E-03
  0.424850594656E-03  0.431611778370E-03  0.438458007306E-03  0.445390351200E-03
  0.452409893246E-03  0.459517730262E-03  0.466714972861E-03  0.474002745628E-03
  0.481382187291E-03  0.488854450903E-03  0.496420704022E-03  0.504082128888E-03
  0.511839922616E-03  0.519695297376E-03  0.527649480587E-03  0.535703715106E-03
  0.543859259424E-03  0.552117387860E-03  0.560479390765E-03  0.568946574719E-03
  0.577520262735E-03  0.586201794471E-03  0.594992526433E-03  0.603893832190E-03
  0.612907102591E-03  0.622033745977E-03  0.631275188405E-03  0.640632873868E-03
  0.650108264524E-03  0.659702840923E-03  0.669418102236E-03  0.679255566492E-03
  0.689216770816E-03  0.699303271666E-03  0.709516645078E-03  0.719858486912E-03
  0.730330413103E-03  0.740934059910E-03  0.751671084174E-03  0.762543163578E-03
  0.773551996906E-03  0.784699304310E-03  0.795986827581E-03  0.807416330415E-03
  0.818989598698E-03  0.830708440774E-03  0.842574687738E-03  0.854590193714E-03
  0.866756836150E-03  0.879076516108E-03  0.891551158563E-03  0.904182712705E-03
  0.916973152237E-03  0.929924475694E-03  0.943038706745E-03  0.956317894516E-03
  0.969764113906E-03  0.983379465916E-03  0.997166077971E-03  0.101112610426E-02
  0.102526172606E-02  0.103957515209E-02  0.105406861886E-02  0.106874439100E-02
  0.108360476163E-02  0.109865205271E-02  0.111388861542E-02  0.112931683048E-02
  0.114493910861E-02  0.116075789080E-02  0.117677564877E-02  0.119299488534E-02
  0.120941813479E-02  0.122604796329E-02  0.124288696928E-02  0.125993778389E-02
  0.127720307135E-02  0.129468552939E-02  0.131238788968E-02  0.133031291825E-02
  0.134846341592E-02  0.136684221875E-02  0.138545219846E-02  0.140429626289E-02
  0.142337735648E-02  0.144269846068E-02  0.146226259445E-02  0.148207281474E-02
  0.150213221691E-02  0.152244393531E-02  0.154301114367E-02  0.156383705566E-02
  0.158492492538E-02  0.160627804785E-02  0.162789975953E-02  0.164979343887E-02
  0.167196250679E-02  0.169441042725E-02  0.171714070780E-02  0.174015690008E-02
  0.176346260042E-02  0.178706145038E-02  0.181095713733E-02  0.183515339502E-02
  0.185965400416E-02  0.188446279303E-02  0.190958363805E-02  0.193502046440E-02
  0.196077724664E-02  0.198685800932E-02  0.201326682760E-02  0.204000782793E-02
  0.206708518863E-02  0.209450314061E-02  0.212226596796E-02  0.215037800869E-02
  0.217884365536E-02  0.220766735579E-02  0.223685361374E-02  0.226640698963E-02
  0.229633210121E-02  0.232663362437E-02  0.235731629376E-02  0.238838490362E-02
  0.241984430849E-02  0.245169942396E-02  0.248395522745E-02  0.251661675901E-02
  0.254968912205E-02  0.258317748422E-02  0.261708707812E-02  0.265142320221E-02
  0.268619122157E-02  0.272139656877E-02  0.275704474473E-02  0.279314131955E-02
  0.282969193338E-02  0.286670229733E-02  0.290417819436E-02  0.294212548014E-02
  0.298055008402E-02  0.301945800991E-02  0.305885533726E-02  0.309874822199E-02
  0.313914289743E-02  0.318004567534E-02  0.322146294687E-02  0.326340118353E-02
  0.330586693827E-02  0.334886684645E-02  0.339240762689E-02  0.343649608293E-02
  0.348113910348E-02  0.352634366409E-02  0.357211682808E-02  0.361846574760E-02
  0.366539766476E-02  0.371291991276E-02  0.376103991705E-02  0.380976519649E-02
  0.385910336449E-02  0.390906213025E-02  0.395964929992E-02  0.401087277785E-02
  0.406274056782E-02  0.411526077427E-02  0.416844160360E-02  0.422229136540E-02
  0.427681847383E-02  0.433203144885E-02  0.438793891760E-02  0.444454961573E-02
  0.450187238879E-02  0.455991619357E-02  0.461869009954E-02  0.467820329024E-02
  0.473846506472E-02  0.479948483901E-02  0.486127214757E-02  0.492383664480E-02
  0.498718810653E-02  0.505133643155E-02  0.511629164317E-02  0.518206389077E-02
  0.524866345139E-02  0.531610073137E-02  0.538438626790E-02  0.545353073074E-02
  0.552354492386E-02  0.559443978712E-02  0.566622639797E-02  0.573891597323E-02
  0.581251987080E-02  0.588704959142E-02  0.596251678052E-02  0.603893323000E-02
  0.611631088009E-02  0.619466182119E-02  0.627399829582E-02  0.635433270045E-02
  0.643567758749E-02  0.651804566725E-02  0.660144980992E-02  0.668590304754E-02
  0.677141857613E-02  0.685800975765E-02  0.694569012215E-02  0.703447336986E-02
  0.712437337336E-02  0.721540417969E-02  0.730758001260E-02  0.740091527477E-02
  0.749542455001E-02  0.759112260558E-02  0.768802439451E-02  0.778614505790E-02
  0.788549992730E-02  0.798610452710E-02  0.808797457699E-02  0.819112599437E-02
  0.829557489685E-02  0.840133760479E-02  0.850843064382E-02  0.861687074746E-02
  0.872667485968E-02  0.883786013761E-02  0.895044395418E-02  0.906444390082E-02
  0.917987779026E-02  0.929676365929E-02  0.941511977157E-02  0.953496462046E-02
  0.965631693198E-02  0.977919566766E-02  0.990362002757E-02  0.100296094533E-01
  0.101571836308E-01  0.102863624940E-01  0.104171662273E-01  0.105496152690E-01
  0.106837303145E-01  0.108195323196E-01  0.109570425037E-01  0.110962823530E-01
  0.112372736239E-01  0.113800383467E-01  0.115245988287E-01  0.116709776577E-01
  0.118191977057E-01  0.119692821324E-01  0.121212543888E-01  0.122751382208E-01
  0.124309576732E-01  0.125887370929E-01  0.127485011335E-01  0.129102747583E-01
  0.130740832449E-01  0.132399521885E-01  0.134079075066E-01  0.135779754425E-01
  0.137501825697E-01  0.139245557960E-01  0.141011223674E-01  0.142799098728E-01
  0.144609462483E-01  0.146442597810E-01  0.148298791141E-01  0.150178332510E-01
  0.152081515599E-01  0.154008637784E-01  0.155960000182E-01  0.157935907697E-01
  0.159936669070E-01  0.161962596922E-01  0.164014007810E-01  0.166091222270E-01
  0.168194564872E-01  0.170324364267E-01  0.172480953240E-01  0.174664668763E-01
  0.176875852046E-01  0.179114848590E-01  0.181382008244E-01  0.183677685256E-01
  0.186002238330E-01  0.188356030683E-01  0.190739430098E-01  0.193152808987E-01
  0.195596544446E-01  0.198071018313E-01  0.200576617229E-01  0.203113732700E-01
  0.205682761155E-01  0.208284104010E-01  0.210918167730E-01  0.213585363893E-01
  0.216286109253E-01  0.219020825808E-01  0.221789940863E-01  0.224593887098E-01
  0.227433102634E-01  0.230308031105E-01  0.233219121725E-01  0.236166829357E-01
  0.239151614586E-01  0.242173943792E-01  0.245234289219E-01  0.248333129053E-01
  0.251470947494E-01  0.254648234832E-01  0.257865487525E-01  0.261123208274E-01
  0.264421906107E-01  0.267762096450E-01  0.271144301216E-01  0.274569048880E-01
  0.278036874567E-01  0.281548320131E-01  0.285103934243E-01  0.288704272475E-01
  0.292349897387E-01  0.296041378615E-01  0.299779292961E-01  0.303564224481E-01
  0.307396764579E-01  0.311277512097E-01  0.315207073410E-01  0.319186062519E-01
  0.323215101150E-01  0.327294818848E-01  0.331425853077E-01  0.335608849320E-01
  0.339844461179E-01  0.344133350477E-01  0.348476187360E-01  0.352873650407E-01
  0.357326426729E-01  0.361835212083E-01  0.366400710975E-01  0.371023636773E-01
  0.375704711820E-01  0.380444667542E-01  0.385244244568E-01  0.390104192840E-01
  0.395025271737E-01  0.400008250185E-01  0.405053906787E-01  0.410163029936E-01
  0.415336417943E-01  0.420574879160E-01  0.425879232108E-01  0.431250305602E-01
  0.436688938884E-01  0.442195981751E-01  0.447772294690E-01  0.453418749011E-01
  0.459136226984E-01  0.464925621976E-01  0.470787838593E-01  0.476723792818E-01
  0.482734412155E-01  0.488820635776E-01  0.494983414666E-01  0.501223711772E-01
  0.507542502153E-01  0.513940773132E-01  0.520419524452E-01  0.526979768433E-01
  0.533622530124E-01  0.540348847471E-01  0.547159771475E-01  0.554056366356E-01
  0.561039709722E-01  0.568110892734E-01  0.575271020279E-01  0.582521211141E-01
  0.589862598178E-01  0.597296328496E-01  0.604823563630E-01  0.612445479727E-01
  0.620163267726E-01  0.627978133547E-01  0.635891298280E-01  0.643903998371E-01
  0.652017485822E-01  0.660233028383E-01  0.668551909747E-01  0.676975429757E-01
  0.685504904605E-01  0.694141667039E-01  0.702887066572E-01  0.711742469688E-01
  0.720709260063E-01  0.729788838777E-01  0.738982624531E-01  0.748292053874E-01
  0.757718581423E-01  0.767263680092E-01  0.776928841322E-01  0.786715575314E-01
  0.796625411265E-01  0.806659897608E-01  0.816820602251E-01  0.827109112824E-01
  0.837527036930E-01  0.848076002389E-01  0.858757657499E-01  0.869573671290E-01
  0.880525733786E-01  0.891615556270E-01  0.902844871548E-01  0.914215434224E-01
  0.925729020973E-01  0.937387430814E-01  0.949192485398E-01  0.961146029289E-01
  0.973249930253E-01  0.985506079549E-01  0.997916392224E-01  0.101048280742    
  0.102320728865      0.103609182416      0.104913842717      0.106234913625    
  0.107572601559      0.108927115536      0.110298667201      0.111687470863    
  0.113093743524      0.114517704917      0.115959577540      0.117419586688    
  0.118897960490      0.120394929946      0.121910728959      0.123445594376    
  0.124999766024      0.126573486745      0.128167002435      0.129780562086    
  0.131414417818      0.133068824925      0.134744041912      0.136440330535    
  0.138157955842      0.139897186216      0.141658293414      0.143441552614    
  0.145247242454      0.147075645076      0.148927046171      0.150801735025    
  0.152700004563      0.154622151392      0.156568475851      0.158539282058    
  0.160534877956      0.162555575360      0.164601690009      0.166673541611    
  0.168771453898      0.170895754674      0.173046775864      0.175224853569    
  0.177430328120      0.179663544125      0.181924850529      0.184214600667    
  0.186533152315      0.188880867754      0.191258113817      0.193665261954    
  0.196102688288      0.198570773671      0.201069903746      0.203600469007    
  0.206162864861      0.208757491688      0.211384754902      0.214045065019    
  0.216738837718      0.219466493906      0.222228459786      0.225025166919    
  0.227857052298      0.230724558409      0.233628133308      0.236568230682    
  0.239545309929      0.242559836223      0.245612280589      0.248703119980    
  0.251832837343      0.255001921705      0.258210868241      0.261460178356    
  0.264750359760      0.268081926552      0.271455399295      0.274871305102    
  0.278330177714      0.281832557588      0.285378991977      0.288970035019    
  0.292606247823      0.296288198552      0.300016462521      0.303791622277    
  0.307614267698      0.311484996078      0.315404412228      0.319373128564    
  0.323391765206      0.327460950075      0.331581318988      0.335753515762    
  0.339978192310      0.344256008748      0.348587633493      0.352973743370    
  0.357415023717      0.361912168494      0.366465880388      0.371076870927    
  0.375745860587      0.380473578907      0.385260764603      0.390108165682    
  0.395016539561      0.399986653182      0.405019283137      0.410115215784    
  0.415275247373      0.420500184170      0.425790842580      0.431148049281    
  0.436572641347      0.442065466381      0.447627382649      0.453259259211    
  0.458961976059      0.464736424255      0.470583506068      0.476504135116    
  0.482499236510      0.488569746995      0.494716615103      0.500940801294    
  0.507243278109      0.513625030323      0.520087055098      0.526630362138    
  0.533255973850      0.539964925496      0.546758265367      0.553637054933    
  0.560602369021      0.567655295974      0.574796937827      0.582028410477    
  0.589350843854      0.596765382105      0.604273183766      0.611875421947    
  0.619573284512      0.627367974268      0.635260709151      0.643252722418    
  0.651345262837      0.659539594882      0.667836998937      0.676238771486    
  0.684746225324      0.693360689758      0.702083510816      0.710916051455    
  0.719859691779      0.728915829249      0.738085878906      0.747371273587    
  0.756773464156      0.766293919723      0.775934127880      0.785695594927    
  0.795579846114      0.805588425877      0.815722898074      0.825984846239    
  0.836375873822      0.846897604442      0.857551682140      0.868339771639    
  0.879263558598      0.890324749883      0.901525073826      0.912866280501    
  0.924350141994      0.935978452683      0.947753029514      0.959675712289    
  0.971748363952      0.983972870879      0.996351143174       1.00888511497    
   1.02157674472       1.03442801552       1.04744093540       1.06061753767    
   1.07395988119       1.08747005074       1.10115015729       1.11500233841    
   1.12902875851       1.14323160926       1.15761310987       1.17217550750    
   1.18692107754       1.20185212402       1.21697097994       1.23228000766    
   1.24778159924       1.26347817684       1.27937219308       1.29546613144    
   1.31176250661       1.32826386496       1.34497278484       1.36189187706    
   1.37902378526       1.39637118633       1.41393679085       1.43172334348    
   1.44973362340       1.46797044475       1.48643665707       1.50513514575    
   1.52406883246       1.54324067564       1.56265367091       1.58231085161    
   1.60221528920       1.62237009379       1.64277841462       1.66344344052    
   1.68436840045       1.70555656397       1.72701124178       1.74873578622    
   1.77073359179       1.79300809568       1.81556277835       1.83840116400    
   1.86152682117       1.88494336330       1.90865444928       1.93266378399    
   1.95697511897       1.98159225289       2.00651903224       2.03175935187    
   2.05731715564       2.08319643701       2.10940123966       2.13593565815    
   2.16280383855       2.19000997904       2.21755833066       2.24545319788    
   2.27369893934       2.30229996848       2.33126075429       2.36058582194    
   2.39027975353       2.42034718880       2.45079282585       2.48162142186    
   2.51283779388       2.54444681952       2.57645343776       2.60886264969    
   2.64167951933       2.67490917437       2.70855680702       2.74262767478    
   2.77712710130       2.81206047719       2.84743326085       2.88325097936    
   2.91951922931       2.95624367767       2.99343006274       3.03108419494    
   3.06921195783       3.10781930893       3.14691228072       3.18649698157    
   3.22657959666       3.26716638898       3.30826370030       3.34987795216    
   3.39201564686       3.43468336853       3.47788778405       3.52163564423    
   3.56593378475       3.61078912728       3.65620868056       3.70219954149    
   3.74876889624       3.79592402136       3.84367228493       3.89202114773    
   3.94097816435       3.99055098444       4.04074735383       4.09157511583    
   4.14304221237       4.19515668529       4.24792667759       4.30136043467    
   4.35546630568       4.41025274476       4.46572831241       4.52190167681    
   4.57878161514       4.63637701502       4.69469687585       4.75375031022    
   4.81354654536       4.87409492454       4.93540490857       4.99748607727    
   5.06034813094       5.12400089190       5.18845430604       5.25371844432    
   5.31980350440       5.38671981221       5.45447782355       5.52308812575    
   5.59256143932       5.66290861959       5.73414065846       5.80626868608    
   5.87930397261       5.95325792994       6.02814211354       6.10396822422    
   6.18074810995       6.25849376776       6.33721734555       6.41693114406    
   6.49764761872       6.57937938164       6.66213920358       6.74594001593    
   6.83079491273       6.91671715275       7.00372016150       7.09181753337    
   7.18102303377       7.27135060124       7.36281434963       7.45542857035    
   7.54920773456       7.64416649544       7.74031969049       7.83768234385    
   7.93626966862       8.03609706928       8.13718014407       8.23953468741    
   8.34317669241       8.44812235335       8.55438806821       8.66199044120    
   8.77094628543       8.88127262547       8.99298670003       9.10610596466    
   9.22064809449       9.33663098694       9.45407276458       9.57299177793    
   9.69340660833       9.81533607084       9.93879921718       10.0638153387    
   10.1904039695       10.3185848892       10.4483781265       10.5798039616    
   10.7128829303       10.8476358263       10.9840837051       11.1222478869    
   11.2621499602       11.4038117849       11.5472554961       11.6925035070    
   11.8395785130       11.9885034948       12.1393017222       12.2919967579    
   12.4466124607       12.6031729896       12.7617028075       12.9222266851    
   13.0847697045       13.2493572633       13.4160150788       13.5847691916    
   13.7556459698       13.9286721132       14.1038746577       14.2812809788    
   14.4609187967       14.6428161803       14.8270015512       15.0135036890    
   15.2023517348       15.3935751966       15.5872039535       15.7832682603    
   15.9817987525       16.1828264508       16.3863827664       16.5924995051    
   16.8012088733       17.0125434822       17.2265363532       17.4432209231    
   17.6626310494       17.8848010154       18.1097655355       18.3375597609    
   18.5682192850       18.8017801487       19.0382788464       19.2777523315    
   19.5202380222       19.7657738075       20.0143980527       20.2661496059    
   20.5210678039       20.7791924780       21.0405639609       21.3052230923    
   21.5732112257       21.8445702349       22.1193425203       22.3975710155    
   22.6792991944       22.9645710775       23.2534312392       23.5459248144    
   23.8420975058       24.1419955912       24.4456659300       24.7531559715    
   25.0645137616       25.3797879506       25.6990278007       26.0222831937    
   26.3496046391       26.6810432813       27.0166509085       27.3564799600    
   27.7005835347       28.0490153996       28.4018299978       28.7590824573    
   29.1208285995       29.4871249481       29.8580287376       30.2335979224    
   30.6138911860       30.9989679499       31.3888883833       31.7837134120    
   32.1835047281       32.5883248000       32.9982368815       33.4133050223    
   33.8335940775       34.2591697183       34.6900984416       35.1264475810    
   35.5682853170       36.0156806874       36.4687035989       36.9274248371    
   37.3919160781       37.8622498997       38.3384997925       38.8207401715    
   39.3090463878       39.8034947401       40.3041624871       40.8111278590    
   41.3244700703       41.8442693318       42.3706068630       42.9035649054    
   43.4432267347       43.9896766742       44.5430001078       45.1032834933    
   45.6706143763       46.2450814033       46.8267743359       47.4157840649    
   48.0122026243       48.6161232055       49.2276401726       49.8468490762    
   50.4738466690       51.1087309206       51.7516010330       52.4025574560    
   53.0617019028       53.7291373660       54.4049681339       55.0892998064    
   55.7822393116       56.4838949229       57.1943762752       57.9137943828    
   58.6422616562       59.3798919199       60.1268004301       60.8831038928    
   61.6489204820       62.4243698580       63.2095731865       64.0046531569    
   64.8097340023       65.6249415180       66.4504030820       67.2862476742    
   68.1326058971       68.9896099960       69.8573938793       70.7360931402    
   71.6258450772       72.5267887158       73.4390648302       74.3628159656    
   75.2981864599       76.2453224666       77.2043719777       78.1754848465    
   79.1588128116       80.1545095197       81.1627305507       82.1836334411    
   83.2173777090       84.2641248791       85.3240385077       86.3972842085    
   87.4840296784       88.5844447235       89.6987012859       90.8269734705    
   91.9694375721       93.1262721031       94.2976578211       95.4837777576    
   96.6848172463       97.9009639520       99.1324079000       100.379341506    
   101.641959606       102.920459487       104.215040916       105.525906175    
   106.853260090       108.197310061       109.558266100       110.936340858    
   112.331749663       113.744710549       115.175444296       116.624174458    
   118.091127402       119.576532343    
Down potential follows (l on next line)
 0
  -43.9675322335      -44.0797527494      -43.9223923448      -44.0278266138    
  -43.9910736387      -44.0019761547      -43.9915747479      -43.9967074343    
  -43.9945047001      -43.9942427346      -43.9936982358      -43.9931988614    
  -43.9926962676      -43.9922163303      -43.9917474538      -43.9912955465    
  -43.9908592956      -43.9904400785      -43.9900384398      -43.9896551941    
  -43.9892911054      -43.9889469698      -43.9886235873      -43.9883217652    
  -43.9880423114      -43.9877860308      -43.9875537205      -43.9873461646    
  -43.9871641289      -43.9870083553      -43.9868795560      -43.9867784070    
  -43.9867055425      -43.9866615472      -43.9866469509      -43.9866622206    
  -43.9867077547      -43.9867838758      -43.9868908242      -43.9870287520    
  -43.9871977166      -43.9873976755      -43.9876284812      -43.9878898766    
  -43.9881814914      -43.9885028388      -43.9888533139      -43.9892321916    
  -43.9896386272      -43.9900716566      -43.9905301981      -43.9910130557    
  -43.9915189225      -43.9920463859      -43.9925939338      -43.9931599613    
  -43.9937427785      -43.9943406197      -43.9949516520      -43.9955739859    
  -43.9962056854      -43.9968447793      -43.9974892714      -43.9981371525    
  -43.9987864108      -43.9994350431      -44.0000810654      -44.0007225226    
  -44.0013574985      -44.0019841247      -44.0026005888      -44.0032051417    
  -44.0037961044      -44.0043718741      -44.0049309285      -44.0054718303    
  -44.0059932301      -44.0064938687      -44.0069725788      -44.0074282853    
  -44.0078600056      -44.0082668483      -44.0086480124      -44.0090027851    
  -44.0093305392      -44.0096307303      -44.0099028937      -44.0101466405    
  -44.0103616542      -44.0105476863      -44.0107045523      -44.0108321274    
  -44.0109303427      -44.0109991801      -44.0110386688      -44.0110488808    
  -44.0110299269      -44.0109819527      -44.0109051351      -44.0107996783    
  -44.0106658105      -44.0105037806      -44.0103138551      -44.0100963152    
  -44.0098514539      -44.0095795739      -44.0092809846      -44.0089560004    
  -44.0086049386      -44.0082281175      -44.0078258547      -44.0073984657    
  -44.0069462624      -44.0064695521      -44.0059686361      -44.0054438089    
  -44.0048953575      -44.0043235603      -44.0037286866      -44.0031109963    
  -44.0024707390      -44.0018081539      -44.0011234692      -44.0004169022    
  -43.9996886589      -43.9989389337      -43.9981679097      -43.9973757581    
  -43.9965626387      -43.9957286994      -43.9948740770      -43.9939988962    
  -43.9931032706      -43.9921873025      -43.9912510827      -43.9902946913    
  -43.9893181973      -43.9883216589      -43.9873051237      -43.9862686289    
  -43.9852122017      -43.9841358588      -43.9830396074      -43.9819234448    
  -43.9807873588      -43.9796313280      -43.9784553217      -43.9772593003    
  -43.9760432154      -43.9748070101      -43.9735506188      -43.9722739678    
  -43.9709769752      -43.9696595513      -43.9683215982      -43.9669630108    
  -43.9655836760      -43.9641834738      -43.9627622764      -43.9613199493    
  -43.9598563507      -43.9583713320      -43.9568647379      -43.9553364061    
  -43.9537861681      -43.9522138484      -43.9506192656      -43.9490022315    
  -43.9473625521      -43.9457000268      -43.9440144490      -43.9423056062    
  -43.9405732797      -43.9388172450      -43.9370372717      -43.9352331234    
  -43.9334045580      -43.9315513277      -43.9296731787      -43.9277698520    
  -43.9258410823      -43.9238865991      -43.9219061261      -43.9198993813    
  -43.9178660773      -43.9158059209      -43.9137186133      -43.9116038503    
  -43.9094613220      -43.9072907127      -43.9050917015      -43.9028639616    
  -43.9006071607      -43.8983209607      -43.8960050180      -43.8936589834    
  -43.8912825018      -43.8888752124      -43.8864367489      -43.8839667389    
  -43.8814648045      -43.8789305617      -43.8763636207      -43.8737635860    
  -43.8711300558      -43.8684626226      -43.8657608727      -43.8630243864    
  -43.8602527379      -43.8574454951      -43.8546022197      -43.8517224674    
  -43.8488057871      -43.8458517217      -43.8428598074      -43.8398295741    
  -43.8367605450      -43.8336522367      -43.8305041592      -43.8273158155    
  -43.8240867021      -43.8208163084      -43.8175041168      -43.8141496029    
  -43.8107522348      -43.8073114739      -43.8038267739      -43.8002975814    
  -43.7967233356      -43.7931034680      -43.7894374028      -43.7857245562    
  -43.7819643370      -43.7781561459      -43.7742993758      -43.7703934115    
  -43.7664376299      -43.7624313994      -43.7583740802      -43.7542650244    
  -43.7501035753      -43.7458890676      -43.7416208276      -43.7372981725    
  -43.7329204110      -43.7284868423      -43.7239967571      -43.7194494364    
  -43.7148441522      -43.7101801670      -43.7054567337      -43.7006730959    
  -43.6958284869      -43.6909221307      -43.6859532410      -43.6809210216    
  -43.6758246659      -43.6706633571      -43.6654362679      -43.6601425607    
  -43.6547813868      -43.6493518869      -43.6438531909      -43.6382844174    
  -43.6326446740      -43.6269330569      -43.6211486507      -43.6152905289    
  -43.6093577527      -43.6033493719      -43.5972644242      -43.5911019352    
  -43.5848609181      -43.5785403740      -43.5721392912      -43.5656566457    
  -43.5590914003      -43.5524425051      -43.5457088971      -43.5388895001    
  -43.5319832244      -43.5249889669      -43.5179056108      -43.5107320256    
  -43.5034670667      -43.4961095755      -43.4886583791      -43.4811122902    
  -43.4734701071      -43.4657306131      -43.4578925771      -43.4499547525    
  -43.4419158779      -43.4337746766      -43.4255298561      -43.4171801088    
  -43.4087241109      -43.4001605229      -43.3914879893      -43.3827051381    
  -43.3738105812      -43.3648029140      -43.3556807148      -43.3464425457    
  -43.3370869512      -43.3276124591      -43.3180175797      -43.3083008059    
  -43.2984606131      -43.2884954588      -43.2784037827      -43.2681840064    
  -43.2578345335      -43.2473537490      -43.2367400196      -43.2259916932    
  -43.2151070993      -43.2040845481      -43.1929223309      -43.1816187198    
  -43.1701719677      -43.1585803079      -43.1468419542      -43.1349551007    
  -43.1229179215      -43.1107285709      -43.0983851830      -43.0858858719    
  -43.0732287311      -43.0604118339      -43.0474332329      -43.0342909601    
  -43.0209830267      -43.0075074231      -42.9938621188      -42.9800450622    
  -42.9660541806      -42.9518873799      -42.9375425451      -42.9230175394    
  -42.9083102050      -42.8934183622      -42.8783398101      -42.8630723260    
  -42.8476136655      -42.8319615628      -42.8161137301      -42.8000678579    
  -42.7838216151      -42.7673726486      -42.7507185836      -42.7338570235    
  -42.7167855499      -42.6995017227      -42.6820030800      -42.6642871381    
  -42.6463513919      -42.6281933142      -42.6098103567      -42.5911999493    
  -42.5723595005      -42.5532863976      -42.5339780065      -42.5144316718    
  -42.4946447174      -42.4746144460      -42.4543381396      -42.4338130595    
  -42.4130364465      -42.3920055212      -42.3707174838      -42.3491695147    
  -42.3273587744      -42.3052824040      -42.2829375250      -42.2603212400    
  -42.2374306325      -42.2142627675      -42.1908146917      -42.1670834336    
  -42.1430660038      -42.1187593957      -42.0941605853      -42.0692665317    
  -42.0440741777      -42.0185804496      -41.9927822582      -41.9666764987    
  -41.9402600513      -41.9135297814      -41.8864825403      -41.8591151655    
  -41.8314244809      -41.8034072976      -41.7750604140      -41.7463806167    
  -41.7173646804      -41.6880093689      -41.6583114353      -41.6282676228    
  -41.5978746645      -41.5671292848      -41.5360281994      -41.5045681160    
  -41.4727457347      -41.4405577485      -41.4080008443      -41.3750717027    
  -41.3417669995      -41.3080834051      -41.2740175862      -41.2395662055    
  -41.2047259228      -41.1694933953      -41.1338652782      -41.0978382252    
  -41.0614088893      -41.0245739230      -40.9873299792      -40.9496737112    
  -40.9116017740      -40.8731108241      -40.8341975203      -40.7948585244    
  -40.7550905012      -40.7148901195      -40.6742540522      -40.6331789767    
  -40.5916615755      -40.5496985369      -40.5072865545      -40.4644223285    
  -40.4211025655      -40.3773239788      -40.3330832891      -40.2883772244    
  -40.2432025202      -40.1975559200      -40.1514341753      -40.1048340457    
  -40.0577522991      -40.0101857119      -39.9621310687      -39.9135851627    
  -39.8645447956      -39.8150067774      -39.7649679264      -39.7144250693    
  -39.6633750407      -39.6118146832      -39.5597408472      -39.5071503904    
  -39.4540401779      -39.4004070819      -39.3462479809      -39.2915597602    
  -39.2363393106      -39.1805835290      -39.1242893173      -39.0674535824    
  -39.0100732357      -38.9521451927      -38.8936663728      -38.8346336986    
  -38.7750440958      -38.7148944928      -38.6541818204      -38.5929030116    
  -38.5310550011      -38.4686347254      -38.4056391227      -38.3420651325    
  -38.2779096959      -38.2131697556      -38.1478422558      -38.0819241429    
  -38.0154123655      -37.9483038751      -37.8805956263      -37.8122845777    
  -37.7433676926      -37.6738419400      -37.6037042954      -37.5329517419    
  -37.4615812716      -37.3895898869      -37.3169746015      -37.2437324425    
  -37.1698604512      -37.0953556854      -37.0202152202      -36.9444361502    
  -36.8680155903      -36.7909506776      -36.7132385723      -36.6348764586    
  -36.5558615456      -36.4761910672      -36.3958622824      -36.3148724745    
  -36.2332189496      -36.1508990349      -36.0679100758      -35.9842494321    
  -35.8999144738      -35.8149025744      -35.7292111048      -35.6428374245    
  -35.5557788722      -35.4680327547      -35.3795963350      -35.2904668180    
  -35.2006413364      -35.1101169342      -35.0188905505      -34.9269590018    
  -34.8343189655      -34.7409669627      -34.6468993432      -34.5521122726    
  -34.4566017223      -34.3603634646      -34.2633930737      -34.1656859348    
  -34.0672372629      -33.9680421335      -33.8680955281      -33.7673923960    
  -33.6659277361      -33.5636966994      -33.4606947166      -33.3569176512    
  -33.2523619791      -33.1470249980      -33.0409050594      -32.9340018322    
  -32.8263165849      -32.7178524762      -32.6086148678      -32.4986116289    
  -32.3878534233      -32.2763539768      -32.1641302961      -32.0512028316    
  -31.9375955619      -31.8233359866      -31.7084550137      -31.5929867281    
  -31.4769680372      -31.3604381911      -31.2434381808      -31.1260100267    
  -31.0081959733      -30.8900376111      -30.7715749544      -30.6528455029    
  -30.5338833199      -30.4147181587      -30.2953746683      -30.1758717092    
  -30.0562218059      -29.9364307610      -29.8164974530      -29.6964138331    
  -29.5761651341      -29.4557302937      -29.3350825882      -29.2141904594    
  -29.0930185058      -28.9715285979      -28.8496810645      -28.7274358931    
  -28.6047538824      -28.4815976879      -28.3579327150      -28.2337278207    
  -28.1089558078      -27.9835937074      -27.8576228661      -27.7310288614    
  -27.6038012824      -27.4759334131      -27.3474218578      -27.2182661429    
  -27.0884683231      -26.9580326161      -26.8269650773      -26.6952733247    
  -26.5629663133      -26.4300541580      -26.2965479990      -26.1624599007    
  -26.0278027783      -25.8925903417      -25.7568370505      -25.6205580741    
  -25.4837692515      -25.3464870471      -25.2087285013      -25.0705111733    
  -24.9318530770      -24.7927726093      -24.6532884723      -24.5134195905    
  -24.3731850239      -24.2326038788      -24.0916952171      -23.9504779654    
  -23.8089708260      -23.6671921889      -23.5251600473      -23.3828919166    
  -23.2404047573      -23.0977149029      -22.9548379934      -22.8117889134    
  -22.6685817378      -22.5252296830      -22.3817450657      -22.2381392689    
  -22.0944227163      -21.9506048556      -21.8066941500      -21.6626980810    
  -21.5186231608      -21.3744749564      -21.2302581256      -21.0859764656    
  -20.9416329748      -20.7972299287      -20.6527689696      -20.5082512103    
  -20.3636773533      -20.2190478217      -20.0743629049      -19.9296229140    
  -19.7848283472      -19.6399800609      -19.4950794421      -19.3501285789    
  -19.2051304199      -19.0600889171      -18.9150091409      -18.7698973580    
  -18.6247610583      -18.4796089172      -18.3344506780      -18.1892969374    
  -18.0441588188      -17.8990475111      -17.7539736669      -17.6089466368    
  -17.4639735269      -17.3190580950      -17.1741994687      -17.0293907086    
  -16.8846172610      -16.7398553474      -16.5950703905      -16.4502156097    
  -16.3052309769      -16.1600427918      -16.0145642155      -15.8686971829    
  -15.7223361906      -15.5753744971      -15.4277132501      -15.2792739169    
  -15.1300140971      -14.9799462927      -14.8291584941      -14.6778345597    
  -14.5262714429      -14.3748895689      -14.2242323384      -14.0749510676    
  -13.9277727968      -13.7834503098      -13.6426962891      -13.5061066575    
  -13.3740816668      -13.2467567743      -13.1239577912      -13.0051943811    
  -12.8897008432      -12.7765227544      -12.6646350332      -12.5530666563    
  -12.4410049175      -12.3278594225      -12.2132794805      -12.0971318670    
  -11.9794539175      -11.8603980990      -11.7401804438      -11.6190396452    
  -11.4972086995      -11.3748978424      -11.2522861705      -11.1295192057    
  -11.0067101406      -10.8839431411      -10.7612776570      -10.6387530932    
  -10.5163934606      -10.3942117689      -10.2722140090      -10.1504026197    
  -10.0287793779      -9.90734767962      -9.78611422052      -9.66509011050    
  -9.54429148393      -9.42373968299      -9.30346109989      -9.18348676366    
  -9.06385175186      -8.94459449712      -8.82575604649      -8.70737931872    
  -8.58950839265      -8.47218784904      -8.35546217944      -8.23937526896    
  -8.12396995422      -8.00928765463      -7.89536807263      -7.78224895717    
  -7.66996592444      -7.55855232950      -7.44803918301      -7.33845510766    
  -7.22982632947      -7.12217669995      -7.01552774529      -6.90989873984    
  -6.80530680100      -6.70176700348      -6.59929251080      -6.49789472220    
  -6.39758343319      -6.29836700796      -6.20025256146      -6.10324614965    
  -6.00735296341      -5.91257752869      -5.81892390014      -5.72639585209    
  -5.63499706948      -5.54473131073      -5.45560256291      -5.36761517136    
  -5.28077393594      -5.19508418442      -5.11055179310      -5.02718316893    
  -4.94498518588      -4.86396506500      -4.78413020427      -4.70548795435    
  -4.62804534364      -4.55180875661      -4.47678357226      -4.40297377231    
  -4.33038153034      -4.25900679957      -4.18884691177      -4.11989621184    
  -4.05214575452      -3.98558307714      -3.92019208794      -3.85595309841    
  -3.79284302806      -3.73083582122      -3.66990310749      -3.61001513954    
  -3.55114203431      -3.49325533338      -3.43632987925      -3.38034597709    
  -3.32529177290      -3.27116573075      -3.21797903428      -3.16575767795    
  -3.11454395910      -3.06439704757      -3.01539230952      -2.96761911374    
  -2.92117696265      -2.87616996949      -2.83269993332      -2.79085851573    
  -2.75071924761      -2.71233023967      -2.67570848470      -2.64083650038    
  -2.60766177549      -2.57609910018      -2.54603545721      -2.51733681165    
  -2.48985592766      -2.46344029594      -2.43793936340      -2.41321047467    
  -2.38912320248      -2.36556200146      -2.34242732620      -2.31963548722    
  -2.29711757848      -2.27481780961      -2.25269153526      -2.23070321206    
  -2.20882444661      -2.18703223666      -2.16530745736      -2.14363360761    
  -2.12199580647      -2.10038001587      -2.07877245891      -2.05715920245    
  -2.03552587533      -2.01385749770      -1.99213840253      -1.97035223556    
  -1.94848202437      -1.92651031164      -1.90441935013      -1.88219135914    
  -1.85980884246      -1.83725496782      -1.81451400597      -1.79157182520    
  -1.76841643345      -1.74503855653      -1.72143223607      -1.69759542698    
  -1.67353057018      -1.64924511359      -1.62475195285      -1.60006976386    
  -1.57522320150      -1.55024294309      -1.52516556179      -1.50003322352    
  -1.47489320462      -1.44979725157      -1.42480078227      -1.39996196607    
  -1.37534072816      -1.35099767483      -1.32699299898      -1.30338540109    
  -1.28023104262      -1.25758256709      -1.23548820653      -1.21399098992    
  -1.19312806428      -1.17293013388      -1.15342101970      -1.13461733731    
  -1.11652828966      -1.09915556924      -1.08249336378      -1.06652845938    
  -1.05124043534      -1.03660194563      -1.02257908265      -1.00913181976    
 -0.996214529153     -0.983776572283     -0.971762959177     -0.960115072554    
 -0.948771451085     -0.937668624452     -0.926741990584     -0.915926723091    
 -0.905158694378     -0.894375397631     -0.883516848965     -0.872526449717    
 -0.861351788456     -0.849945362788     -0.838265202638     -0.826275379283    
 -0.813946387923     -0.801255395842     -0.788186352868     -0.774729965708    
 -0.760883542436     -0.746650717606     -0.732041072071     -0.717069664227    
 -0.701756491173     -0.686125899006     -0.670205961345     -0.654027844194    
 -0.637625173681     -0.621033421096     -0.604289317326     -0.587430306229    
 -0.570494044069     -0.553517949706     -0.536538808185     -0.519592428425    
 -0.502713354221     -0.485934626485     -0.469287593725     -0.452801767085    
 -0.436504715841     -0.420421999027     -0.404577128831     -0.388991561455    
 -0.373684711367     -0.358673985081     -0.343974830969     -0.329600801874    
 -0.315563627717     -0.301873295560     -0.288538134977     -0.275564906856    
 -0.262958894072     -0.250723992717     -0.238862802812     -0.227376717642    
 -0.216266011035     -0.205529922050     -0.195166736701     -0.185173866434    
 -0.175547923179     -0.166284790878     -0.157379693446     -0.148827259193    
 -0.140621581733     -0.132756277486     -0.125224539870     -0.118019190290    
 -0.111132726070     -0.104557365456     -0.982850898179E-01 -0.923076831969E-01
 -0.866167693279E-01 -0.812038462590E-01 -0.760603186966E-01 -0.711775281890E-01
 -0.665467812573E-01 -0.621593755789E-01 -0.580066243153E-01 -0.540798786759E-01
 -0.503705488026E-01 -0.468701230459E-01 -0.435701857139E-01 -0.404624333535E-01
 -0.375386896305E-01 -0.347909188669E-01 -0.322112382935E-01 -0.297919290664E-01
 -0.275254461011E-01 -0.254044267758E-01 -0.234216985454E-01 -0.215702855115E-01
 -0.198434140040E-01 -0.182345172033E-01 -0.167372388606E-01 -0.153454361469E-01
 -0.140531816882E-01 -0.128547648128E-01 -0.117446921028E-01 -0.107176870426E-01
 -0.976869003947E-02 -0.889285423423E-02 -0.808555137004E-02 -0.756965455246E-02
 -0.766486030103E-02 -0.776126782820E-02 -0.785889638592E-02 -0.795775008714E-02
 -0.805784756919E-02 -0.815920382328E-02 -0.826183484624E-02 -0.836575670298E-02
 -0.847098566052E-02 -0.857753817976E-02 -0.868543092619E-02 -0.879468076753E-02
 -0.890530478342E-02 -0.901732026364E-02 -0.913074471582E-02 -0.924559586552E-02
 -0.936189165954E-02 -0.947965027090E-02 -0.959889010145E-02 -0.971962978237E-02
 -0.984188818109E-02 -0.996568439940E-02 -0.100910377819E-01 -0.102179679156E-01
 -0.103464946342E-01 -0.104766380196E-01 -0.106084184067E-01 -0.107418563871E-01
 -0.108769728107E-01 -0.110137887892E-01 -0.111523257014E-01 -0.112926051934E-01
 -0.114346491841E-01 -0.115784798681E-01 -0.117241197199E-01 -0.118715914950E-01
 -0.120209182371E-01 -0.121721232778E-01 -0.123252302438E-01 -0.124802630595E-01
 -0.126372459470E-01 -0.127962034360E-01 -0.129571603641E-01 -0.131201418821E-01
 -0.132851734543E-01 -0.134522808678E-01 -0.136214902344E-01 -0.137928279932E-01
 -0.139663209150E-01 -0.141419961095E-01 -0.143198810260E-01 -0.145000034587E-01
 -0.146823915535E-01 -0.148670738070E-01 -0.150540790787E-01 -0.152434365862E-01
 -0.154351759179E-01 -0.156293270334E-01 -0.158259202705E-01 -0.160249863444E-01
 -0.162265563625E-01 -0.164306618191E-01 -0.166373346061E-01 -0.168466070161E-01
 -0.170585117498E-01 -0.172730819168E-01 -0.174903510445E-01 -0.177103530813E-01
 -0.179331224024E-01 -0.181586938169E-01 -0.183871025705E-01 -0.186183843536E-01
 -0.188525753022E-01 -0.190897120099E-01 -0.193298315318E-01 -0.195729713837E-01
 -0.198191695599E-01 -0.200684645275E-01 -0.203208952394E-01 -0.205765011386E-01
 -0.208353221653E-01 -0.210973987586E-01 -0.213627718698E-01 -0.216314829640E-01
 -0.219035740275E-01 -0.221790875752E-01 -0.224580666584E-01 -0.227405548643E-01
 -0.230265963347E-01 -0.233162357652E-01 -0.236095184096E-01 -0.239064900975E-01
 -0.242071972272E-01 -0.245116867890E-01 -0.248200063564E-01 -0.251322041070E-01
 -0.254483288214E-01 -0.257684298962E-01 -0.260925573468E-01 -0.264207618179E-01
 -0.267530945939E-01 -0.270896076016E-01 -0.274303534209E-01 -0.277753852967E-01
 -0.281247571387E-01 -0.284785235356E-01 -0.288367397689E-01 -0.291994618059E-01
 -0.295667463246E-01 -0.299386507137E-01 -0.303152330845E-01 -0.306965522780E-01
 -0.310826678775E-01 -0.314736402112E-01 -0.318695303745E-01 -0.322704002199E-01
 -0.326763123894E-01 -0.330873303048E-01 -0.335035181888E-01 -0.339249410739E-01
 -0.343516648030E-01 -0.347837560590E-01 -0.352212823517E-01 -0.356643120494E-01
 -0.361129143730E-01 -0.365671594194E-01 -0.370271181657E-01 -0.374928624809E-01
 -0.379644651402E-01 -0.384419998266E-01 -0.389255411637E-01 -0.394151647006E-01
 -0.399109469419E-01 -0.404129653583E-01 -0.409212983880E-01 -0.414360254610E-01
 -0.419572270009E-01 -0.424849844537E-01
Up potential follows (l on next line)
 0
  -43.9675322335      -44.0797527494      -43.9223923448      -44.0278266138    
  -43.9910736387      -44.0019761547      -43.9915747479      -43.9967074343    
  -43.9945047001      -43.9942427346      -43.9936982358      -43.9931988614    
  -43.9926962676      -43.9922163303      -43.9917474538      -43.9912955465    
  -43.9908592956      -43.9904400785      -43.9900384398      -43.9896551941    
  -43.9892911054      -43.9889469698      -43.9886235873      -43.9883217652    
  -43.9880423114      -43.9877860308      -43.9875537205      -43.9873461646    
  -43.9871641289      -43.9870083553      -43.9868795560      -43.9867784070    
  -43.9867055425      -43.9866615472      -43.9866469509      -43.9866622206    
  -43.9867077547      -43.9867838758      -43.9868908242      -43.9870287520    
  -43.9871977166      -43.9873976755      -43.9876284812      -43.9878898766    
  -43.9881814914      -43.9885028388      -43.9888533139      -43.9892321916    
  -43.9896386272      -43.9900716566      -43.9905301981      -43.9910130557    
  -43.9915189225      -43.9920463859      -43.9925939338      -43.9931599613    
  -43.9937427785      -43.9943406197      -43.9949516520      -43.9955739859    
  -43.9962056854      -43.9968447793      -43.9974892714      -43.9981371525    
  -43.9987864108      -43.9994350431      -44.0000810654      -44.0007225226    
  -44.0013574985      -44.0019841247      -44.0026005888      -44.0032051417    
  -44.0037961044      -44.0043718741      -44.0049309285      -44.0054718303    
  -44.0059932301      -44.0064938687      -44.0069725788      -44.0074282853    
  -44.0078600056      -44.0082668483      -44.0086480124      -44.0090027851    
  -44.0093305392      -44.0096307303      -44.0099028937      -44.0101466405    
  -44.0103616542      -44.0105476863      -44.0107045523      -44.0108321274    
  -44.0109303427      -44.0109991801      -44.0110386688      -44.0110488808    
  -44.0110299269      -44.0109819527      -44.0109051351      -44.0107996783    
  -44.0106658105      -44.0105037806      -44.0103138551      -44.0100963152    
  -44.0098514539      -44.0095795739      -44.0092809846      -44.0089560004    
  -44.0086049386      -44.0082281175      -44.0078258547      -44.0073984657    
  -44.0069462624      -44.0064695521      -44.0059686361      -44.0054438089    
  -44.0048953575      -44.0043235603      -44.0037286866      -44.0031109963    
  -44.0024707390      -44.0018081539      -44.0011234692      -44.0004169022    
  -43.9996886589      -43.9989389337      -43.9981679097      -43.9973757581    
  -43.9965626387      -43.9957286994      -43.9948740770      -43.9939988962    
  -43.9931032706      -43.9921873025      -43.9912510827      -43.9902946913    
  -43.9893181973      -43.9883216589      -43.9873051237      -43.9862686289    
  -43.9852122017      -43.9841358588      -43.9830396074      -43.9819234448    
  -43.9807873588      -43.9796313280      -43.9784553217      -43.9772593003    
  -43.9760432154      -43.9748070101      -43.9735506188      -43.9722739678    
  -43.9709769752      -43.9696595513      -43.9683215982      -43.9669630108    
  -43.9655836760      -43.9641834738      -43.9627622764      -43.9613199493    
  -43.9598563507      -43.9583713320      -43.9568647379      -43.9553364061    
  -43.9537861681      -43.9522138484      -43.9506192656      -43.9490022315    
  -43.9473625521      -43.9457000268      -43.9440144490      -43.9423056062    
  -43.9405732797      -43.9388172450      -43.9370372717      -43.9352331234    
  -43.9334045580      -43.9315513277      -43.9296731787      -43.9277698520    
  -43.9258410823      -43.9238865991      -43.9219061261      -43.9198993813    
  -43.9178660773      -43.9158059209      -43.9137186133      -43.9116038503    
  -43.9094613220      -43.9072907127      -43.9050917015      -43.9028639616    
  -43.9006071607      -43.8983209607      -43.8960050180      -43.8936589834    
  -43.8912825018      -43.8888752124      -43.8864367489      -43.8839667389    
  -43.8814648045      -43.8789305617      -43.8763636207      -43.8737635860    
  -43.8711300558      -43.8684626226      -43.8657608727      -43.8630243864    
  -43.8602527379      -43.8574454951      -43.8546022197      -43.8517224674    
  -43.8488057871      -43.8458517217      -43.8428598074      -43.8398295741    
  -43.8367605450      -43.8336522367      -43.8305041592      -43.8273158155    
  -43.8240867021      -43.8208163084      -43.8175041168      -43.8141496029    
  -43.8107522348      -43.8073114739      -43.8038267739      -43.8002975814    
  -43.7967233356      -43.7931034680      -43.7894374028      -43.7857245562    
  -43.7819643370      -43.7781561459      -43.7742993758      -43.7703934115    
  -43.7664376299      -43.7624313994      -43.7583740802      -43.7542650244    
  -43.7501035753      -43.7458890676      -43.7416208276      -43.7372981725    
  -43.7329204110      -43.7284868423      -43.7239967571      -43.7194494364    
  -43.7148441522      -43.7101801670      -43.7054567337      -43.7006730959    
  -43.6958284869      -43.6909221307      -43.6859532410      -43.6809210216    
  -43.6758246659      -43.6706633571      -43.6654362679      -43.6601425607    
  -43.6547813868      -43.6493518869      -43.6438531909      -43.6382844174    
  -43.6326446740      -43.6269330569      -43.6211486507      -43.6152905289    
  -43.6093577527      -43.6033493719      -43.5972644242      -43.5911019352    
  -43.5848609181      -43.5785403740      -43.5721392912      -43.5656566457    
  -43.5590914003      -43.5524425051      -43.5457088971      -43.5388895001    
  -43.5319832244      -43.5249889669      -43.5179056108      -43.5107320256    
  -43.5034670667      -43.4961095755      -43.4886583791      -43.4811122902    
  -43.4734701071      -43.4657306131      -43.4578925771      -43.4499547525    
  -43.4419158779      -43.4337746766      -43.4255298561      -43.4171801088    
  -43.4087241109      -43.4001605229      -43.3914879893      -43.3827051381    
  -43.3738105812      -43.3648029140      -43.3556807148      -43.3464425457    
  -43.3370869512      -43.3276124591      -43.3180175797      -43.3083008059    
  -43.2984606131      -43.2884954588      -43.2784037827      -43.2681840064    
  -43.2578345335      -43.2473537490      -43.2367400196      -43.2259916932    
  -43.2151070993      -43.2040845481      -43.1929223309      -43.1816187198    
  -43.1701719677      -43.1585803079      -43.1468419542      -43.1349551007    
  -43.1229179215      -43.1107285709      -43.0983851830      -43.0858858719    
  -43.0732287311      -43.0604118339      -43.0474332329      -43.0342909601    
  -43.0209830267      -43.0075074231      -42.9938621188      -42.9800450622    
  -42.9660541806      -42.9518873799      -42.9375425451      -42.9230175394    
  -42.9083102050      -42.8934183622      -42.8783398101      -42.8630723260    
  -42.8476136655      -42.8319615628      -42.8161137301      -42.8000678579    
  -42.7838216151      -42.7673726486      -42.7507185836      -42.7338570235    
  -42.7167855499      -42.6995017227      -42.6820030800      -42.6642871381    
  -42.6463513919      -42.6281933142      -42.6098103567      -42.5911999493    
  -42.5723595005      -42.5532863976      -42.5339780065      -42.5144316718    
  -42.4946447174      -42.4746144460      -42.4543381396      -42.4338130595    
  -42.4130364465      -42.3920055212      -42.3707174838      -42.3491695147    
  -42.3273587744      -42.3052824040      -42.2829375250      -42.2603212400    
  -42.2374306325      -42.2142627675      -42.1908146917      -42.1670834336    
  -42.1430660038      -42.1187593957      -42.0941605853      -42.0692665317    
  -42.0440741777      -42.0185804496      -41.9927822582      -41.9666764987    
  -41.9402600513      -41.9135297814      -41.8864825403      -41.8591151655    
  -41.8314244809      -41.8034072976      -41.7750604140      -41.7463806167    
  -41.7173646804      -41.6880093689      -41.6583114353      -41.6282676228    
  -41.5978746645      -41.5671292848      -41.5360281994      -41.5045681160    
  -41.4727457347      -41.4405577485      -41.4080008443      -41.3750717027    
  -41.3417669995      -41.3080834051      -41.2740175862      -41.2395662055    
  -41.2047259228      -41.1694933953      -41.1338652782      -41.0978382252    
  -41.0614088893      -41.0245739230      -40.9873299792      -40.9496737112    
  -40.9116017740      -40.8731108241      -40.8341975203      -40.7948585244    
  -40.7550905012      -40.7148901195      -40.6742540522      -40.6331789767    
  -40.5916615755      -40.5496985369      -40.5072865545      -40.4644223285    
  -40.4211025655      -40.3773239788      -40.3330832891      -40.2883772244    
  -40.2432025202      -40.1975559200      -40.1514341753      -40.1048340457    
  -40.0577522991      -40.0101857119      -39.9621310687      -39.9135851627    
  -39.8645447956      -39.8150067774      -39.7649679264      -39.7144250693    
  -39.6633750407      -39.6118146832      -39.5597408472      -39.5071503904    
  -39.4540401779      -39.4004070819      -39.3462479809      -39.2915597602    
  -39.2363393106      -39.1805835290      -39.1242893173      -39.0674535824    
  -39.0100732357      -38.9521451927      -38.8936663728      -38.8346336986    
  -38.7750440958      -38.7148944928      -38.6541818204      -38.5929030116    
  -38.5310550011      -38.4686347254      -38.4056391227      -38.3420651325    
  -38.2779096959      -38.2131697556      -38.1478422558      -38.0819241429    
  -38.0154123655      -37.9483038751      -37.8805956263      -37.8122845777    
  -37.7433676926      -37.6738419400      -37.6037042954      -37.5329517419    
  -37.4615812716      -37.3895898869      -37.3169746015      -37.2437324425    
  -37.1698604512      -37.0953556854      -37.0202152202      -36.9444361502    
  -36.8680155903      -36.7909506776      -36.7132385723      -36.6348764586    
  -36.5558615456      -36.4761910672      -36.3958622824      -36.3148724745    
  -36.2332189496      -36.1508990349      -36.0679100758      -35.9842494321    
  -35.8999144738      -35.8149025744      -35.7292111048      -35.6428374245    
  -35.5557788722      -35.4680327547      -35.3795963350      -35.2904668180    
  -35.2006413364      -35.1101169342      -35.0188905505      -34.9269590018    
  -34.8343189655      -34.7409669627      -34.6468993432      -34.5521122726    
  -34.4566017223      -34.3603634646      -34.2633930737      -34.1656859348    
  -34.0672372629      -33.9680421335      -33.8680955281      -33.7673923960    
  -33.6659277361      -33.5636966994      -33.4606947166      -33.3569176512    
  -33.2523619791      -33.1470249980      -33.0409050594      -32.9340018322    
  -32.8263165849      -32.7178524762      -32.6086148678      -32.4986116289    
  -32.3878534233      -32.2763539768      -32.1641302961      -32.0512028316    
  -31.9375955619      -31.8233359866      -31.7084550137      -31.5929867281    
  -31.4769680372      -31.3604381911      -31.2434381808      -31.1260100267    
  -31.0081959733      -30.8900376111      -30.7715749544      -30.6528455029    
  -30.5338833199      -30.4147181587      -30.2953746683      -30.1758717092    
  -30.0562218059      -29.9364307610      -29.8164974530      -29.6964138331    
  -29.5761651341      -29.4557302937      -29.3350825882      -29.2141904594    
  -29.0930185058      -28.9715285979      -28.8496810645      -28.7274358931    
  -28.6047538824      -28.4815976879      -28.3579327150      -28.2337278207    
  -28.1089558078      -27.9835937074      -27.8576228661      -27.7310288614    
  -27.6038012824      -27.4759334131      -27.3474218578      -27.2182661429    
  -27.0884683231      -26.9580326161      -26.8269650773      -26.6952733247    
  -26.5629663133      -26.4300541580      -26.2965479990      -26.1624599007    
  -26.0278027783      -25.8925903417      -25.7568370505      -25.6205580741    
  -25.4837692515      -25.3464870471      -25.2087285013      -25.0705111733    
  -24.9318530770      -24.7927726093      -24.6532884723      -24.5134195905    
  -24.3731850239      -24.2326038788      -24.0916952171      -23.9504779654    
  -23.8089708260      -23.6671921889      -23.5251600473      -23.3828919166    
  -23.2404047573      -23.0977149029      -22.9548379934      -22.8117889134    
  -22.6685817378      -22.5252296830      -22.3817450657      -22.2381392689    
  -22.0944227163      -21.9506048556      -21.8066941500      -21.6626980810    
  -21.5186231608      -21.3744749564      -21.2302581256      -21.0859764656    
  -20.9416329748      -20.7972299287      -20.6527689696      -20.5082512103    
  -20.3636773533      -20.2190478217      -20.0743629049      -19.9296229140    
  -19.7848283472      -19.6399800609      -19.4950794421      -19.3501285789    
  -19.2051304199      -19.0600889171      -18.9150091409      -18.7698973580    
  -18.6247610583      -18.4796089172      -18.3344506780      -18.1892969374    
  -18.0441588188      -17.8990475111      -17.7539736669      -17.6089466368    
  -17.4639735269      -17.3190580950      -17.1741994687      -17.0293907086    
  -16.8846172610      -16.7398553474      -16.5950703905      -16.4502156097    
  -16.3052309769      -16.1600427918      -16.0145642155      -15.8686971829    
  -15.7223361906      -15.5753744971      -15.4277132501      -15.2792739169    
  -15.1300140971      -14.9799462927      -14.8291584941      -14.6778345597    
  -14.5262714429      -14.3748895689      -14.2242323384      -14.0749510676    
  -13.9277727968      -13.7834503098      -13.6426962891      -13.5061066575    
  -13.3740816668      -13.2467567743      -13.1239577912      -13.0051943811    
  -12.8897008432      -12.7765227544      -12.6646350332      -12.5530666563    
  -12.4410049175      -12.3278594225      -12.2132794805      -12.0971318670    
  -11.9794539175      -11.8603980990      -11.7401804438      -11.6190396452    
  -11.4972086995      -11.3748978424      -11.2522861705      -11.1295192057    
  -11.0067101406      -10.8839431411      -10.7612776570      -10.6387530932    
  -10.5163934606      -10.3942117689      -10.2722140090      -10.1504026197    
  -10.0287793779      -9.90734767962      -9.78611422052      -9.66509011050    
  -9.54429148393      -9.42373968299      -9.30346109989      -9.18348676366    
  -9.06385175186      -8.94459449712      -8.82575604649      -8.70737931872    
  -8.58950839265      -8.47218784904      -8.35546217944      -8.23937526896    
  -8.12396995422      -8.00928765463      -7.89536807263      -7.78224895717    
  -7.66996592444      -7.55855232950      -7.44803918301      -7.33845510766    
  -7.22982632947      -7.12217669995      -7.01552774529      -6.90989873984    
  -6.80530680100      -6.70176700348      -6.59929251080      -6.49789472220    
  -6.39758343319      -6.29836700796      -6.20025256146      -6.10324614965    
  -6.00735296341      -5.91257752869      -5.81892390014      -5.72639585209    
  -5.63499706948      -5.54473131073      -5.45560256291      -5.36761517136    
  -5.28077393594      -5.19508418442      -5.11055179310      -5.02718316893    
  -4.94498518588      -4.86396506500      -4.78413020427      -4.70548795435    
  -4.62804534364      -4.55180875661      -4.47678357226      -4.40297377231    
  -4.33038153034      -4.25900679957      -4.18884691177      -4.11989621184    
  -4.05214575452      -3.98558307714      -3.92019208794      -3.85595309841    
  -3.79284302806      -3.73083582122      -3.66990310749      -3.61001513954    
  -3.55114203431      -3.49325533338      -3.43632987925      -3.38034597709    
  -3.32529177290      -3.27116573075      -3.21797903428      -3.16575767795    
  -3.11454395910      -3.06439704757      -3.01539230952      -2.96761911374    
  -2.92117696265      -2.87616996949      -2.83269993332      -2.79085851573    
  -2.75071924761      -2.71233023967      -2.67570848470      -2.64083650038    
  -2.60766177549      -2.57609910018      -2.54603545721      -2.51733681165    
  -2.48985592766      -2.46344029594      -2.43793936340      -2.41321047467    
  -2.38912320248      -2.36556200146      -2.34242732620      -2.31963548722    
  -2.29711757848      -2.27481780961      -2.25269153526      -2.23070321206    
  -2.20882444661      -2.18703223666      -2.16530745736      -2.14363360761    
  -2.12199580647      -2.10038001587      -2.07877245891      -2.05715920245    
  -2.03552587533      -2.01385749770      -1.99213840253      -1.97035223556    
  -1.94848202437      -1.92651031164      -1.90441935013      -1.88219135914    
  -1.85980884246      -1.83725496782      -1.81451400597      -1.79157182520    
  -1.76841643345      -1.74503855653      -1.72143223607      -1.69759542698    
  -1.67353057018      -1.64924511359      -1.62475195285      -1.60006976386    
  -1.57522320150      -1.55024294309      -1.52516556179      -1.50003322352    
  -1.47489320462      -1.44979725157      -1.42480078227      -1.39996196607    
  -1.37534072816      -1.35099767483      -1.32699299898      -1.30338540109    
  -1.28023104262      -1.25758256709      -1.23548820653      -1.21399098992    
  -1.19312806428      -1.17293013388      -1.15342101970      -1.13461733731    
  -1.11652828966      -1.09915556924      -1.08249336378      -1.06652845938    
  -1.05124043534      -1.03660194563      -1.02257908265      -1.00913181976    
 -0.996214529153     -0.983776572283     -0.971762959177     -0.960115072554    
 -0.948771451085     -0.937668624452     -0.926741990584     -0.915926723091    
 -0.905158694378     -0.894375397631     -0.883516848965     -0.872526449717    
 -0.861351788456     -0.849945362788     -0.838265202638     -0.826275379283    
 -0.813946387923     -0.801255395842     -0.788186352868     -0.774729965708    
 -0.760883542436     -0.746650717606     -0.732041072071     -0.717069664227    
 -0.701756491173     -0.686125899006     -0.670205961345     -0.654027844194    
 -0.637625173681     -0.621033421096     -0.604289317326     -0.587430306229    
 -0.570494044069     -0.553517949706     -0.536538808185     -0.519592428425    
 -0.502713354221     -0.485934626485     -0.469287593725     -0.452801767085    
 -0.436504715841     -0.420421999027     -0.404577128831     -0.388991561455    
 -0.373684711367     -0.358673985081     -0.343974830969     -0.329600801874    
 -0.315563627717     -0.301873295560     -0.288538134977     -0.275564906856    
 -0.262958894072     -0.250723992717     -0.238862802812     -0.227376717642    
 -0.216266011035     -0.205529922050     -0.195166736701     -0.185173866434    
 -0.175547923179     -0.166284790878     -0.157379693446     -0.148827259193    
 -0.140621581733     -0.132756277486     -0.125224539870     -0.118019190290    
 -0.111132726070     -0.104557365456     -0.982850898179E-01 -0.923076831969E-01
 -0.866167693279E-01 -0.812038462590E-01 -0.760603186966E-01 -0.711775281890E-01
 -0.665467812573E-01 -0.621593755789E-01 -0.580066243153E-01 -0.540798786759E-01
 -0.503705488026E-01 -0.468701230459E-01 -0.435701857139E-01 -0.404624333535E-01
 -0.375386896305E-01 -0.347909188669E-01 -0.322112382935E-01 -0.297919290664E-01
 -0.275254461011E-01 -0.254044267758E-01 -0.234216985454E-01 -0.215702855115E-01
 -0.198434140040E-01 -0.182345172033E-01 -0.167372388606E-01 -0.153454361469E-01
 -0.140531816882E-01 -0.128547648128E-01 -0.117446921028E-01 -0.107176870426E-01
 -0.976869003947E-02 -0.889285423423E-02 -0.808555137004E-02 -0.756965455246E-02
 -0.766486030103E-02 -0.776126782820E-02 -0.785889638592E-02 -0.795775008714E-02
 -0.805784756919E-02 -0.815920382328E-02 -0.826183484624E-02 -0.836575670298E-02
 -0.847098566052E-02 -0.857753817976E-02 -0.868543092619E-02 -0.879468076753E-02
 -0.890530478342E-02 -0.901732026364E-02 -0.913074471582E-02 -0.924559586552E-02
 -0.936189165954E-02 -0.947965027090E-02 -0.959889010145E-02 -0.971962978237E-02
 -0.984188818109E-02 -0.996568439940E-02 -0.100910377819E-01 -0.102179679156E-01
 -0.103464946342E-01 -0.104766380196E-01 -0.106084184067E-01 -0.107418563871E-01
 -0.108769728107E-01 -0.110137887892E-01 -0.111523257014E-01 -0.112926051934E-01
 -0.114346491841E-01 -0.115784798681E-01 -0.117241197199E-01 -0.118715914950E-01
 -0.120209182371E-01 -0.121721232778E-01 -0.123252302438E-01 -0.124802630595E-01
 -0.126372459470E-01 -0.127962034360E-01 -0.129571603641E-01 -0.131201418821E-01
 -0.132851734543E-01 -0.134522808678E-01 -0.136214902344E-01 -0.137928279932E-01
 -0.139663209150E-01 -0.141419961095E-01 -0.143198810260E-01 -0.145000034587E-01
 -0.146823915535E-01 -0.148670738070E-01 -0.150540790787E-01 -0.152434365862E-01
 -0.154351759179E-01 -0.156293270334E-01 -0.158259202705E-01 -0.160249863444E-01
 -0.162265563625E-01 -0.164306618191E-01 -0.166373346061E-01 -0.168466070161E-01
 -0.170585117498E-01 -0.172730819168E-01 -0.174903510445E-01 -0.177103530813E-01
 -0.179331224024E-01 -0.181586938169E-01 -0.183871025705E-01 -0.186183843536E-01
 -0.188525753022E-01 -0.190897120099E-01 -0.193298315318E-01 -0.195729713837E-01
 -0.198191695599E-01 -0.200684645275E-01 -0.203208952394E-01 -0.205765011386E-01
 -0.208353221653E-01 -0.210973987586E-01 -0.213627718698E-01 -0.216314829640E-01
 -0.219035740275E-01 -0.221790875752E-01 -0.224580666584E-01 -0.227405548643E-01
 -0.230265963347E-01 -0.233162357652E-01 -0.236095184096E-01 -0.239064900975E-01
 -0.242071972272E-01 -0.245116867890E-01 -0.248200063564E-01 -0.251322041070E-01
 -0.254483288214E-01 -0.257684298962E-01 -0.260925573468E-01 -0.264207618179E-01
 -0.267530945939E-01 -0.270896076016E-01 -0.274303534209E-01 -0.277753852967E-01
 -0.281247571387E-01 -0.284785235356E-01 -0.288367397689E-01 -0.291994618059E-01
 -0.295667463246E-01 -0.299386507137E-01 -0.303152330845E-01 -0.306965522780E-01
 -0.310826678775E-01 -0.314736402112E-01 -0.318695303745E-01 -0.322704002199E-01
 -0.326763123894E-01 -0.330873303048E-01 -0.335035181888E-01 -0.339249410739E-01
 -0.343516648030E-01 -0.347837560590E-01 -0.352212823517E-01 -0.356643120494E-01
 -0.361129143730E-01 -0.365671594194E-01 -0.370271181657E-01 -0.374928624809E-01
 -0.379644651402E-01 -0.384419998266E-01 -0.389255411637E-01 -0.394151647006E-01
 -0.399109469419E-01 -0.404129653583E-01 -0.409212983880E-01 -0.414360254610E-01
 -0.419572270009E-01 -0.424849844537E-01
