 Raios
  0.135560278850E-05  0.272825696098E-05  0.411817699745E-05  0.552558007575E-05
  0.695068610546E-05  0.839371776231E-05  0.985490052292E-05  0.113344627001E-04
  0.128326354784E-04  0.143496529504E-04  0.158857521532E-04  0.174411731053E-04
  0.190161588445E-04  0.206109554655E-04  0.222258121586E-04  0.238609812482E-04
  0.255167182331E-04  0.271932818253E-04  0.288909339915E-04  0.306099399932E-04
  0.323505684286E-04  0.341130912743E-04  0.358977839283E-04  0.377049252524E-04
  0.395347976160E-04  0.413876869405E-04  0.432638827436E-04  0.451636781846E-04
  0.470873701105E-04  0.490352591021E-04  0.510076495210E-04  0.530048495572E-04
  0.550271712773E-04  0.570749306731E-04  0.591484477113E-04  0.612480463830E-04
  0.633740547549E-04  0.655268050201E-04  0.677066335501E-04  0.699138809477E-04
  0.721488920997E-04  0.744120162312E-04  0.767036069599E-04  0.790240223516E-04
  0.813736249758E-04  0.837527819627E-04  0.861618650605E-04  0.886012506933E-04
  0.910713200201E-04  0.935724589942E-04  0.961050584237E-04  0.986695140324E-04
  0.101266226522E-03  0.103895601633E-03  0.106558050212E-03  0.109253988271E-03
  0.111983837057E-03  0.114748023113E-03  0.117546978350E-03  0.120381140109E-03
  0.123250951235E-03  0.126156860141E-03  0.129099320881E-03  0.132078793221E-03
  0.135095742710E-03  0.138150640752E-03  0.141243964680E-03  0.144376197834E-03
  0.147547829630E-03  0.150759355644E-03  0.154011277681E-03  0.157304103863E-03
  0.160638348699E-03  0.164014533172E-03  0.167433184818E-03  0.170894837808E-03
  0.174400033033E-03  0.177949318185E-03  0.181543247849E-03  0.185182383583E-03
  0.188867294010E-03  0.192598554904E-03  0.196376749282E-03  0.200202467495E-03
  0.204076307319E-03  0.207998874050E-03  0.211970780596E-03  0.215992647576E-03
  0.220065103416E-03  0.224188784443E-03  0.228364334993E-03  0.232592407503E-03
  0.236873662618E-03  0.241208769293E-03  0.245598404897E-03  0.250043255320E-03
  0.254544015078E-03  0.259101387425E-03  0.263716084460E-03  0.268388827237E-03
  0.273120345883E-03  0.277911379707E-03  0.282762677318E-03  0.287674996740E-03
  0.292649105535E-03  0.297685780916E-03  0.302785809874E-03  0.307949989299E-03
  0.313179126105E-03  0.318474037355E-03  0.323835550389E-03  0.329264502955E-03
  0.334761743338E-03  0.340328130493E-03  0.345964534179E-03  0.351671835095E-03
  0.357450925020E-03  0.363302706947E-03  0.369228095229E-03  0.375228015721E-03
  0.381303405922E-03  0.387455215124E-03  0.393684404560E-03  0.399991947553E-03
  0.406378829671E-03  0.412846048876E-03  0.419394615684E-03  0.426025553322E-03
  0.432739897888E-03  0.439538698512E-03  0.446423017520E-03  0.453393930601E-03
  0.460452526974E-03  0.467599909560E-03  0.474837195151E-03  0.482165514588E-03
  0.489586012937E-03  0.497099849664E-03  0.504708198822E-03  0.512412249232E-03
  0.520213204666E-03  0.528112284040E-03  0.536110721602E-03  0.544209767122E-03
  0.552410686094E-03  0.560714759928E-03  0.569123286153E-03  0.577637578617E-03
  0.586258967696E-03  0.594988800500E-03  0.603828441083E-03  0.612779270656E-03
  0.621842687806E-03  0.631020108709E-03  0.640312967356E-03  0.649722715775E-03
  0.659250824259E-03  0.668898781593E-03  0.678668095292E-03  0.688560291829E-03
  0.698576916881E-03  0.708719535566E-03  0.718989732689E-03  0.729389112988E-03
  0.739919301388E-03  0.750581943253E-03  0.761378704642E-03  0.772311272571E-03
  0.783381355276E-03  0.794590682480E-03  0.805941005662E-03  0.817434098335E-03
  0.829071756317E-03  0.840855798016E-03  0.852788064713E-03  0.864870420848E-03
  0.877104754314E-03  0.889492976751E-03  0.902037023843E-03  0.914738855624E-03
  0.927600456780E-03  0.940623836963E-03  0.953811031103E-03  0.967164099725E-03
  0.980685129274E-03  0.994376232437E-03  0.100823954848E-02  0.102227724357E-02
  0.103649151113E-02  0.105088457216E-02  0.106545867561E-02  0.108021609872E-02
  0.109515914736E-02  0.111029015642E-02  0.112561149013E-02  0.114112554250E-02
  0.115683473763E-02  0.117274153011E-02  0.118884840540E-02  0.120515788025E-02
  0.122167250303E-02  0.123839485420E-02  0.125532754665E-02  0.127247322615E-02
  0.128983457175E-02  0.130741429619E-02  0.132521514635E-02  0.134323990364E-02
  0.136149138446E-02  0.137997244065E-02  0.139868595991E-02  0.141763486627E-02
  0.143682212052E-02  0.145625072073E-02  0.147592370264E-02  0.149584414020E-02
  0.151601514602E-02  0.153643987185E-02  0.155712150912E-02  0.157806328935E-02
  0.159926848475E-02  0.162074040868E-02  0.164248241616E-02  0.166449790442E-02
  0.168679031344E-02  0.170936312645E-02  0.173221987049E-02  0.175536411697E-02
  0.177879948224E-02  0.180252962812E-02  0.182655826249E-02  0.185088913986E-02
  0.187552606201E-02  0.190047287848E-02  0.192573348727E-02  0.195131183541E-02
  0.197721191956E-02  0.200343778667E-02  0.202999353457E-02  0.205688331266E-02
  0.208411132252E-02  0.211168181859E-02  0.213959910880E-02  0.216786755529E-02
  0.219649157507E-02  0.222547564070E-02  0.225482428099E-02  0.228454208173E-02
  0.231463368638E-02  0.234510379683E-02  0.237595717409E-02  0.240719863905E-02
  0.243883307327E-02  0.247086541969E-02  0.250330068342E-02  0.253614393255E-02
  0.256940029889E-02  0.260307497883E-02  0.263717323409E-02  0.267170039261E-02
  0.270666184932E-02  0.274206306702E-02  0.277790957721E-02  0.281420698100E-02
  0.285096094993E-02  0.288817722687E-02  0.292586162695E-02  0.296402003842E-02
  0.300265842363E-02  0.304178281990E-02  0.308139934048E-02  0.312151417555E-02
  0.316213359313E-02  0.320326394008E-02  0.324491164312E-02  0.328708320976E-02
  0.332978522941E-02  0.337302437435E-02  0.341680740078E-02  0.346114114988E-02
  0.350603254890E-02  0.355148861220E-02  0.359751644240E-02  0.364412323142E-02
  0.369131626168E-02  0.373910290719E-02  0.378749063470E-02  0.383648700490E-02
  0.388609967357E-02  0.393633639278E-02  0.398720501214E-02  0.403871347995E-02
  0.409086984453E-02  0.414368225542E-02  0.419715896466E-02  0.425130832809E-02
  0.430613880667E-02  0.436165896777E-02  0.441787748652E-02  0.447480314718E-02
  0.453244484451E-02  0.459081158514E-02  0.464991248898E-02  0.470975679068E-02
  0.477035384103E-02  0.483171310844E-02  0.489384418042E-02  0.495675676508E-02
  0.502046069264E-02  0.508496591696E-02  0.515028251712E-02  0.521642069897E-02
  0.528339079674E-02  0.535120327463E-02  0.541986872849E-02  0.548939788744E-02
  0.555980161554E-02  0.563109091353E-02  0.570327692049E-02  0.577637091565E-02
  0.585038432008E-02  0.592532869853E-02  0.600121576122E-02  0.607805736565E-02
  0.615586551847E-02  0.623465237737E-02  0.631443025296E-02  0.639521161069E-02
  0.647700907282E-02  0.655983542036E-02  0.664370359510E-02  0.672862670161E-02
  0.681461800930E-02  0.690169095448E-02  0.698985914249E-02  0.707913634978E-02
  0.716953652609E-02  0.726107379664E-02  0.735376246432E-02  0.744761701190E-02
  0.754265210437E-02  0.763888259114E-02  0.773632350843E-02  0.783499008157E-02
  0.793489772742E-02  0.803606205675E-02  0.813849887670E-02  0.824222419322E-02
  0.834725421361E-02  0.845360534902E-02  0.856129421704E-02  0.867033764426E-02
  0.878075266895E-02  0.889255654367E-02  0.900576673802E-02  0.912040094131E-02
  0.923647706537E-02  0.935401324733E-02  0.947302785246E-02  0.959353947703E-02
  0.971556695124E-02  0.983912934211E-02  0.996424595653E-02  0.100909363442E-01
  0.102192203008E-01  0.103491178709E-01  0.104806493514E-01  0.106138352941E-01
  0.107486965098E-01  0.108852540708E-01  0.110235293144E-01  0.111635438465E-01
  0.113053195446E-01  0.114488785614E-01  0.115942433284E-01  0.117414365590E-01
  0.118904812526E-01  0.120414006976E-01  0.121942184755E-01  0.123489584645E-01
  0.125056448429E-01  0.126643020933E-01  0.128249550063E-01  0.129876286842E-01
  0.131523485450E-01  0.133191403266E-01  0.134880300905E-01  0.136590442262E-01
  0.138322094549E-01  0.140075528340E-01  0.141851017613E-01  0.143648839792E-01
  0.145469275790E-01  0.147312610054E-01  0.149179130609E-01  0.151069129102E-01
  0.152982900850E-01  0.154920744882E-01  0.156882963992E-01  0.158869864780E-01
  0.160881757704E-01  0.162918957125E-01  0.164981781360E-01  0.167070552729E-01
  0.169185597609E-01  0.171327246478E-01  0.173495833973E-01  0.175691698941E-01
  0.177915184490E-01  0.180166638044E-01  0.182446411398E-01  0.184754860770E-01
  0.187092346861E-01  0.189459234908E-01  0.191855894741E-01  0.194282700844E-01
  0.196740032409E-01  0.199228273401E-01  0.201747812611E-01  0.204299043724E-01
  0.206882365373E-01  0.209498181208E-01  0.212146899956E-01  0.214828935485E-01
  0.217544706867E-01  0.220294638448E-01  0.223079159910E-01  0.225898706341E-01
  0.228753718300E-01  0.231644641888E-01  0.234571928818E-01  0.237536036486E-01
  0.240537428038E-01  0.243576572448E-01  0.246653944589E-01  0.249770025306E-01
  0.252925301494E-01  0.256120266170E-01  0.259355418554E-01  0.262631264146E-01
  0.265948314803E-01  0.269307088821E-01  0.272708111015E-01  0.276151912802E-01
  0.279639032283E-01  0.283170014327E-01  0.286745410658E-01  0.290365779939E-01
  0.294031687859E-01  0.297743707224E-01  0.301502418044E-01  0.305308407627E-01
  0.309162270665E-01  0.313064609333E-01  0.317016033378E-01  0.321017160220E-01
  0.325068615041E-01  0.329171030891E-01  0.333325048779E-01  0.337531317780E-01
  0.341790495132E-01  0.346103246340E-01  0.350470245280E-01  0.354892174305E-01
  0.359369724349E-01  0.363903595040E-01  0.368494494804E-01  0.373143140978E-01
  0.377850259922E-01  0.382616587134E-01  0.387442867362E-01  0.392329854721E-01
  0.397278312815E-01  0.402289014849E-01  0.407362743755E-01  0.412500292315E-01
  0.417702463280E-01  0.422970069501E-01  0.428303934051E-01  0.433704890358E-01
  0.439173782332E-01  0.444711464499E-01  0.450318802133E-01  0.455996671391E-01
  0.461745959453E-01  0.467567564656E-01  0.473462396638E-01  0.479431376478E-01
  0.485475436842E-01  0.491595522126E-01  0.497792588607E-01  0.504067604588E-01
  0.510421550553E-01  0.516855419320E-01  0.523370216193E-01  0.529966959123E-01
  0.536646678865E-01  0.543410419137E-01  0.550259236789E-01  0.557194201961E-01
  0.564216398257E-01  0.571326922909E-01  0.578526886951E-01  0.585817415391E-01
  0.593199647390E-01  0.600674736437E-01  0.608243850528E-01  0.615908172355E-01
  0.623668899482E-01  0.631527244540E-01  0.639484435410E-01  0.647541715419E-01
  0.655700343535E-01  0.663961594559E-01  0.672326759329E-01  0.680797144919E-01
  0.689374074843E-01  0.698058889265E-01  0.706852945204E-01  0.715757616749E-01
  0.724774295274E-01  0.733904389653E-01  0.743149326482E-01  0.752510550300E-01
  0.761989523819E-01  0.771587728147E-01  0.781306663022E-01  0.791147847049E-01
  0.801112817933E-01  0.811203132720E-01  0.821420368042E-01  0.831766120364E-01
  0.842242006230E-01  0.852849662519E-01  0.863590746698E-01  0.874466937084E-01
  0.885479933104E-01  0.896631455561E-01  0.907923246902E-01  0.919357071494E-01
  0.930934715894E-01  0.942657989133E-01  0.954528722997E-01  0.966548772311E-01
  0.978720015233E-01  0.991044353545E-01  0.100352371295      0.101616004337    
  0.102895531926      0.104191153991      0.105503072975      0.106831493869    
  0.108176624240      0.109538674269      0.110917856778      0.112314387267    
  0.113728483947      0.115160367774      0.116610262482      0.118078394621    
  0.119564993588      0.121070291669      0.122594524069      0.124137928952    
  0.125700747478      0.127283223842      0.128885605307      0.130508142251    
  0.132151088197      0.133814699858      0.135499237179      0.137204963370    
  0.138932144956      0.140681051811      0.142451957207      0.144245137850    
  0.146060873930      0.147899449157      0.149761150814      0.151646269795    
  0.153555100654      0.155487941649      0.157445094791      0.159426865889    
  0.161433564598      0.163465504471      0.165523003000      0.167606381675    
  0.169715966027      0.171852085685      0.174015074419      0.176205270203    
  0.178423015258      0.180668656112      0.182942543651      0.185245033174    
  0.187576484449      0.189937261772      0.192327734018      0.194748274703    
  0.197199262041      0.199681079006      0.202194113384      0.204738757844    
  0.207315409991      0.209924472432      0.212566352838      0.215241464009    
  0.217950223937      0.220693055870      0.223470388381      0.226282655435    
  0.229130296454      0.232013756387      0.234933485781      0.237889940850    
  0.240883583546      0.243914881631      0.246984308753      0.250092344514    
  0.253239474553      0.256426190615      0.259652990630      0.262920378793    
  0.266228865639      0.269578968127      0.272971209717      0.276406120453    
  0.279884237048      0.283406102963      0.286972268498      0.290583290874    
  0.294239734320      0.297942170162      0.301691176914      0.305487340366    
  0.309331253676      0.313223517463      0.317164739901      0.321155536815    
  0.325196531775      0.329288356194      0.333431649428      0.337627058875    
  0.341875240077      0.346176856820      0.350532581241      0.354943093930    
  0.359409084040      0.363931249389      0.368510296577      0.373146941087    
  0.377841907406      0.382595929131      0.387409749088      0.392284119446    
  0.397219801835      0.402217567467      0.407278197250      0.412402481921    
  0.417591222158      0.422845228712      0.428165322534      0.433552334897    
  0.439007107535      0.444530492766      0.450123353630      0.455786564024    
  0.461521008835      0.467327584083      0.473207197055      0.479160766455    
  0.485189222539      0.491293507265      0.497474574441      0.503733389872    
  0.510070931508      0.516488189605      0.522986166872      0.529565878632    
  0.536228352976      0.542974630932      0.549805766618      0.556722827412    
  0.563726894121      0.570819061144      0.578000436646      0.585272142732    
  0.592635315620      0.600091105821      0.607640678319      0.615285212748    
  0.623025903583      0.630863960322      0.638800607679      0.646837085769    
  0.654974650310      0.663214572812      0.671558140780      0.680006657914    
  0.688561444310      0.697223836673      0.705995188518      0.714876870388    
  0.723870270062      0.732976792779      0.742197861450      0.751534916887    
  0.760989418023      0.770562842143      0.780256685115      0.790072461620    
  0.800011705395      0.810075969466      0.820266826395      0.830585868524    
  0.841034708224      0.851614978149      0.862328331485      0.873176442218    
  0.884161005386      0.895283737349      0.906546376057      0.917950681320    
  0.929498435085      0.941191441710      0.953031528253      0.965020544751    
  0.977160364511      0.989452884407       1.00190002517       1.01450373169    
   1.02726597332       1.04018874418       1.05327406350       1.06652397587    
   1.07994055162       1.09352588711       1.10728210510       1.12121135500    
   1.13531581330       1.14959768384       1.16405919820       1.17870261602    
   1.19353022536       1.20854434306       1.22374731512       1.23914151703    
   1.25472935415       1.27051326213       1.28649570724       1.30267918675    
   1.31906622938       1.33565939562       1.35246127821       1.36947450246    
   1.38670172673       1.40414564280       1.42180897633       1.43969448724    
   1.45780497018       1.47614325496       1.49471220696       1.51351472763    
   1.53255375489       1.55183226363       1.57135326616       1.59111981267    
   1.61113499174       1.63140193076       1.65192379649       1.67270379552    
   1.69374517475       1.71505122196       1.73662526625       1.75847067860    
   1.78059087242       1.80298930403       1.82566947322       1.84863492382    
   1.87188924423       1.89543606798       1.91927907431       1.94342198874    
   1.96786858366       1.99262267888       2.01768814228       2.04306889041    
   2.06876888904       2.09479215387       2.12114275106       2.14782479797    
   2.17484246371       2.20219996985       2.22990159106       2.25795165577    
   2.28635454685       2.31511470233       2.34423661603       2.37372483830    
   2.40358397676       2.43381869693       2.46443372307       2.49543383884    
   2.52682388806       2.55860877549       2.59079346758       2.62338299327    
   2.65638244473       2.68979697818       2.72363181473       2.75789224113    
   2.79258361064       2.82771134386       2.86328092958       2.89929792560    
   2.93576795966       2.97269673028       3.01009000765       3.04795363454    
   3.08629352724       3.12511567641       3.16442614811       3.20423108467    
   3.24453670570       3.28534930902       3.32667527170       3.36852105100    
   3.41089318541       3.45379829566       3.49724308575       3.54123434403    
   3.58577894423       3.63088384652       3.67655609863       3.72280283696    
   3.76963128764       3.81704876772       3.86506268628       3.91368054558    
   3.96290994227       4.01275856854       4.06323421334       4.11434476360    
   4.16609820543       4.21850262542       4.27156621187       4.32529725608    
   4.37970415361       4.43479540567       4.49057962038       4.54706551413    
   4.60426191295       4.66217775391       4.72082208646       4.78020407391    
   4.84033299481       4.90121824443       4.96286933621       5.02529590326    
   5.08850769986       5.15251460298       5.21732661383       5.28295385942    
   5.34940659413       5.41669520135       5.48483019505       5.55382222147    
   5.62368206075       5.69442062864       5.76604897817       5.83857830142    
   5.91201993126       5.98638534307       6.06168615662       6.13793413780    
   6.21514120051       6.29331940852       6.37248097733       6.45263827610    
   6.53380382957       6.61599032002       6.69921058926       6.78347764062    
   6.86880464100       6.95520492292       7.04269198660       7.13127950208    
   7.22098131132       7.31181143042       7.40378405177       7.49691354629    
   7.59121446564       7.68670154453       7.78338970302       7.88129404882    
   7.98042987970       8.08081268582       8.18245815220       8.28538216115    
   8.38960079476       8.49513033741       8.60198727829       8.71018831403    
   8.81975035125       8.93069050924       9.04302612264       9.15677474411    
   9.27195414710       9.38858232863       9.50667751209       9.62625815009    
   9.74734292735       9.86995076361       9.99410081660       10.1198124850    
   10.2471054116       10.3759994860       10.5065148483       10.6386718918    
   10.7724912663       10.9079938812       11.0452009093       11.1841337893    
   11.3248142298       11.4672642124       11.6115059952       11.7575621163    
   11.9054553972       12.0552089466       12.2068461637       12.3603907422    
   12.5158666738       12.6732982519       12.8327100754       12.9941270528    
   13.1575744059       13.3230776735       13.4906627160       13.6603557188    
   13.8321831969       14.0061719985       14.1823493099       14.3607426590    
   14.5413799202       14.7242893185       14.9094994338       15.0970392055    
   15.2869379372       15.4792253008       15.6739313417       15.8710864832    
   16.0707215310       16.2728676786       16.4775565117       16.6848200134    
   16.8946905690       17.1072009713       17.3223844253       17.5402745539    
   17.7609054030       17.9843114466       18.2105275922       18.4395891866    
   18.6715320213       18.9063923376       19.1442068330       19.3850126665    
   19.6288474646       19.8757493268       20.1257568322       20.3789090448    
   20.6352455203       20.8948063117       21.1576319759       21.4237635800    
   21.6932427077       21.9661114654       22.2424124896       22.5221889529    
   22.8054845708       23.0923436089       23.3828108896       23.6769317989    
   23.9747522937       24.2763189093       24.5816787658       24.8908795766    
   25.2039696547       25.5209979213       25.8420139125       26.1670677878    
   26.4962103376       26.8294929909       27.1669678239       27.5086875678    
   27.8547056170       28.2050760373       28.5598535751       28.9190936649    
   29.2828524387       29.6511867347       30.0241541058       30.4018128289    
   30.7842219139       31.1714411130       31.5635309301       31.9605526300    
   32.3625682481       32.7696406001       33.1818332920       33.5992107297    
   34.0218381293       34.4497815271       34.8831077902       35.3218846268    
   35.7661805965       36.2160651215       36.6716084972       37.1328819032    
   37.5999574144       38.0729080123       38.5518075963       39.0367309956    
   39.5277539803       40.0249532739       40.5284065646       41.0381925182    
   41.5543907897       42.0770820362       42.6063479292       43.1422711675    
   43.6849354904       44.2344256901       44.7908276256       45.3542282360    
   45.9247155536       46.5023787183       47.0873079912       47.6795947685    
   48.2793315964       48.8866121849       49.5015314229       50.1241853927    
   50.7546713852       51.3930879153       52.0395347368       52.6941128583    
   53.3569245589       54.0280734045       54.7076642632       55.3958033227    
   56.0925981059       56.7981574886       57.5125917158       58.2360124192    
   58.9685326350       59.7102668207       60.4613308740       61.2218421501    
   61.9919194804       62.7716831911       63.5612551219       64.3607586449    
   65.1703186842       65.9900617353       66.8201158846       67.6606108298    
   68.5116778999       69.3734500760       70.2460620115       71.1296500541    
   72.0243522660       72.9303084463       73.8476601526       74.7765507228    
   75.7171252980       76.6695308450       77.6339161790       78.6104319871    
   79.5992308521       80.6004672756       81.6142977030       82.6408805473    
   83.6803762141       84.7329471268       85.7987577518       86.8779746240    
   87.9707663734       89.0773037508       90.1977596550       91.3323091595    
   92.4811295399       93.6444003019       94.8223032087       96.0150223102    
   97.2227439711       98.4456569004       99.6839521807       100.937823298    
   102.207466173       103.493079189       104.794863226       106.113021690    
   107.447760547       108.799288352       110.167816283       111.553558178    
   112.956730559       114.377552676       115.816246535       117.273036935    
   118.748151503    
Down potential follows (l on next line)
 1
  -45.9674546467      -46.0799253506      -45.9222027527      -46.0278673492    
  -45.9910162337      -46.0019438982      -45.9915069236      -45.9966403797    
  -45.9944230939      -45.9941461778      -45.9935872455      -45.9930706389    
  -45.9925500754      -45.9920502483      -45.9915600168      -45.9910849780    
  -45.9906238279      -45.9901778336      -45.9897474704      -45.9893334729    
  -45.9889365317      -45.9885573714      -45.9881967253      -45.9878553391    
  -45.9875339652      -45.9872333602      -45.9869542808      -45.9866974798    
  -45.9864637022      -45.9862536804      -45.9860681289      -45.9859077403    
  -45.9857731787      -45.9856650752      -45.9855840210      -45.9855305625    
  -45.9855051945      -45.9855083542      -45.9855404153      -45.9856016814    
  -45.9856923805      -45.9858126587      -45.9859625752      -45.9861420965    
  -45.9863510922      -45.9865893305      -45.9868564744      -45.9871520789    
  -45.9874755890      -45.9878263377      -45.9882035458      -45.9886063222    
  -45.9890336652      -45.9894844647      -45.9899575052      -45.9904514703    
  -45.9909649477      -45.9914964351      -45.9920443473      -45.9926070235    
  -45.9931827359      -45.9937696985      -45.9943660765      -45.9949699964    
  -45.9955795555      -45.9961928328      -45.9968078988      -45.9974228257    
  -45.9980356976      -45.9986446200      -45.9992477288      -45.9998431995    
  -46.0004292548      -46.0010041722      -46.0015662910      -46.0021140178    
  -46.0026458322      -46.0031602906      -46.0036560302      -46.0041317715    
  -46.0045863207      -46.0050185702      -46.0054274997      -46.0058121760    
  -46.0061717519      -46.0065054651      -46.0068126361      -46.0070926663    
  -46.0073450348      -46.0075692957      -46.0077650745      -46.0079320646    
  -46.0080700239      -46.0081787704      -46.0082581786      -46.0083081754    
  -46.0083287362      -46.0083198809      -46.0082816700      -46.0082142010    
  -46.0081176042      -46.0079920397      -46.0078376939      -46.0076547758    
  -46.0074435144      -46.0072041556      -46.0069369593      -46.0066421969    
  -46.0063201490      -46.0059711030      -46.0055953511      -46.0051931884    
  -46.0047649111      -46.0043108148      -46.0038311933      -46.0033263371    
  -46.0027965322      -46.0022420591      -46.0016631917      -46.0010601969    
  -46.0004333333      -45.9997828507      -45.9991089901      -45.9984119822    
  -45.9976920481      -45.9969493981      -45.9961842320      -45.9953967383    
  -45.9945870948      -45.9937554678      -45.9929020124      -45.9920268723    
  -45.9911301799      -45.9902120561      -45.9892726108      -45.9883119424    
  -45.9873301382      -45.9863272747      -45.9853034173      -45.9842586205    
  -45.9831929285      -45.9821063748      -45.9809989825      -45.9798707648    
  -45.9787217246      -45.9775518553      -45.9763611403      -45.9751495538    
  -45.9739170604      -45.9726636158      -45.9713891666      -45.9700936506    
  -45.9687769969      -45.9674391262      -45.9660799507      -45.9646993747    
  -45.9632972940      -45.9618735969      -45.9604281637      -45.9589608673    
  -45.9574715727      -45.9559601379      -45.9544264134      -45.9528702426    
  -45.9512914620      -45.9496899008      -45.9480653818      -45.9464177207    
  -45.9447467266      -45.9430522020      -45.9413339431      -45.9395917393    
  -45.9378253739      -45.9360346239      -45.9342192597      -45.9323790460    
  -45.9305137410      -45.9286230969      -45.9267068598      -45.9247647699    
  -45.9227965613      -45.9208019622      -45.9187806947      -45.9167324752    
  -45.9146570142      -45.9125540161      -45.9104231797      -45.9082641978    
  -45.9060767573      -45.9038605393      -45.9016152191      -45.8993404662    
  -45.8970359439      -45.8947013101      -45.8923362164      -45.8899403087    
  -45.8875132271      -45.8850546055      -45.8825640719      -45.8800412484    
  -45.8774857511      -45.8748971899      -45.8722751688      -45.8696192855    
  -45.8669291318      -45.8642042931      -45.8614443485      -45.8586488712    
  -45.8558174276      -45.8529495781      -45.8500448765      -45.8471028703    
  -45.8441231002      -45.8411051005      -45.8380483990      -45.8349525166    
  -45.8318169674      -45.8286412590      -45.8254248918      -45.8221673595    
  -45.8188681485      -45.8155267385      -45.8121426017      -45.8087152034    
  -45.8052440012      -45.8017284458      -45.7981679802      -45.7945620398    
  -45.7909100526      -45.7872114388      -45.7834656109      -45.7796719733    
  -45.7758299229      -45.7719388483      -45.7679981299      -45.7640071402    
  -45.7599652431      -45.7558717942      -45.7517261408      -45.7475276215    
  -45.7432755660      -45.7389692956      -45.7346081225      -45.7301913500    
  -45.7257182722      -45.7211881742      -45.7166003317      -45.7119540110    
  -45.7072484689      -45.7024829526      -45.6976566997      -45.6927689376    
  -45.6878188841      -45.6828057468      -45.6777287231      -45.6725870001    
  -45.6673797545      -45.6621061524      -45.6567653493      -45.6513564899    
  -45.6458787080      -45.6403311262      -45.6347128562      -45.6290229981    
  -45.6232606410      -45.6174248619      -45.6115147266      -45.6055292888    
  -45.5994675902      -45.5933286608      -45.5871115178      -45.5808151666    
  -45.5744385996      -45.5679807970      -45.5614407258      -45.5548173405    
  -45.5481095820      -45.5413163786      -45.5344366447      -45.5274692816    
  -45.5204131766      -45.5132672035      -45.5060302220      -45.4987010777    
  -45.4912786019      -45.4837616117      -45.4761489094      -45.4684392828    
  -45.4606315047      -45.4527243329      -45.4447165102      -45.4366067638    
  -45.4283938058      -45.4200763321      -45.4116530234      -45.4031225442    
  -45.3944835427      -45.3857346513      -45.3768744854      -45.3679016444    
  -45.3588147106      -45.3496122496      -45.3402928097      -45.3308549222    
  -45.3212971011      -45.3116178427      -45.3018156257      -45.2918889110    
  -45.2818361414      -45.2716557417      -45.2613461183      -45.2509056592    
  -45.2403327339      -45.2296256928      -45.2187828678      -45.2078025716    
  -45.1966830976      -45.1854227200      -45.1740196934      -45.1624722528    
  -45.1507786135      -45.1389369708      -45.1269455000      -45.1148023562    
  -45.1025056742      -45.0900535683      -45.0774441323      -45.0646754393    
  -45.0517455414      -45.0386524701      -45.0253942355      -45.0119688267    
  -44.9983742117      -44.9846083367      -44.9706691268      -44.9565544854    
  -44.9422622941      -44.9277904128      -44.9131366798      -44.8982989112    
  -44.8832749011      -44.8680624217      -44.8526592230      -44.8370630327    
  -44.8212715565      -44.8052824777      -44.7890934571      -44.7727021333    
  -44.7561061226      -44.7393030188      -44.7222903931      -44.7050657945    
  -44.6876267496      -44.6699707624      -44.6520953144      -44.6339978651    
  -44.6156758513      -44.5971266876      -44.5783477664      -44.5593364577    
  -44.5400901096      -44.5206060480      -44.5008815767      -44.4809139779    
  -44.4607005117      -44.4402384168      -44.4195249101      -44.3985571873    
  -44.3773324228      -44.3558477697      -44.3341003603      -44.3120873063    
  -44.2898056983      -44.2672526072      -44.2444250831      -44.2213201565    
  -44.1979348381      -44.1742661192      -44.1503109718      -44.1260663489    
  -44.1015291849      -44.0766963958      -44.0515648797      -44.0261315166    
  -44.0003931695      -43.9743466839      -43.9479888888      -43.9213165968    
  -43.8943266045      -43.8670156928      -43.8393806275      -43.8114181596    
  -43.7831250255      -43.7544979479      -43.7255336358      -43.6962287854    
  -43.6665800798      -43.6365841906      -43.6062377771      -43.5755374879    
  -43.5444799608      -43.5130618232      -43.4812796932      -43.4491301795    
  -43.4166098823      -43.3837153936      -43.3504432979      -43.3167901729    
  -43.2827525894      -43.2483271126      -43.2135103022      -43.1782987130    
  -43.1426888957      -43.1066773971      -43.0702607609      -43.0334355281    
  -42.9961982376      -42.9585454267      -42.9204736316      -42.8819793883    
  -42.8430592325      -42.8037097003      -42.7639273291      -42.7237086577    
  -42.6830502267      -42.6419485793      -42.6004002615      -42.5584018224    
  -42.5159498152      -42.4730407967      -42.4296713285      -42.3858379770    
  -42.3415373134      -42.2967659148      -42.2515203636      -42.2057972485    
  -42.1595931641      -42.1129047116      -42.0657284987      -42.0180611398    
  -41.9698992561      -41.9212394757      -41.8720784337      -41.8224127720    
  -41.7722391397      -41.7215541925      -41.6703545933      -41.6186370113    
  -41.5663981227      -41.5136346097      -41.4603431611      -41.4065204714    
  -41.3521632409      -41.2972681755      -41.2418319861      -41.1858513886    
  -41.1293231032      -41.0722438544      -41.0146103706      -40.9564193835    
  -40.8976676277      -40.8383518409      -40.7784687627      -40.7180151349    
  -40.6569877010      -40.5953832056      -40.5331983945      -40.4704300142    
  -40.4070748117      -40.3431295347      -40.2785909308      -40.2134557481    
  -40.1477207349      -40.0813826399      -40.0144382121      -39.9468842018    
  -39.8787173599      -39.8099344393      -39.7405321950      -39.6705073847    
  -39.5998567699      -39.5285771167      -39.4566651963      -39.3841177869    
  -39.3109316742      -39.2371036533      -39.1626305293      -39.0875091194    
  -39.0117362540      -38.9353087783      -38.8582235537      -38.7804774591    
  -38.7020673926      -38.6229902720      -38.5432430368      -38.4628226478    
  -38.3817260887      -38.2999503651      -38.2174925050      -38.1343495572    
  -38.0505185902      -37.9659966896      -37.8807809554      -37.7948684973    
  -37.7082564305      -37.6209418689      -37.5329219185      -37.4441936681    
  -37.3547541806      -37.2646004810      -37.1737295448      -37.0821382843    
  -36.9898235345      -36.8967820373      -36.8030104265      -36.7085052111    
  -36.6132627607      -36.5172792901      -36.4205508477      -36.3230733049    
  -36.2248423509      -36.1258534924      -36.0261020596      -35.9255832220    
  -35.8242920145      -35.7222233757      -35.6193722027      -35.5157334216    
  -35.4113020798      -35.3060734585      -35.2000432100      -35.0932075202    
  -34.9855632968      -34.8771083847      -34.7678418015      -34.6577640019    
  -34.5468771564      -34.4351854308      -34.3226952853      -34.2094157564    
  -34.0953587142      -33.9805390933      -33.8649750681      -33.7486881645    
  -33.6317032900      -33.5140486680      -33.3957556656      -33.2768585063    
  -33.1573938637      -33.0374003387      -32.9169178279      -32.7959867950    
  -32.6746474661      -32.5529389707      -32.4308984555      -32.3085602013    
  -32.1859547720      -32.0631082254      -31.9400414151      -31.8167694090    
  -31.6933010486      -31.5696386694      -31.4457779999      -31.3217082522    
  -31.1974124093      -31.0728677114      -30.9480463299      -30.8229162103    
  -30.6974420523      -30.5715863868      -30.4453106980      -30.3185765373    
  -30.1913465724      -30.0635855218      -29.9352609331      -29.8063437789    
  -29.6768088573      -29.5466350001      -29.4158051072      -29.2843060315    
  -29.1521283510      -29.0192660609      -28.8857162230      -28.7514786004    
  -28.6165553041      -28.4809504675      -28.3446699608      -28.2077211503    
  -28.0701127029      -27.9318544316      -27.7929571766      -27.6534327147    
  -27.5132936895      -27.3725535553      -27.2312265278      -27.0893275377    
  -26.9468721821      -26.8038766715      -26.6603577717      -26.5163327374    
  -26.3718192412      -26.2268352951      -26.0813991679      -25.9355292987    
  -25.7892442072      -25.6425624041      -25.4955022997      -25.3480821154    
  -25.2003197955      -25.0522329232      -24.9038386394      -24.7551535663    
  -24.6061937359      -24.4569745230      -24.3075105851      -24.1578158085    
  -24.0079032599      -23.8577851470      -23.7074727853      -23.5569765743    
  -23.4063059812      -23.2554695351      -23.1044748303      -22.9533285405    
  -22.8020364444      -22.6506034620      -22.4990337044      -22.3473305360    
  -22.1954966491      -22.0435341525      -21.8914446730      -21.7392294698    
  -21.5868895603      -21.4344258574      -21.2818393147      -21.1291310782    
  -20.9763026405      -20.8233559928      -20.6702937698      -20.5171193794    
  -20.3638371106      -20.2104522081      -20.0569709048      -19.9034003975    
  -19.7497487544      -19.5960247391      -19.4422375347      -19.2883963584    
  -19.1345099434      -18.9805858911      -18.8266298736      -18.6726446815    
  -18.5186291479      -18.3645769413      -18.2104752711      -18.0563035726    
  -17.9020322467      -17.7476215851      -17.5930210489      -17.4381691268    
  -17.2829940563      -17.1274157533      -16.9713493436      -16.8147107040    
  -16.6574243832      -16.4994341428      -16.3407161058      -16.1812941011    
  -16.0212562437      -15.8607711369      -15.7001014162      -15.5396118228    
  -15.3797687737      -15.2211286378      -15.0643127176      -14.9099682859    
  -14.7587168528      -14.6110930878      -14.4674804012      -14.3280518912    
  -14.1927275593      -14.0611591854      -13.9327515334      -13.8067218080    
  -13.6821896035      -13.5582803429      -13.4342206808      -13.3094070564    
  -13.1834374635      -13.0561074394      -12.9273797106      -12.7973403885    
  -12.6661534010      -12.5340209983      -12.4011539182      -12.2677515331    
  -12.1339904610      -12.0000194767      -11.8659586672      -11.7319011974    
  -11.5979165344      -11.4640543703      -11.3303487657      -11.1968222073    
  -11.0634893838      -10.9303605464      -10.7974443701      -10.6647502677    
  -10.5322901496      -10.4000796462      -10.2681388441      -10.1364925988    
  -10.0051705009      -9.87420657576      -9.74363879125      -9.61350844261    
  -9.48385947183      -9.35473776801      -9.22619048357      -9.09826539103    
  -8.97101029633      -8.84447251755      -8.71869843244      -8.59373309456    
  -8.46961991477      -8.34640040371      -8.22411396976      -8.10279776671    
  -7.98248658589      -7.86321278723      -7.74500626490      -7.62789444309    
  -7.51190229855      -7.39705240668      -7.28336500848      -7.17085809617    
  -7.05954751532      -6.94944708182      -6.84056871188      -6.73292256361    
  -6.62651718822      -6.52135968988      -6.41745589020      -6.31481050085    
  -6.21342729233      -6.11330926395      -6.01445881898      -5.91687791803    
  -5.82056823368      -5.72553128807      -5.63176856919      -5.53928163902    
  -5.44807220014      -5.35814214147      -5.26949355524      -5.18212871275    
  -5.09605000749      -5.01125985904      -4.92776057984      -4.84555420634    
  -4.76464229712      -4.68502570504      -4.60670432695      -4.52967684257    
  -4.45394045604      -4.37949064496      -4.30632093879      -4.23442274190    
  -4.16378521558      -4.09439524129      -4.02623748274      -3.95929456667    
  -3.89354740062      -3.82897564378      -3.76555834314      -3.70327474096    
  -3.64210525077      -3.58203258620      -3.52304301172      -3.46512766366    
  -3.40828386811      -3.35251635755      -3.29783826628      -3.24427176691    
  -3.19184820400      -3.14060758949      -3.09059735400      -3.04187030027    
  -2.99448178010      -2.94848620722      -2.90393311666      -2.86086306914    
  -2.81930376138      -2.77926672211      -2.74074494104      -2.70371169143    
  -2.66812067801      -2.63390749044      -2.60099219373      -2.56928276688    
  -2.53867902797      -2.50907666659      -2.48037103931      -2.45246045855    
  -2.42524880124      -2.39864736296      -2.37257597008      -2.34696342821    
  -2.32174742571      -2.29687402784      -2.27229689560      -2.24797634793    
  -2.22387836454      -2.19997360221      -2.17623647444      -2.15264432525    
  -2.12917671171      -2.10581479961      -2.08254086853      -2.05933791919    
  -2.03618937370      -2.01307885955      -1.98999006924      -1.96690668865    
  -1.94381238942      -1.92069088174      -1.89752602551      -1.87430199835    
  -1.85100351928      -1.82761612607      -1.80412650349      -1.78052285773    
  -1.75679532975      -1.73293643803      -1.70894153786      -1.68480928155    
  -1.66054206144      -1.63614641544      -1.61163337389      -1.58701872646    
  -1.56232318975      -1.53757245740      -1.51279712398      -1.48803246363    
  -1.46331808499      -1.43869743932      -1.41421719772      -1.38992655161    
  -1.36587640128      -1.34211848372      -1.31870447591      -1.29568507841    
  -1.27310911704      -1.25102268037      -1.22946831400      -1.20848428708    
  -1.18810394337      -1.16835514520      -1.14925981539      -1.13083357924    
  -1.11308550656      -1.09601795178      -1.07962648939      -1.06389994101    
  -1.04882049066      -1.03436388455      -1.02049971207      -1.00719176518    
 -0.994398473227     -0.982073410374     -0.970165872417     -0.958621518953    
 -0.947383075725     -0.936391090425     -0.925584733295     -0.914902631793    
 -0.904283726363     -0.893668132244     -0.882997990468     -0.872218289869    
 -0.861277641319     -0.850128985586     -0.838730217314     -0.827044709655    
 -0.815041726914     -0.802696716177     -0.789991472962     -0.776914180208    
 -0.763459324321     -0.749627495913     -0.735425086488     -0.720863895059    
 -0.705960660775     -0.690736538710     -0.675216536347     -0.659428927771    
 -0.643404661517     -0.627176776362     -0.610779837403     -0.594249402548    
 -0.577621527332     -0.560932313744     -0.544217506730     -0.527512140184    
 -0.510850232641     -0.494264531606     -0.477786304382     -0.461445172478    
 -0.445268986168     -0.429283735381     -0.413513493001     -0.397980386580    
 -0.382704594619     -0.367704363720     -0.352996043155     -0.338594133711    
 -0.324511347928     -0.310758679201     -0.297345477493     -0.284279529715    
 -0.271567143119     -0.259213230276     -0.247221394486     -0.235594014638    
 -0.224332328764     -0.213436515653     -0.202905774078     -0.192738399261    
 -0.182931856350     -0.173482850731     -0.164387395096     -0.155640873216    
 -0.147238100452     -0.139173381029     -0.131440562163     -0.124033085127    
 -0.116944033366     -0.110166177779     -0.103692019287     -0.975138288139E-01
 -0.916236848023E-01 -0.860135083826E-01 -0.806750963155E-01 -0.756001518153E-01
 -0.707803133606E-01 -0.662071815952E-01 -0.618723444055E-01 -0.577674002701E-01
 -0.538839799544E-01 -0.502137666334E-01 -0.467485145045E-01 -0.434800659673E-01
 -0.404003674184E-01 -0.375014837281E-01 -0.347756114503E-01 -0.322150908112E-01
 -0.298124165355E-01 -0.275602475441E-01 -0.254514155780E-01 -0.234789327833E-01
 -0.216359983040E-01 -0.199160039230E-01 -0.183125387887E-01 -0.168193932701E-01
 -0.154305619812E-01 -0.141402460055E-01 -0.129428543813E-01 -0.118330048609E-01
 -0.108055241483E-01 -0.985544642240E-02 -0.897801603950E-02 -0.816867145956E-02
 -0.742309112239E-02 -0.742383337564E-02 -0.751719996831E-02 -0.761176107764E-02
 -0.770750556757E-02 -0.780445540518E-02 -0.790262436138E-02 -0.800202798357E-02
 -0.810268183274E-02 -0.820460166713E-02 -0.830780343544E-02 -0.841230328019E-02
 -0.851811754195E-02 -0.862526280600E-02 -0.873375577719E-02 -0.884361340988E-02
 -0.895485287352E-02 -0.906749155134E-02 -0.918154704498E-02 -0.929703717703E-02
 -0.941397999440E-02 -0.953239377008E-02 -0.965229700714E-02 -0.977370844036E-02
 -0.989664704065E-02 -0.100211320182E-01 -0.101471828241E-01 -0.102748191528E-01
 -0.104040609495E-01 -0.105349284074E-01 -0.106674419753E-01 -0.108016223589E-01
 -0.109374905237E-01 -0.110750677001E-01 -0.112143753839E-01 -0.113554353432E-01
 -0.114982696177E-01 -0.116429005264E-01 -0.117893506684E-01 -0.119376429259E-01
 -0.120878004709E-01 -0.122398467649E-01 -0.123938055656E-01 -0.125497009302E-01
 -0.127075572170E-01 -0.128673990911E-01 -0.130292515288E-01 -0.131931398192E-01
 -0.133590895709E-01 -0.135271267133E-01 -0.136972775027E-01 -0.138695685259E-01
 -0.140440267028E-01 -0.142206792938E-01 -0.143995539008E-01 -0.145806784738E-01
 -0.147640813130E-01 -0.149497910758E-01 -0.151378367798E-01 -0.153282478077E-01
 -0.155210539122E-01 -0.157162852180E-01 -0.159139722319E-01 -0.161141458417E-01
 -0.163168373264E-01 -0.165220783551E-01 -0.167299009989E-01 -0.169403377292E-01
 -0.171534214286E-01 -0.173691853901E-01 -0.175876633290E-01 -0.178088893807E-01
 -0.180328981147E-01 -0.182597245321E-01 -0.184894040734E-01 -0.187219726284E-01
 -0.189574665354E-01 -0.191959225911E-01 -0.194373780546E-01 -0.196818706540E-01
 -0.199294385923E-01 -0.201801205515E-01 -0.204339557016E-01 -0.206909837049E-01
 -0.209512447222E-01 -0.212147794205E-01 -0.214816289769E-01 -0.217518350882E-01
 -0.220254399728E-01 -0.223024863841E-01 -0.225830176092E-01 -0.228670774845E-01
 -0.231547103915E-01 -0.234459612764E-01 -0.237408756448E-01 -0.240394995814E-01
 -0.243418797432E-01 -0.246480633790E-01 -0.249580983315E-01 -0.252720330442E-01
 -0.255899165682E-01 -0.259117985755E-01 -0.262377293606E-01 -0.265677598489E-01
 -0.269019416100E-01 -0.272403268601E-01 -0.275829684735E-01 -0.279299199875E-01
 -0.282812356148E-01 -0.286369702468E-01 -0.289971794721E-01 -0.293619195699E-01
 -0.297312475337E-01 -0.301052210721E-01 -0.304838986183E-01 -0.308673393414E-01
 -0.312556031562E-01 -0.316487507259E-01 -0.320468434865E-01 -0.324499436348E-01
 -0.328581141608E-01 -0.332714188382E-01 -0.336899222493E-01 -0.341136897865E-01
 -0.345427876617E-01 -0.349772829224E-01 -0.354172434644E-01 -0.358627380267E-01
 -0.363138362194E-01 -0.367706085318E-01 -0.372331263299E-01 -0.377014618870E-01
 -0.381756883798E-01 -0.386558799088E-01 -0.391421115009E-01 -0.396344591357E-01
 -0.401329997400E-01 -0.406378112146E-01 -0.411489724359E-01 -0.416665632727E-01
 -0.421906646031E-01
Up potential follows (l on next line)
 1
  -45.9674546467      -46.0799253506      -45.9222027527      -46.0278673492    
  -45.9910162337      -46.0019438982      -45.9915069236      -45.9966403797    
  -45.9944230939      -45.9941461778      -45.9935872455      -45.9930706389    
  -45.9925500754      -45.9920502483      -45.9915600168      -45.9910849780    
  -45.9906238279      -45.9901778336      -45.9897474704      -45.9893334729    
  -45.9889365317      -45.9885573714      -45.9881967253      -45.9878553391    
  -45.9875339652      -45.9872333602      -45.9869542808      -45.9866974798    
  -45.9864637022      -45.9862536804      -45.9860681289      -45.9859077403    
  -45.9857731787      -45.9856650752      -45.9855840210      -45.9855305625    
  -45.9855051945      -45.9855083542      -45.9855404153      -45.9856016814    
  -45.9856923805      -45.9858126587      -45.9859625752      -45.9861420965    
  -45.9863510922      -45.9865893305      -45.9868564744      -45.9871520789    
  -45.9874755890      -45.9878263377      -45.9882035458      -45.9886063222    
  -45.9890336652      -45.9894844647      -45.9899575052      -45.9904514703    
  -45.9909649477      -45.9914964351      -45.9920443473      -45.9926070235    
  -45.9931827359      -45.9937696985      -45.9943660765      -45.9949699964    
  -45.9955795555      -45.9961928328      -45.9968078988      -45.9974228257    
  -45.9980356976      -45.9986446200      -45.9992477288      -45.9998431995    
  -46.0004292548      -46.0010041722      -46.0015662910      -46.0021140178    
  -46.0026458322      -46.0031602906      -46.0036560302      -46.0041317715    
  -46.0045863207      -46.0050185702      -46.0054274997      -46.0058121760    
  -46.0061717519      -46.0065054651      -46.0068126361      -46.0070926663    
  -46.0073450348      -46.0075692957      -46.0077650745      -46.0079320646    
  -46.0080700239      -46.0081787704      -46.0082581786      -46.0083081754    
  -46.0083287362      -46.0083198809      -46.0082816700      -46.0082142010    
  -46.0081176042      -46.0079920397      -46.0078376939      -46.0076547758    
  -46.0074435144      -46.0072041556      -46.0069369593      -46.0066421969    
  -46.0063201490      -46.0059711030      -46.0055953511      -46.0051931884    
  -46.0047649111      -46.0043108148      -46.0038311933      -46.0033263371    
  -46.0027965322      -46.0022420591      -46.0016631917      -46.0010601969    
  -46.0004333333      -45.9997828507      -45.9991089901      -45.9984119822    
  -45.9976920481      -45.9969493981      -45.9961842320      -45.9953967383    
  -45.9945870948      -45.9937554678      -45.9929020124      -45.9920268723    
  -45.9911301799      -45.9902120561      -45.9892726108      -45.9883119424    
  -45.9873301382      -45.9863272747      -45.9853034173      -45.9842586205    
  -45.9831929285      -45.9821063748      -45.9809989825      -45.9798707648    
  -45.9787217246      -45.9775518553      -45.9763611403      -45.9751495538    
  -45.9739170604      -45.9726636158      -45.9713891666      -45.9700936506    
  -45.9687769969      -45.9674391262      -45.9660799507      -45.9646993747    
  -45.9632972940      -45.9618735969      -45.9604281637      -45.9589608673    
  -45.9574715727      -45.9559601379      -45.9544264134      -45.9528702426    
  -45.9512914620      -45.9496899008      -45.9480653818      -45.9464177207    
  -45.9447467266      -45.9430522020      -45.9413339431      -45.9395917393    
  -45.9378253739      -45.9360346239      -45.9342192597      -45.9323790460    
  -45.9305137410      -45.9286230969      -45.9267068598      -45.9247647699    
  -45.9227965613      -45.9208019622      -45.9187806947      -45.9167324752    
  -45.9146570142      -45.9125540161      -45.9104231797      -45.9082641978    
  -45.9060767573      -45.9038605393      -45.9016152191      -45.8993404662    
  -45.8970359439      -45.8947013101      -45.8923362164      -45.8899403087    
  -45.8875132271      -45.8850546055      -45.8825640719      -45.8800412484    
  -45.8774857511      -45.8748971899      -45.8722751688      -45.8696192855    
  -45.8669291318      -45.8642042931      -45.8614443485      -45.8586488712    
  -45.8558174276      -45.8529495781      -45.8500448765      -45.8471028703    
  -45.8441231002      -45.8411051005      -45.8380483990      -45.8349525166    
  -45.8318169674      -45.8286412590      -45.8254248918      -45.8221673595    
  -45.8188681485      -45.8155267385      -45.8121426017      -45.8087152034    
  -45.8052440012      -45.8017284458      -45.7981679802      -45.7945620398    
  -45.7909100526      -45.7872114388      -45.7834656109      -45.7796719733    
  -45.7758299229      -45.7719388483      -45.7679981299      -45.7640071402    
  -45.7599652431      -45.7558717942      -45.7517261408      -45.7475276215    
  -45.7432755660      -45.7389692956      -45.7346081225      -45.7301913500    
  -45.7257182722      -45.7211881742      -45.7166003317      -45.7119540110    
  -45.7072484689      -45.7024829526      -45.6976566997      -45.6927689376    
  -45.6878188841      -45.6828057468      -45.6777287231      -45.6725870001    
  -45.6673797545      -45.6621061524      -45.6567653493      -45.6513564899    
  -45.6458787080      -45.6403311262      -45.6347128562      -45.6290229981    
  -45.6232606410      -45.6174248619      -45.6115147266      -45.6055292888    
  -45.5994675902      -45.5933286608      -45.5871115178      -45.5808151666    
  -45.5744385996      -45.5679807970      -45.5614407258      -45.5548173405    
  -45.5481095820      -45.5413163786      -45.5344366447      -45.5274692816    
  -45.5204131766      -45.5132672035      -45.5060302220      -45.4987010777    
  -45.4912786019      -45.4837616117      -45.4761489094      -45.4684392828    
  -45.4606315047      -45.4527243329      -45.4447165102      -45.4366067638    
  -45.4283938058      -45.4200763321      -45.4116530234      -45.4031225442    
  -45.3944835427      -45.3857346513      -45.3768744854      -45.3679016444    
  -45.3588147106      -45.3496122496      -45.3402928097      -45.3308549222    
  -45.3212971011      -45.3116178427      -45.3018156257      -45.2918889110    
  -45.2818361414      -45.2716557417      -45.2613461183      -45.2509056592    
  -45.2403327339      -45.2296256928      -45.2187828678      -45.2078025716    
  -45.1966830976      -45.1854227200      -45.1740196934      -45.1624722528    
  -45.1507786135      -45.1389369708      -45.1269455000      -45.1148023562    
  -45.1025056742      -45.0900535683      -45.0774441323      -45.0646754393    
  -45.0517455414      -45.0386524701      -45.0253942355      -45.0119688267    
  -44.9983742117      -44.9846083367      -44.9706691268      -44.9565544854    
  -44.9422622941      -44.9277904128      -44.9131366798      -44.8982989112    
  -44.8832749011      -44.8680624217      -44.8526592230      -44.8370630327    
  -44.8212715565      -44.8052824777      -44.7890934571      -44.7727021333    
  -44.7561061226      -44.7393030188      -44.7222903931      -44.7050657945    
  -44.6876267496      -44.6699707624      -44.6520953144      -44.6339978651    
  -44.6156758513      -44.5971266876      -44.5783477664      -44.5593364577    
  -44.5400901096      -44.5206060480      -44.5008815767      -44.4809139779    
  -44.4607005117      -44.4402384168      -44.4195249101      -44.3985571873    
  -44.3773324228      -44.3558477697      -44.3341003603      -44.3120873063    
  -44.2898056983      -44.2672526072      -44.2444250831      -44.2213201565    
  -44.1979348381      -44.1742661192      -44.1503109718      -44.1260663489    
  -44.1015291849      -44.0766963958      -44.0515648797      -44.0261315166    
  -44.0003931695      -43.9743466839      -43.9479888888      -43.9213165968    
  -43.8943266045      -43.8670156928      -43.8393806275      -43.8114181596    
  -43.7831250255      -43.7544979479      -43.7255336358      -43.6962287854    
  -43.6665800798      -43.6365841906      -43.6062377771      -43.5755374879    
  -43.5444799608      -43.5130618232      -43.4812796932      -43.4491301795    
  -43.4166098823      -43.3837153936      -43.3504432979      -43.3167901729    
  -43.2827525894      -43.2483271126      -43.2135103022      -43.1782987130    
  -43.1426888957      -43.1066773971      -43.0702607609      -43.0334355281    
  -42.9961982376      -42.9585454267      -42.9204736316      -42.8819793883    
  -42.8430592325      -42.8037097003      -42.7639273291      -42.7237086577    
  -42.6830502267      -42.6419485793      -42.6004002615      -42.5584018224    
  -42.5159498152      -42.4730407967      -42.4296713285      -42.3858379770    
  -42.3415373134      -42.2967659148      -42.2515203636      -42.2057972485    
  -42.1595931641      -42.1129047116      -42.0657284987      -42.0180611398    
  -41.9698992561      -41.9212394757      -41.8720784337      -41.8224127720    
  -41.7722391397      -41.7215541925      -41.6703545933      -41.6186370113    
  -41.5663981227      -41.5136346097      -41.4603431611      -41.4065204714    
  -41.3521632409      -41.2972681755      -41.2418319861      -41.1858513886    
  -41.1293231032      -41.0722438544      -41.0146103706      -40.9564193835    
  -40.8976676277      -40.8383518409      -40.7784687627      -40.7180151349    
  -40.6569877010      -40.5953832056      -40.5331983945      -40.4704300142    
  -40.4070748117      -40.3431295347      -40.2785909308      -40.2134557481    
  -40.1477207349      -40.0813826399      -40.0144382121      -39.9468842018    
  -39.8787173599      -39.8099344393      -39.7405321950      -39.6705073847    
  -39.5998567699      -39.5285771167      -39.4566651963      -39.3841177869    
  -39.3109316742      -39.2371036533      -39.1626305293      -39.0875091194    
  -39.0117362540      -38.9353087783      -38.8582235537      -38.7804774591    
  -38.7020673926      -38.6229902720      -38.5432430368      -38.4628226478    
  -38.3817260887      -38.2999503651      -38.2174925050      -38.1343495572    
  -38.0505185902      -37.9659966896      -37.8807809554      -37.7948684973    
  -37.7082564305      -37.6209418689      -37.5329219185      -37.4441936681    
  -37.3547541806      -37.2646004810      -37.1737295448      -37.0821382843    
  -36.9898235345      -36.8967820373      -36.8030104265      -36.7085052111    
  -36.6132627607      -36.5172792901      -36.4205508477      -36.3230733049    
  -36.2248423509      -36.1258534924      -36.0261020596      -35.9255832220    
  -35.8242920145      -35.7222233757      -35.6193722027      -35.5157334216    
  -35.4113020798      -35.3060734585      -35.2000432100      -35.0932075202    
  -34.9855632968      -34.8771083847      -34.7678418015      -34.6577640019    
  -34.5468771564      -34.4351854308      -34.3226952853      -34.2094157564    
  -34.0953587142      -33.9805390933      -33.8649750681      -33.7486881645    
  -33.6317032900      -33.5140486680      -33.3957556656      -33.2768585063    
  -33.1573938637      -33.0374003387      -32.9169178279      -32.7959867950    
  -32.6746474661      -32.5529389707      -32.4308984555      -32.3085602013    
  -32.1859547720      -32.0631082254      -31.9400414151      -31.8167694090    
  -31.6933010486      -31.5696386694      -31.4457779999      -31.3217082522    
  -31.1974124093      -31.0728677114      -30.9480463299      -30.8229162103    
  -30.6974420523      -30.5715863868      -30.4453106980      -30.3185765373    
  -30.1913465724      -30.0635855218      -29.9352609331      -29.8063437789    
  -29.6768088573      -29.5466350001      -29.4158051072      -29.2843060315    
  -29.1521283510      -29.0192660609      -28.8857162230      -28.7514786004    
  -28.6165553041      -28.4809504675      -28.3446699608      -28.2077211503    
  -28.0701127029      -27.9318544316      -27.7929571766      -27.6534327147    
  -27.5132936895      -27.3725535553      -27.2312265278      -27.0893275377    
  -26.9468721821      -26.8038766715      -26.6603577717      -26.5163327374    
  -26.3718192412      -26.2268352951      -26.0813991679      -25.9355292987    
  -25.7892442072      -25.6425624041      -25.4955022997      -25.3480821154    
  -25.2003197955      -25.0522329232      -24.9038386394      -24.7551535663    
  -24.6061937359      -24.4569745230      -24.3075105851      -24.1578158085    
  -24.0079032599      -23.8577851470      -23.7074727853      -23.5569765743    
  -23.4063059812      -23.2554695351      -23.1044748303      -22.9533285405    
  -22.8020364444      -22.6506034620      -22.4990337044      -22.3473305360    
  -22.1954966491      -22.0435341525      -21.8914446730      -21.7392294698    
  -21.5868895603      -21.4344258574      -21.2818393147      -21.1291310782    
  -20.9763026405      -20.8233559928      -20.6702937698      -20.5171193794    
  -20.3638371106      -20.2104522081      -20.0569709048      -19.9034003975    
  -19.7497487544      -19.5960247391      -19.4422375347      -19.2883963584    
  -19.1345099434      -18.9805858911      -18.8266298736      -18.6726446815    
  -18.5186291479      -18.3645769413      -18.2104752711      -18.0563035726    
  -17.9020322467      -17.7476215851      -17.5930210489      -17.4381691268    
  -17.2829940563      -17.1274157533      -16.9713493436      -16.8147107040    
  -16.6574243832      -16.4994341428      -16.3407161058      -16.1812941011    
  -16.0212562437      -15.8607711369      -15.7001014162      -15.5396118228    
  -15.3797687737      -15.2211286378      -15.0643127176      -14.9099682859    
  -14.7587168528      -14.6110930878      -14.4674804012      -14.3280518912    
  -14.1927275593      -14.0611591854      -13.9327515334      -13.8067218080    
  -13.6821896035      -13.5582803429      -13.4342206808      -13.3094070564    
  -13.1834374635      -13.0561074394      -12.9273797106      -12.7973403885    
  -12.6661534010      -12.5340209983      -12.4011539182      -12.2677515331    
  -12.1339904610      -12.0000194767      -11.8659586672      -11.7319011974    
  -11.5979165344      -11.4640543703      -11.3303487657      -11.1968222073    
  -11.0634893838      -10.9303605464      -10.7974443701      -10.6647502677    
  -10.5322901496      -10.4000796462      -10.2681388441      -10.1364925988    
  -10.0051705009      -9.87420657576      -9.74363879125      -9.61350844261    
  -9.48385947183      -9.35473776801      -9.22619048357      -9.09826539103    
  -8.97101029633      -8.84447251755      -8.71869843244      -8.59373309456    
  -8.46961991477      -8.34640040371      -8.22411396976      -8.10279776671    
  -7.98248658589      -7.86321278723      -7.74500626490      -7.62789444309    
  -7.51190229855      -7.39705240668      -7.28336500848      -7.17085809617    
  -7.05954751532      -6.94944708182      -6.84056871188      -6.73292256361    
  -6.62651718822      -6.52135968988      -6.41745589020      -6.31481050085    
  -6.21342729233      -6.11330926395      -6.01445881898      -5.91687791803    
  -5.82056823368      -5.72553128807      -5.63176856919      -5.53928163902    
  -5.44807220014      -5.35814214147      -5.26949355524      -5.18212871275    
  -5.09605000749      -5.01125985904      -4.92776057984      -4.84555420634    
  -4.76464229712      -4.68502570504      -4.60670432695      -4.52967684257    
  -4.45394045604      -4.37949064496      -4.30632093879      -4.23442274190    
  -4.16378521558      -4.09439524129      -4.02623748274      -3.95929456667    
  -3.89354740062      -3.82897564378      -3.76555834314      -3.70327474096    
  -3.64210525077      -3.58203258620      -3.52304301172      -3.46512766366    
  -3.40828386811      -3.35251635755      -3.29783826628      -3.24427176691    
  -3.19184820400      -3.14060758949      -3.09059735400      -3.04187030027    
  -2.99448178010      -2.94848620722      -2.90393311666      -2.86086306914    
  -2.81930376138      -2.77926672211      -2.74074494104      -2.70371169143    
  -2.66812067801      -2.63390749044      -2.60099219373      -2.56928276688    
  -2.53867902797      -2.50907666659      -2.48037103931      -2.45246045855    
  -2.42524880124      -2.39864736296      -2.37257597008      -2.34696342821    
  -2.32174742571      -2.29687402784      -2.27229689560      -2.24797634793    
  -2.22387836454      -2.19997360221      -2.17623647444      -2.15264432525    
  -2.12917671171      -2.10581479961      -2.08254086853      -2.05933791919    
  -2.03618937370      -2.01307885955      -1.98999006924      -1.96690668865    
  -1.94381238942      -1.92069088174      -1.89752602551      -1.87430199835    
  -1.85100351928      -1.82761612607      -1.80412650349      -1.78052285773    
  -1.75679532975      -1.73293643803      -1.70894153786      -1.68480928155    
  -1.66054206144      -1.63614641544      -1.61163337389      -1.58701872646    
  -1.56232318975      -1.53757245740      -1.51279712398      -1.48803246363    
  -1.46331808499      -1.43869743932      -1.41421719772      -1.38992655161    
  -1.36587640128      -1.34211848372      -1.31870447591      -1.29568507841    
  -1.27310911704      -1.25102268037      -1.22946831400      -1.20848428708    
  -1.18810394337      -1.16835514520      -1.14925981539      -1.13083357924    
  -1.11308550656      -1.09601795178      -1.07962648939      -1.06389994101    
  -1.04882049066      -1.03436388455      -1.02049971207      -1.00719176518    
 -0.994398473227     -0.982073410374     -0.970165872417     -0.958621518953    
 -0.947383075725     -0.936391090425     -0.925584733295     -0.914902631793    
 -0.904283726363     -0.893668132244     -0.882997990468     -0.872218289869    
 -0.861277641319     -0.850128985586     -0.838730217314     -0.827044709655    
 -0.815041726914     -0.802696716177     -0.789991472962     -0.776914180208    
 -0.763459324321     -0.749627495913     -0.735425086488     -0.720863895059    
 -0.705960660775     -0.690736538710     -0.675216536347     -0.659428927771    
 -0.643404661517     -0.627176776362     -0.610779837403     -0.594249402548    
 -0.577621527332     -0.560932313744     -0.544217506730     -0.527512140184    
 -0.510850232641     -0.494264531606     -0.477786304382     -0.461445172478    
 -0.445268986168     -0.429283735381     -0.413513493001     -0.397980386580    
 -0.382704594619     -0.367704363720     -0.352996043155     -0.338594133711    
 -0.324511347928     -0.310758679201     -0.297345477493     -0.284279529715    
 -0.271567143119     -0.259213230276     -0.247221394486     -0.235594014638    
 -0.224332328764     -0.213436515653     -0.202905774078     -0.192738399261    
 -0.182931856350     -0.173482850731     -0.164387395096     -0.155640873216    
 -0.147238100452     -0.139173381029     -0.131440562163     -0.124033085127    
 -0.116944033366     -0.110166177779     -0.103692019287     -0.975138288139E-01
 -0.916236848023E-01 -0.860135083826E-01 -0.806750963155E-01 -0.756001518153E-01
 -0.707803133606E-01 -0.662071815952E-01 -0.618723444055E-01 -0.577674002701E-01
 -0.538839799544E-01 -0.502137666334E-01 -0.467485145045E-01 -0.434800659673E-01
 -0.404003674184E-01 -0.375014837281E-01 -0.347756114503E-01 -0.322150908112E-01
 -0.298124165355E-01 -0.275602475441E-01 -0.254514155780E-01 -0.234789327833E-01
 -0.216359983040E-01 -0.199160039230E-01 -0.183125387887E-01 -0.168193932701E-01
 -0.154305619812E-01 -0.141402460055E-01 -0.129428543813E-01 -0.118330048609E-01
 -0.108055241483E-01 -0.985544642240E-02 -0.897801603950E-02 -0.816867145956E-02
 -0.742309112239E-02 -0.742383337564E-02 -0.751719996831E-02 -0.761176107764E-02
 -0.770750556757E-02 -0.780445540518E-02 -0.790262436138E-02 -0.800202798357E-02
 -0.810268183274E-02 -0.820460166713E-02 -0.830780343544E-02 -0.841230328019E-02
 -0.851811754195E-02 -0.862526280600E-02 -0.873375577719E-02 -0.884361340988E-02
 -0.895485287352E-02 -0.906749155134E-02 -0.918154704498E-02 -0.929703717703E-02
 -0.941397999440E-02 -0.953239377008E-02 -0.965229700714E-02 -0.977370844036E-02
 -0.989664704065E-02 -0.100211320182E-01 -0.101471828241E-01 -0.102748191528E-01
 -0.104040609495E-01 -0.105349284074E-01 -0.106674419753E-01 -0.108016223589E-01
 -0.109374905237E-01 -0.110750677001E-01 -0.112143753839E-01 -0.113554353432E-01
 -0.114982696177E-01 -0.116429005264E-01 -0.117893506684E-01 -0.119376429259E-01
 -0.120878004709E-01 -0.122398467649E-01 -0.123938055656E-01 -0.125497009302E-01
 -0.127075572170E-01 -0.128673990911E-01 -0.130292515288E-01 -0.131931398192E-01
 -0.133590895709E-01 -0.135271267133E-01 -0.136972775027E-01 -0.138695685259E-01
 -0.140440267028E-01 -0.142206792938E-01 -0.143995539008E-01 -0.145806784738E-01
 -0.147640813130E-01 -0.149497910758E-01 -0.151378367798E-01 -0.153282478077E-01
 -0.155210539122E-01 -0.157162852180E-01 -0.159139722319E-01 -0.161141458417E-01
 -0.163168373264E-01 -0.165220783551E-01 -0.167299009989E-01 -0.169403377292E-01
 -0.171534214286E-01 -0.173691853901E-01 -0.175876633290E-01 -0.178088893807E-01
 -0.180328981147E-01 -0.182597245321E-01 -0.184894040734E-01 -0.187219726284E-01
 -0.189574665354E-01 -0.191959225911E-01 -0.194373780546E-01 -0.196818706540E-01
 -0.199294385923E-01 -0.201801205515E-01 -0.204339557016E-01 -0.206909837049E-01
 -0.209512447222E-01 -0.212147794205E-01 -0.214816289769E-01 -0.217518350882E-01
 -0.220254399728E-01 -0.223024863841E-01 -0.225830176092E-01 -0.228670774845E-01
 -0.231547103915E-01 -0.234459612764E-01 -0.237408756448E-01 -0.240394995814E-01
 -0.243418797432E-01 -0.246480633790E-01 -0.249580983315E-01 -0.252720330442E-01
 -0.255899165682E-01 -0.259117985755E-01 -0.262377293606E-01 -0.265677598489E-01
 -0.269019416100E-01 -0.272403268601E-01 -0.275829684735E-01 -0.279299199875E-01
 -0.282812356148E-01 -0.286369702468E-01 -0.289971794721E-01 -0.293619195699E-01
 -0.297312475337E-01 -0.301052210721E-01 -0.304838986183E-01 -0.308673393414E-01
 -0.312556031562E-01 -0.316487507259E-01 -0.320468434865E-01 -0.324499436348E-01
 -0.328581141608E-01 -0.332714188382E-01 -0.336899222493E-01 -0.341136897865E-01
 -0.345427876617E-01 -0.349772829224E-01 -0.354172434644E-01 -0.358627380267E-01
 -0.363138362194E-01 -0.367706085318E-01 -0.372331263299E-01 -0.377014618870E-01
 -0.381756883798E-01 -0.386558799088E-01 -0.391421115009E-01 -0.396344591357E-01
 -0.401329997400E-01 -0.406378112146E-01 -0.411489724359E-01 -0.416665632727E-01
 -0.421906646031E-01
