 Raios
  0.135560278850E-05  0.272825696098E-05  0.411817699745E-05  0.552558007575E-05
  0.695068610546E-05  0.839371776231E-05  0.985490052292E-05  0.113344627001E-04
  0.128326354784E-04  0.143496529504E-04  0.158857521532E-04  0.174411731053E-04
  0.190161588445E-04  0.206109554655E-04  0.222258121586E-04  0.238609812482E-04
  0.255167182331E-04  0.271932818253E-04  0.288909339915E-04  0.306099399932E-04
  0.323505684286E-04  0.341130912743E-04  0.358977839283E-04  0.377049252524E-04
  0.395347976160E-04  0.413876869405E-04  0.432638827436E-04  0.451636781846E-04
  0.470873701105E-04  0.490352591021E-04  0.510076495210E-04  0.530048495572E-04
  0.550271712773E-04  0.570749306731E-04  0.591484477113E-04  0.612480463830E-04
  0.633740547549E-04  0.655268050201E-04  0.677066335501E-04  0.699138809477E-04
  0.721488920997E-04  0.744120162312E-04  0.767036069599E-04  0.790240223516E-04
  0.813736249758E-04  0.837527819627E-04  0.861618650605E-04  0.886012506933E-04
  0.910713200201E-04  0.935724589942E-04  0.961050584237E-04  0.986695140324E-04
  0.101266226522E-03  0.103895601633E-03  0.106558050212E-03  0.109253988271E-03
  0.111983837057E-03  0.114748023113E-03  0.117546978350E-03  0.120381140109E-03
  0.123250951235E-03  0.126156860141E-03  0.129099320881E-03  0.132078793221E-03
  0.135095742710E-03  0.138150640752E-03  0.141243964680E-03  0.144376197834E-03
  0.147547829630E-03  0.150759355644E-03  0.154011277681E-03  0.157304103863E-03
  0.160638348699E-03  0.164014533172E-03  0.167433184818E-03  0.170894837808E-03
  0.174400033033E-03  0.177949318185E-03  0.181543247849E-03  0.185182383583E-03
  0.188867294010E-03  0.192598554904E-03  0.196376749282E-03  0.200202467495E-03
  0.204076307319E-03  0.207998874050E-03  0.211970780596E-03  0.215992647576E-03
  0.220065103416E-03  0.224188784443E-03  0.228364334993E-03  0.232592407503E-03
  0.236873662618E-03  0.241208769293E-03  0.245598404897E-03  0.250043255320E-03
  0.254544015078E-03  0.259101387425E-03  0.263716084460E-03  0.268388827237E-03
  0.273120345883E-03  0.277911379707E-03  0.282762677318E-03  0.287674996740E-03
  0.292649105535E-03  0.297685780916E-03  0.302785809874E-03  0.307949989299E-03
  0.313179126105E-03  0.318474037355E-03  0.323835550389E-03  0.329264502955E-03
  0.334761743338E-03  0.340328130493E-03  0.345964534179E-03  0.351671835095E-03
  0.357450925020E-03  0.363302706947E-03  0.369228095229E-03  0.375228015721E-03
  0.381303405922E-03  0.387455215124E-03  0.393684404560E-03  0.399991947553E-03
  0.406378829671E-03  0.412846048876E-03  0.419394615684E-03  0.426025553322E-03
  0.432739897888E-03  0.439538698512E-03  0.446423017520E-03  0.453393930601E-03
  0.460452526974E-03  0.467599909560E-03  0.474837195151E-03  0.482165514588E-03
  0.489586012937E-03  0.497099849664E-03  0.504708198822E-03  0.512412249232E-03
  0.520213204666E-03  0.528112284040E-03  0.536110721602E-03  0.544209767122E-03
  0.552410686094E-03  0.560714759928E-03  0.569123286153E-03  0.577637578617E-03
  0.586258967696E-03  0.594988800500E-03  0.603828441083E-03  0.612779270656E-03
  0.621842687806E-03  0.631020108709E-03  0.640312967356E-03  0.649722715775E-03
  0.659250824259E-03  0.668898781593E-03  0.678668095292E-03  0.688560291829E-03
  0.698576916881E-03  0.708719535566E-03  0.718989732689E-03  0.729389112988E-03
  0.739919301388E-03  0.750581943253E-03  0.761378704642E-03  0.772311272571E-03
  0.783381355276E-03  0.794590682480E-03  0.805941005662E-03  0.817434098335E-03
  0.829071756317E-03  0.840855798016E-03  0.852788064713E-03  0.864870420848E-03
  0.877104754314E-03  0.889492976751E-03  0.902037023843E-03  0.914738855624E-03
  0.927600456780E-03  0.940623836963E-03  0.953811031103E-03  0.967164099725E-03
  0.980685129274E-03  0.994376232437E-03  0.100823954848E-02  0.102227724357E-02
  0.103649151113E-02  0.105088457216E-02  0.106545867561E-02  0.108021609872E-02
  0.109515914736E-02  0.111029015642E-02  0.112561149013E-02  0.114112554250E-02
  0.115683473763E-02  0.117274153011E-02  0.118884840540E-02  0.120515788025E-02
  0.122167250303E-02  0.123839485420E-02  0.125532754665E-02  0.127247322615E-02
  0.128983457175E-02  0.130741429619E-02  0.132521514635E-02  0.134323990364E-02
  0.136149138446E-02  0.137997244065E-02  0.139868595991E-02  0.141763486627E-02
  0.143682212052E-02  0.145625072073E-02  0.147592370264E-02  0.149584414020E-02
  0.151601514602E-02  0.153643987185E-02  0.155712150912E-02  0.157806328935E-02
  0.159926848475E-02  0.162074040868E-02  0.164248241616E-02  0.166449790442E-02
  0.168679031344E-02  0.170936312645E-02  0.173221987049E-02  0.175536411697E-02
  0.177879948224E-02  0.180252962812E-02  0.182655826249E-02  0.185088913986E-02
  0.187552606201E-02  0.190047287848E-02  0.192573348727E-02  0.195131183541E-02
  0.197721191956E-02  0.200343778667E-02  0.202999353457E-02  0.205688331266E-02
  0.208411132252E-02  0.211168181859E-02  0.213959910880E-02  0.216786755529E-02
  0.219649157507E-02  0.222547564070E-02  0.225482428099E-02  0.228454208173E-02
  0.231463368638E-02  0.234510379683E-02  0.237595717409E-02  0.240719863905E-02
  0.243883307327E-02  0.247086541969E-02  0.250330068342E-02  0.253614393255E-02
  0.256940029889E-02  0.260307497883E-02  0.263717323409E-02  0.267170039261E-02
  0.270666184932E-02  0.274206306702E-02  0.277790957721E-02  0.281420698100E-02
  0.285096094993E-02  0.288817722687E-02  0.292586162695E-02  0.296402003842E-02
  0.300265842363E-02  0.304178281990E-02  0.308139934048E-02  0.312151417555E-02
  0.316213359313E-02  0.320326394008E-02  0.324491164312E-02  0.328708320976E-02
  0.332978522941E-02  0.337302437435E-02  0.341680740078E-02  0.346114114988E-02
  0.350603254890E-02  0.355148861220E-02  0.359751644240E-02  0.364412323142E-02
  0.369131626168E-02  0.373910290719E-02  0.378749063470E-02  0.383648700490E-02
  0.388609967357E-02  0.393633639278E-02  0.398720501214E-02  0.403871347995E-02
  0.409086984453E-02  0.414368225542E-02  0.419715896466E-02  0.425130832809E-02
  0.430613880667E-02  0.436165896777E-02  0.441787748652E-02  0.447480314718E-02
  0.453244484451E-02  0.459081158514E-02  0.464991248898E-02  0.470975679068E-02
  0.477035384103E-02  0.483171310844E-02  0.489384418042E-02  0.495675676508E-02
  0.502046069264E-02  0.508496591696E-02  0.515028251712E-02  0.521642069897E-02
  0.528339079674E-02  0.535120327463E-02  0.541986872849E-02  0.548939788744E-02
  0.555980161554E-02  0.563109091353E-02  0.570327692049E-02  0.577637091565E-02
  0.585038432008E-02  0.592532869853E-02  0.600121576122E-02  0.607805736565E-02
  0.615586551847E-02  0.623465237737E-02  0.631443025296E-02  0.639521161069E-02
  0.647700907282E-02  0.655983542036E-02  0.664370359510E-02  0.672862670161E-02
  0.681461800930E-02  0.690169095448E-02  0.698985914249E-02  0.707913634978E-02
  0.716953652609E-02  0.726107379664E-02  0.735376246432E-02  0.744761701190E-02
  0.754265210437E-02  0.763888259114E-02  0.773632350843E-02  0.783499008157E-02
  0.793489772742E-02  0.803606205675E-02  0.813849887670E-02  0.824222419322E-02
  0.834725421361E-02  0.845360534902E-02  0.856129421704E-02  0.867033764426E-02
  0.878075266895E-02  0.889255654367E-02  0.900576673802E-02  0.912040094131E-02
  0.923647706537E-02  0.935401324733E-02  0.947302785246E-02  0.959353947703E-02
  0.971556695124E-02  0.983912934211E-02  0.996424595653E-02  0.100909363442E-01
  0.102192203008E-01  0.103491178709E-01  0.104806493514E-01  0.106138352941E-01
  0.107486965098E-01  0.108852540708E-01  0.110235293144E-01  0.111635438465E-01
  0.113053195446E-01  0.114488785614E-01  0.115942433284E-01  0.117414365590E-01
  0.118904812526E-01  0.120414006976E-01  0.121942184755E-01  0.123489584645E-01
  0.125056448429E-01  0.126643020933E-01  0.128249550063E-01  0.129876286842E-01
  0.131523485450E-01  0.133191403266E-01  0.134880300905E-01  0.136590442262E-01
  0.138322094549E-01  0.140075528340E-01  0.141851017613E-01  0.143648839792E-01
  0.145469275790E-01  0.147312610054E-01  0.149179130609E-01  0.151069129102E-01
  0.152982900850E-01  0.154920744882E-01  0.156882963992E-01  0.158869864780E-01
  0.160881757704E-01  0.162918957125E-01  0.164981781360E-01  0.167070552729E-01
  0.169185597609E-01  0.171327246478E-01  0.173495833973E-01  0.175691698941E-01
  0.177915184490E-01  0.180166638044E-01  0.182446411398E-01  0.184754860770E-01
  0.187092346861E-01  0.189459234908E-01  0.191855894741E-01  0.194282700844E-01
  0.196740032409E-01  0.199228273401E-01  0.201747812611E-01  0.204299043724E-01
  0.206882365373E-01  0.209498181208E-01  0.212146899956E-01  0.214828935485E-01
  0.217544706867E-01  0.220294638448E-01  0.223079159910E-01  0.225898706341E-01
  0.228753718300E-01  0.231644641888E-01  0.234571928818E-01  0.237536036486E-01
  0.240537428038E-01  0.243576572448E-01  0.246653944589E-01  0.249770025306E-01
  0.252925301494E-01  0.256120266170E-01  0.259355418554E-01  0.262631264146E-01
  0.265948314803E-01  0.269307088821E-01  0.272708111015E-01  0.276151912802E-01
  0.279639032283E-01  0.283170014327E-01  0.286745410658E-01  0.290365779939E-01
  0.294031687859E-01  0.297743707224E-01  0.301502418044E-01  0.305308407627E-01
  0.309162270665E-01  0.313064609333E-01  0.317016033378E-01  0.321017160220E-01
  0.325068615041E-01  0.329171030891E-01  0.333325048779E-01  0.337531317780E-01
  0.341790495132E-01  0.346103246340E-01  0.350470245280E-01  0.354892174305E-01
  0.359369724349E-01  0.363903595040E-01  0.368494494804E-01  0.373143140978E-01
  0.377850259922E-01  0.382616587134E-01  0.387442867362E-01  0.392329854721E-01
  0.397278312815E-01  0.402289014849E-01  0.407362743755E-01  0.412500292315E-01
  0.417702463280E-01  0.422970069501E-01  0.428303934051E-01  0.433704890358E-01
  0.439173782332E-01  0.444711464499E-01  0.450318802133E-01  0.455996671391E-01
  0.461745959453E-01  0.467567564656E-01  0.473462396638E-01  0.479431376478E-01
  0.485475436842E-01  0.491595522126E-01  0.497792588607E-01  0.504067604588E-01
  0.510421550553E-01  0.516855419320E-01  0.523370216193E-01  0.529966959123E-01
  0.536646678865E-01  0.543410419137E-01  0.550259236789E-01  0.557194201961E-01
  0.564216398257E-01  0.571326922909E-01  0.578526886951E-01  0.585817415391E-01
  0.593199647390E-01  0.600674736437E-01  0.608243850528E-01  0.615908172355E-01
  0.623668899482E-01  0.631527244540E-01  0.639484435410E-01  0.647541715419E-01
  0.655700343535E-01  0.663961594559E-01  0.672326759329E-01  0.680797144919E-01
  0.689374074843E-01  0.698058889265E-01  0.706852945204E-01  0.715757616749E-01
  0.724774295274E-01  0.733904389653E-01  0.743149326482E-01  0.752510550300E-01
  0.761989523819E-01  0.771587728147E-01  0.781306663022E-01  0.791147847049E-01
  0.801112817933E-01  0.811203132720E-01  0.821420368042E-01  0.831766120364E-01
  0.842242006230E-01  0.852849662519E-01  0.863590746698E-01  0.874466937084E-01
  0.885479933104E-01  0.896631455561E-01  0.907923246902E-01  0.919357071494E-01
  0.930934715894E-01  0.942657989133E-01  0.954528722997E-01  0.966548772311E-01
  0.978720015233E-01  0.991044353545E-01  0.100352371295      0.101616004337    
  0.102895531926      0.104191153991      0.105503072975      0.106831493869    
  0.108176624240      0.109538674269      0.110917856778      0.112314387267    
  0.113728483947      0.115160367774      0.116610262482      0.118078394621    
  0.119564993588      0.121070291669      0.122594524069      0.124137928952    
  0.125700747478      0.127283223842      0.128885605307      0.130508142251    
  0.132151088197      0.133814699858      0.135499237179      0.137204963370    
  0.138932144956      0.140681051811      0.142451957207      0.144245137850    
  0.146060873930      0.147899449157      0.149761150814      0.151646269795    
  0.153555100654      0.155487941649      0.157445094791      0.159426865889    
  0.161433564598      0.163465504471      0.165523003000      0.167606381675    
  0.169715966027      0.171852085685      0.174015074419      0.176205270203    
  0.178423015258      0.180668656112      0.182942543651      0.185245033174    
  0.187576484449      0.189937261772      0.192327734018      0.194748274703    
  0.197199262041      0.199681079006      0.202194113384      0.204738757844    
  0.207315409991      0.209924472432      0.212566352838      0.215241464009    
  0.217950223937      0.220693055870      0.223470388381      0.226282655435    
  0.229130296454      0.232013756387      0.234933485781      0.237889940850    
  0.240883583546      0.243914881631      0.246984308753      0.250092344514    
  0.253239474553      0.256426190615      0.259652990630      0.262920378793    
  0.266228865639      0.269578968127      0.272971209717      0.276406120453    
  0.279884237048      0.283406102963      0.286972268498      0.290583290874    
  0.294239734320      0.297942170162      0.301691176914      0.305487340366    
  0.309331253676      0.313223517463      0.317164739901      0.321155536815    
  0.325196531775      0.329288356194      0.333431649428      0.337627058875    
  0.341875240077      0.346176856820      0.350532581241      0.354943093930    
  0.359409084040      0.363931249389      0.368510296577      0.373146941087    
  0.377841907406      0.382595929131      0.387409749088      0.392284119446    
  0.397219801835      0.402217567467      0.407278197250      0.412402481921    
  0.417591222158      0.422845228712      0.428165322534      0.433552334897    
  0.439007107535      0.444530492766      0.450123353630      0.455786564024    
  0.461521008835      0.467327584083      0.473207197055      0.479160766455    
  0.485189222539      0.491293507265      0.497474574441      0.503733389872    
  0.510070931508      0.516488189605      0.522986166872      0.529565878632    
  0.536228352976      0.542974630932      0.549805766618      0.556722827412    
  0.563726894121      0.570819061144      0.578000436646      0.585272142732    
  0.592635315620      0.600091105821      0.607640678319      0.615285212748    
  0.623025903583      0.630863960322      0.638800607679      0.646837085769    
  0.654974650310      0.663214572812      0.671558140780      0.680006657914    
  0.688561444310      0.697223836673      0.705995188518      0.714876870388    
  0.723870270062      0.732976792779      0.742197861450      0.751534916887    
  0.760989418023      0.770562842143      0.780256685115      0.790072461620    
  0.800011705395      0.810075969466      0.820266826395      0.830585868524    
  0.841034708224      0.851614978149      0.862328331485      0.873176442218    
  0.884161005386      0.895283737349      0.906546376057      0.917950681320    
  0.929498435085      0.941191441710      0.953031528253      0.965020544751    
  0.977160364511      0.989452884407       1.00190002517       1.01450373169    
   1.02726597332       1.04018874418       1.05327406350       1.06652397587    
   1.07994055162       1.09352588711       1.10728210510       1.12121135500    
   1.13531581330       1.14959768384       1.16405919820       1.17870261602    
   1.19353022536       1.20854434306       1.22374731512       1.23914151703    
   1.25472935415       1.27051326213       1.28649570724       1.30267918675    
   1.31906622938       1.33565939562       1.35246127821       1.36947450246    
   1.38670172673       1.40414564280       1.42180897633       1.43969448724    
   1.45780497018       1.47614325496       1.49471220696       1.51351472763    
   1.53255375489       1.55183226363       1.57135326616       1.59111981267    
   1.61113499174       1.63140193076       1.65192379649       1.67270379552    
   1.69374517475       1.71505122196       1.73662526625       1.75847067860    
   1.78059087242       1.80298930403       1.82566947322       1.84863492382    
   1.87188924423       1.89543606798       1.91927907431       1.94342198874    
   1.96786858366       1.99262267888       2.01768814228       2.04306889041    
   2.06876888904       2.09479215387       2.12114275106       2.14782479797    
   2.17484246371       2.20219996985       2.22990159106       2.25795165577    
   2.28635454685       2.31511470233       2.34423661603       2.37372483830    
   2.40358397676       2.43381869693       2.46443372307       2.49543383884    
   2.52682388806       2.55860877549       2.59079346758       2.62338299327    
   2.65638244473       2.68979697818       2.72363181473       2.75789224113    
   2.79258361064       2.82771134386       2.86328092958       2.89929792560    
   2.93576795966       2.97269673028       3.01009000765       3.04795363454    
   3.08629352724       3.12511567641       3.16442614811       3.20423108467    
   3.24453670570       3.28534930902       3.32667527170       3.36852105100    
   3.41089318541       3.45379829566       3.49724308575       3.54123434403    
   3.58577894423       3.63088384652       3.67655609863       3.72280283696    
   3.76963128764       3.81704876772       3.86506268628       3.91368054558    
   3.96290994227       4.01275856854       4.06323421334       4.11434476360    
   4.16609820543       4.21850262542       4.27156621187       4.32529725608    
   4.37970415361       4.43479540567       4.49057962038       4.54706551413    
   4.60426191295       4.66217775391       4.72082208646       4.78020407391    
   4.84033299481       4.90121824443       4.96286933621       5.02529590326    
   5.08850769986       5.15251460298       5.21732661383       5.28295385942    
   5.34940659413       5.41669520135       5.48483019505       5.55382222147    
   5.62368206075       5.69442062864       5.76604897817       5.83857830142    
   5.91201993126       5.98638534307       6.06168615662       6.13793413780    
   6.21514120051       6.29331940852       6.37248097733       6.45263827610    
   6.53380382957       6.61599032002       6.69921058926       6.78347764062    
   6.86880464100       6.95520492292       7.04269198660       7.13127950208    
   7.22098131132       7.31181143042       7.40378405177       7.49691354629    
   7.59121446564       7.68670154453       7.78338970302       7.88129404882    
   7.98042987970       8.08081268582       8.18245815220       8.28538216115    
   8.38960079476       8.49513033741       8.60198727829       8.71018831403    
   8.81975035125       8.93069050924       9.04302612264       9.15677474411    
   9.27195414710       9.38858232863       9.50667751209       9.62625815009    
   9.74734292735       9.86995076361       9.99410081660       10.1198124850    
   10.2471054116       10.3759994860       10.5065148483       10.6386718918    
   10.7724912663       10.9079938812       11.0452009093       11.1841337893    
   11.3248142298       11.4672642124       11.6115059952       11.7575621163    
   11.9054553972       12.0552089466       12.2068461637       12.3603907422    
   12.5158666738       12.6732982519       12.8327100754       12.9941270528    
   13.1575744059       13.3230776735       13.4906627160       13.6603557188    
   13.8321831969       14.0061719985       14.1823493099       14.3607426590    
   14.5413799202       14.7242893185       14.9094994338       15.0970392055    
   15.2869379372       15.4792253008       15.6739313417       15.8710864832    
   16.0707215310       16.2728676786       16.4775565117       16.6848200134    
   16.8946905690       17.1072009713       17.3223844253       17.5402745539    
   17.7609054030       17.9843114466       18.2105275922       18.4395891866    
   18.6715320213       18.9063923376       19.1442068330       19.3850126665    
   19.6288474646       19.8757493268       20.1257568322       20.3789090448    
   20.6352455203       20.8948063117       21.1576319759       21.4237635800    
   21.6932427077       21.9661114654       22.2424124896       22.5221889529    
   22.8054845708       23.0923436089       23.3828108896       23.6769317989    
   23.9747522937       24.2763189093       24.5816787658       24.8908795766    
   25.2039696547       25.5209979213       25.8420139125       26.1670677878    
   26.4962103376       26.8294929909       27.1669678239       27.5086875678    
   27.8547056170       28.2050760373       28.5598535751       28.9190936649    
   29.2828524387       29.6511867347       30.0241541058       30.4018128289    
   30.7842219139       31.1714411130       31.5635309301       31.9605526300    
   32.3625682481       32.7696406001       33.1818332920       33.5992107297    
   34.0218381293       34.4497815271       34.8831077902       35.3218846268    
   35.7661805965       36.2160651215       36.6716084972       37.1328819032    
   37.5999574144       38.0729080123       38.5518075963       39.0367309956    
   39.5277539803       40.0249532739       40.5284065646       41.0381925182    
   41.5543907897       42.0770820362       42.6063479292       43.1422711675    
   43.6849354904       44.2344256901       44.7908276256       45.3542282360    
   45.9247155536       46.5023787183       47.0873079912       47.6795947685    
   48.2793315964       48.8866121849       49.5015314229       50.1241853927    
   50.7546713852       51.3930879153       52.0395347368       52.6941128583    
   53.3569245589       54.0280734045       54.7076642632       55.3958033227    
   56.0925981059       56.7981574886       57.5125917158       58.2360124192    
   58.9685326350       59.7102668207       60.4613308740       61.2218421501    
   61.9919194804       62.7716831911       63.5612551219       64.3607586449    
   65.1703186842       65.9900617353       66.8201158846       67.6606108298    
   68.5116778999       69.3734500760       70.2460620115       71.1296500541    
   72.0243522660       72.9303084463       73.8476601526       74.7765507228    
   75.7171252980       76.6695308450       77.6339161790       78.6104319871    
   79.5992308521       80.6004672756       81.6142977030       82.6408805473    
   83.6803762141       84.7329471268       85.7987577518       86.8779746240    
   87.9707663734       89.0773037508       90.1977596550       91.3323091595    
   92.4811295399       93.6444003019       94.8223032087       96.0150223102    
   97.2227439711       98.4456569004       99.6839521807       100.937823298    
   102.207466173       103.493079189       104.794863226       106.113021690    
   107.447760547       108.799288352       110.167816283       111.553558178    
   112.956730559       114.377552676       115.816246535       117.273036935    
   118.748151503    
Down potential follows (l on next line)
 1
  -45.9674578086      -46.0799203057      -45.9222107077      -46.0278676414    
  -45.9910200508      -46.0019475141      -45.9915120123      -45.9966457288    
  -45.9944292917      -45.9941530769      -45.9935948789      -45.9930790106    
  -45.9925591951      -45.9920601230      -45.9915706548      -45.9910963873    
  -45.9906360166      -45.9901908098      -45.9897612424      -45.9893480489    
  -45.9889519201      -45.9885735806      -45.9882137639      -45.9878732156    
  -45.9875526882      -45.9872529384      -45.9869747230      -45.9867187948    
  -45.9864858990      -45.9862767679      -45.9860921163      -45.9859326366    
  -45.9857989933      -45.9856918173      -45.9856117002      -45.9855591882    
  -45.9855347764      -45.9855389021      -45.9855719390      -45.9856341910    
  -45.9857258861      -45.9858471706      -45.9859981039      -45.9861786526    
  -45.9863886865      -45.9866279739      -45.9868961782      -45.9871928544    
  -45.9875174478      -45.9878692915      -45.9882476068      -45.9886515026    
  -45.9890799777      -45.9895319219      -45.9900061203      -45.9905012568    
  -45.9910159192      -45.9915486056      -45.9920977312      -45.9926616353    
  -45.9932385907      -45.9938268116      -45.9944244636      -45.9950296735    
  -45.9956405391      -45.9962551395      -45.9968715457      -45.9974878304    
  -45.9981020779      -45.9987123941      -45.9993169153      -45.9999138174    
  -46.0005013233      -46.0010777112      -46.0016413204      -46.0021905582    
  -46.0027239043      -46.0032399155      -46.0037372295      -46.0042145671    
  -46.0046707347      -46.0051046252      -46.0055152187      -46.0059015821    
  -46.0062628688      -46.0065983165      -46.0069072464      -46.0071890601    
  -46.0074432369      -46.0076693313      -46.0078669690      -46.0080358441    
  -46.0081757144      -46.0082863983      -46.0083677708      -46.0084197589    
  -46.0084423384      -46.0084355296      -46.0083993933      -46.0083340270    
  -46.0082395617      -46.0081161578      -46.0079640018      -46.0077833031    
  -46.0075742911      -46.0073372120      -46.0070723259      -46.0067799048    
  -46.0064602294      -46.0061135876      -46.0057402719      -46.0053405777    
  -46.0049148016      -46.0044632396      -46.0039861858      -46.0034839311    
  -46.0029567618      -46.0024049589      -46.0018287967      -46.0012285424    
  -46.0006044550      -45.9999567849      -45.9992857732      -45.9985916513    
  -45.9978746405      -45.9971349517      -45.9963727850      -45.9955883295    
  -45.9947817633      -45.9939532533      -45.9931029549      -45.9922310124    
  -45.9913375586      -45.9904227151      -45.9894865919      -45.9885292882    
  -45.9875508918      -45.9865514795      -45.9855311174      -45.9844898606    
  -45.9834277536      -45.9823448306      -45.9812411152      -45.9801166212    
  -45.9789713521      -45.9778053017      -45.9766184542      -45.9754107842    
  -45.9741822571      -45.9729328291      -45.9716624474      -45.9703710504    
  -45.9690585679      -45.9677249213      -45.9663700233      -45.9649937789    
  -45.9635960846      -45.9621768294      -45.9607358943      -45.9592731528    
  -45.9577884706      -45.9562817066      -45.9547527118      -45.9532013305    
  -45.9516273997      -45.9500307498      -45.9484112038      -45.9467685785    
  -45.9451026838      -45.9434133230      -45.9417002928      -45.9399633839    
  -45.9382023800      -45.9364170590      -45.9346071924      -45.9327725455    
  -45.9309128775      -45.9290279414      -45.9271174842      -45.9251812471    
  -45.9232189649      -45.9212303669      -45.9192151762      -45.9171731099    
  -45.9151038796      -45.9130071908      -45.9108827430      -45.9087302301    
  -45.9065493401      -45.9043397551      -45.9021011514      -45.8998331995    
  -45.8975355639      -45.8952079034      -45.8928498708      -45.8904611131    
  -45.8880412714      -45.8855899808      -45.8831068706      -45.8805915639    
  -45.8780436779      -45.8754628238      -45.8728486068      -45.8702006259    
  -45.8675184739      -45.8648017375      -45.8620499974      -45.8592628276    
  -45.8564397961      -45.8535804646      -45.8506843881      -45.8477511155    
  -45.8447801889      -45.8417711440      -45.8387235099      -45.8356368089    
  -45.8325105568      -45.8293442623      -45.8261374275      -45.8228895474    
  -45.8196001102      -45.8162685968      -45.8128944812      -45.8094772301    
  -45.8060163029      -45.8025111516      -45.7989612210      -45.7953659481    
  -45.7917247626      -45.7880370864      -45.7843023336      -45.7805199106    
  -45.7766892158      -45.7728096395      -45.7688805642      -45.7649013640    
  -45.7608714047      -45.7567900438      -45.7526566305      -45.7484705051    
  -45.7442309996      -45.7399374369      -45.7355891315      -45.7311853884    
  -45.7267255041      -45.7222087654      -45.7176344503      -45.7130018272    
  -45.7083101551      -45.7035586832      -45.6987466512      -45.6938732891    
  -45.6889378167      -45.6839394440      -45.6788773705      -45.6737507859    
  -45.6685588690      -45.6633007886      -45.6579757024      -45.6525827576    
  -45.6471210905      -45.6415898263      -45.6359880791      -45.6303149518    
  -45.6245695359      -45.6187509112      -45.6128581461      -45.6068902970    
  -45.6008464085      -45.5947255132      -45.5885266313      -45.5822487708    
  -45.5758909273      -45.5694520837      -45.5629312101      -45.5563272639    
  -45.5496391893      -45.5428659173      -45.5360063657      -45.5290594388    
  -45.5220240272      -45.5148990079      -45.5076832439      -45.5003755841    
  -45.4929748632      -45.4854799017      -45.4778895054      -45.4702024654    
  -45.4624175583      -45.4545335454      -45.4465491730      -45.4384631721    
  -45.4302742584      -45.4219811318      -45.4135824766      -45.4050769612    
  -45.3964632379      -45.3877399428      -45.3789056956      -45.3699590995    
  -45.3608987410      -45.3517231899      -45.3424309987      -45.3330207032    
  -45.3234908213      -45.3138398540      -45.3040662844      -45.2941685778    
  -45.2841451817      -45.2739945253      -45.2637150200      -45.2533050582    
  -45.2427630143      -45.2320872437      -45.2212760831      -45.2103278501    
  -45.1992408433      -45.1880133418      -45.1766436056      -45.1651298749    
  -45.1534703702      -45.1416632923      -45.1297068218      -45.1175991194    
  -45.1053383254      -45.0929225599      -45.0803499223      -45.0676184915    
  -45.0547263256      -45.0416714619      -45.0284519167      -45.0150656851    
  -45.0015107412      -44.9877850376      -44.9738865056      -44.9598130551    
  -44.9455625743      -44.9311329296      -44.9165219659      -44.9017275061    
  -44.8867473513      -44.8715792805      -44.8562210507      -44.8406703968    
  -44.8249250316      -44.8089826458      -44.7928409075      -44.7764974630    
  -44.7599499360      -44.7431959279      -44.7262330179      -44.7090587628    
  -44.6916706971      -44.6740663330      -44.6562431602      -44.6381986465    
  -44.6199302370      -44.6014353549      -44.5827114013      -44.5637557548    
  -44.5445657724      -44.5251387890      -44.5054721175      -44.4855630493    
  -44.4654088538      -44.4450067791      -44.4243540518      -44.4034478772    
  -44.3822854395      -44.3608639018      -44.3391804065      -44.3172320754    
  -44.2950160096      -44.2725292903      -44.2497689784      -44.2267321150    
  -44.2034157219      -44.1798168011      -44.1559323360      -44.1317592910    
  -44.1072946118      -44.0825352262      -44.0574780439      -44.0321199571    
  -44.0064578405      -43.9804885522      -43.9542089334      -43.9276158094    
  -43.9007059895      -43.8734762675      -43.8459234222      -43.8180442179    
  -43.7898354046      -43.7612937183      -43.7324158820      -43.7031986057    
  -43.6736385868      -43.6437325110      -43.6134770525      -43.5828688742    
  -43.5519046290      -43.5205809595      -43.4888944988      -43.4568418714    
  -43.4244196930      -43.3916245717      -43.3584531080      -43.3249018958    
  -43.2909675227      -43.2566465706      -43.2219356161      -43.1868312313    
  -43.1513299843      -43.1154284395      -43.0791231586      -43.0424107007    
  -43.0052876231      -42.9677504816      -42.9297958316      -42.8914202278    
  -42.8526202254      -42.8133923803      -42.7737332496      -42.7336393923    
  -42.6931073693      -42.6521337446      -42.6107150850      -42.5688479611    
  -42.5265289472      -42.4837546222      -42.4405215697      -42.3968263783    
  -42.3526656420      -42.3080359608      -42.2629339404      -42.2173561929    
  -42.1712993370      -42.1247599979      -42.0777348078      -42.0302204059    
  -41.9822134386      -41.9337105594      -41.8847084292      -41.8352037162    
  -41.7851930958      -41.7346732506      -41.6836408706      -41.6320926527    
  -41.5800253007      -41.5274355253      -41.4743200439      -41.4206755799    
  -41.3664988631      -41.3117866290      -41.2565356189      -41.2007425790    
  -41.1444042607      -41.0875174198      -41.0300788163      -40.9720852142    
  -40.9135333808      -40.8544200867      -40.7947421052      -40.7344962118    
  -40.6736791845      -40.6122878028      -40.5503188476      -40.4877691014    
  -40.4246353474      -40.3609143699      -40.2966029538      -40.2316978850    
  -40.1661959500      -40.1000939362      -40.0333886320      -39.9660768274    
  -39.8981553138      -39.8296208849      -39.7604703372      -39.6907004705    
  -39.6203080889      -39.5492900016      -39.4776430238      -39.4053639779    
  -39.3324496949      -39.2588970152      -39.1847027904      -39.1098638846    
  -39.0343771757      -38.9582395572      -38.8814479392      -38.8039992504    
  -38.7258904389      -38.6471184736      -38.5676803453      -38.4875730673    
  -38.4067936761      -38.3253392310      -38.2432068141      -38.1603935294    
  -38.0768965010      -37.9927128708      -37.9078397956      -37.8222744429    
  -37.7360139860      -37.6490555978      -37.5613964437      -37.4730336728    
  -37.3839644083      -37.2941857367      -37.2036946953      -37.1124882588    
  -37.0205633250      -36.9279166997      -36.8345450805      -36.7404450416    
  -36.6456130177      -36.5500452903      -36.4537379747      -36.3566870106    
  -36.2588881568      -36.1603369905      -36.0610289146      -35.9609591730    
  -35.8601228773      -35.7585150459      -35.6561306584      -35.5529647281    
  -35.4490123933      -35.3442690316      -35.2387303976      -35.1323927862    
  -35.0252532214      -34.9173096725      -34.8085612906      -34.6990086732    
  -34.5886541435      -34.4775020299      -34.3655589656      -34.2528341694    
  -34.1393397029      -34.0250906995      -33.9101055388      -33.7944059559    
  -33.6780170688      -33.5609673105      -33.4432882528      -33.3250143161    
  -33.2061823600      -33.0868311568      -32.9670007572      -32.8467317589    
  -32.7260645005      -32.6050382002      -32.4836900702      -32.3620544332    
  -32.2401618723      -32.1180384442      -31.9957049829      -31.8731765218    
  -31.7504618568      -31.6275632707      -31.5044764378      -31.3811905185    
  -31.2576884535      -31.1339474550      -31.0099396865      -30.8856331108    
  -30.7609924746      -30.6359803883      -30.5105584507      -30.3846883624    
  -30.2583329738      -30.1314572163      -30.0040288767      -29.8760191874    
  -29.7474032210      -29.6181600933      -29.4882729911      -29.3577290534    
  -29.2265191387      -29.0946375149      -28.9620815068      -28.8288511298    
  -28.6949487363      -28.5603786912      -28.4251470871      -28.2892615049    
  -28.1527308196      -28.0155650471      -27.8777752267      -27.7393733312    
  -27.6003721983      -27.4607854746      -27.3206275670      -27.1799135963    
  -27.0386593487      -26.8968812225      -26.7545961696      -26.6118216293    
  -26.4685754563      -26.3248758421      -26.1807412318      -26.0361902372    
  -25.8912415470      -25.7459138360      -25.6002256740      -25.4541954367    
  -25.3078412170      -25.1611807409      -25.0142312861      -24.8670096048    
  -24.7195318526      -24.5718135210      -24.4238693774      -24.2757134105    
  -24.1273587829      -23.9788177907      -23.8301018315      -23.6812213796    
  -23.5321859711      -23.3830041981      -23.2336837127      -23.0842312419    
  -22.9346526142      -22.7849527972      -22.6351359488      -22.4852054807    
  -22.3351641355      -22.1850140772      -22.0347569954      -21.8843942223    
  -21.7339268622      -21.5833559318      -21.4326825093      -21.2819078905    
  -21.1310337466      -20.9800622809      -20.8289963773      -20.6778397343    
  -20.5265969761      -20.3752737297      -20.2238766587      -20.0724134392    
  -19.9208926651      -19.7693236673      -19.6177162307      -19.4660801968    
  -19.3144249310      -19.1627586534      -19.0110876153      -18.8594151160    
  -18.7077403875      -18.5560573420      -18.4043532266      -18.2526072514    
  -18.1007892687      -17.9488586387      -17.7967634526      -17.6444403500    
  -17.4918152241      -17.3388051772      -17.1853221379      -17.0312785731    
  -16.8765956857      -16.7212143595      -16.5651088431      -16.4083027462    
  -16.2508863418      -16.0930334701      -15.9350156386      -15.7772103490    
  -15.6201004548      -15.4642616256      -15.3103358471      -15.1589903311    
  -15.0108631518      -14.8664993139      -14.7262836879      -14.5903801002    
  -14.4586881478      -14.3308296893      -14.2061738424      -14.0839018889    
  -13.9631030860      -13.8428827893      -13.7224600711      -13.6012356026    
  -13.4788204622      -13.3550280913      -13.2298400898      -13.1033595698    
  -12.9757640116      -12.8472652900      -12.7180800871      -12.5884106462    
  -12.4584340792      -12.3282979159      -12.1981197830      -12.0679895799    
  -11.9379730209      -11.8081158105      -11.6784479896      -11.5489881590    
  -11.4197473837      -11.2907326480      -11.1619497737      -11.0334057584    
  -10.9051105259      -10.7770781157      -10.6493273650      -10.5218821567    
  -10.3947713152      -10.2680282356      -10.1416903255      -10.0157983319    
  -9.89039561186      -9.76552739324      -9.64124006175      -9.51758049720    
  -9.39459547427      -9.27233113562      -9.15083253958      -9.03014328114    
  -8.91030518219      -8.79135804586      -8.67333946885      -8.55628470569    
  -8.44022657915      -8.32519543126      -8.21121911034      -8.09832298961    
  -7.98653001396      -7.87586077149      -7.76633358742      -7.65796463781    
  -7.55076808108      -7.44475620536      -7.33993958979      -7.23632727779    
  -7.13392696018      -7.03274516640      -6.93278745934      -6.83405863597    
  -6.73656292167      -6.64030416124      -6.54528600912      -6.45151209213    
  -6.35898616386      -6.26771223275      -6.17769465742      -6.08893821948    
  -6.00144814328      -5.91523007840      -5.83029003784      -5.74663428118    
  -5.66426915029      -5.58320085389      -5.50343520550      -5.42497731908    
  -5.34783127232      -5.27199974454      -5.19748364547      -5.12428175415    
  -5.05239037822      -4.98180306333      -4.91251037544      -4.84449977892    
  -4.77775564199      -4.71225939655      -4.64798988192      -4.58492389955    
  -4.52303700205      -4.46230453263      -4.40270291951      -4.34421121280    
  -4.28681282737      -4.23049742531      -4.17526283415      -4.12111685678    
  -4.06807878907      -4.01618042867      -3.96546634293      -3.91599317489    
  -3.86782781356      -3.82104434353      -3.77571981786      -3.73192905598    
  -3.68973883422      -3.64920197889      -3.61035195990      -3.57319858648    
  -3.53772531469      -3.50388849362      -3.47161863478      -3.44082352888    
  -3.41139280864      -3.38320340401      -3.35612528173      -3.33002690316    
  -3.30477995190      -3.28026304350      -3.25636429773      -3.23298280043    
  -3.21002909030      -3.18742486872      -3.16510215289      -3.14300208265    
  -3.12107356194      -3.09927187597      -3.07755738499      -3.05589435900    
  -3.03424998814      -3.01259358232      -2.99089595861      -2.96912900716    
  -2.94726542210      -2.92527858314      -2.90314257457      -2.88083232964    
  -2.85832388994      -2.83559476974      -2.81262441542      -2.78939474779    
  -2.76589077311      -2.74210124440      -2.71801935037      -2.69364340485    
  -2.66897750553      -2.64403212753      -2.61882461621      -2.59337954399    
  -2.56772889955      -2.54191208289      -2.51597568824      -2.48997306581    
  -2.46396366601      -2.43801217517      -2.41218747616      -2.38656144945    
  -2.36120766592      -2.33620002141      -2.31161132887      -2.28751193199    
  -2.26396837640      -2.24104216326      -2.21878861813      -2.19725589303    
  -2.17648411647      -2.15650469965      -2.13733980267      -2.11900196075    
  -2.10149386808      -2.08480831517      -2.06892827501      -2.05382713290    
  -2.03946905529      -2.02580949288      -2.01279581327      -2.00036805831    
  -1.98845981983      -1.97699922612      -1.96591002887      -1.95511277727    
  -1.94452606243      -1.93406781124      -1.92365660525      -1.91321299657    
  -1.90266079040      -1.89192826228      -1.88094927848      -1.86966428936    
  -1.85802116920      -1.84597588092      -1.83349295020      -1.82054574082    
  -1.80711653054      -1.79319639418      -1.77878490766      -1.76388969229    
  -1.74852582328      -1.73271512964      -1.71648541355      -1.69986961796    
  -1.68290496929      -1.66563212009      -1.64809431326      -1.63033658577    
  -1.61240502624      -1.59434609658      -1.57620602483      -1.55803027258    
  -1.53986307802      -1.52174707324      -1.50372297229      -1.48582932582    
  -1.46810233645      -1.45057572908      -1.43328066966      -1.41624572622    
  -1.39949686602      -1.38305748300      -1.36694845026      -1.35118819253    
  -1.33579277455      -1.32077600119      -1.30614952625      -1.29192296699    
  -1.27810402194      -1.26469859006      -1.25171088964      -1.23914357557    
  -1.22699785399      -1.21527359354      -1.20396943267      -1.19308288255    
  -1.18261042534      -1.17254760771      -1.16288912955      -1.15362892791    
  -1.14476025615      -1.13627575865      -1.12816754100      -1.12042723595    
  -1.11304606536      -1.10601489819      -1.09932430494      -1.09296460849    
  -1.08692593167      -1.08119824175      -1.07577139190      -1.07063515986    
  -1.06577928395      -1.06119349657      -1.05686755519      -1.05279127117    
  -1.04895453627      -1.04534734718      -1.04195982789      -1.03878225028    
  -1.03580505275      -1.03301885719      -1.03041448407      -1.02798296610    
  -1.02571556017      -1.02360375777      -1.02163929409      -1.01981415557    
  -1.01812058624      -1.01655109271      -1.01509844796      -1.01375569403    
  -1.01251614355      -1.01137338029      -1.01032125867      -1.00935390240    
  -1.00846570208      -1.00765131486      -1.00690564961      -1.00623198929    
  -1.00631037859      -1.00638973672      -1.00647010881      -1.00655149635    
  -1.00663390545      -1.00671735127      -1.00680184628      -1.00688740383    
  -1.00697403745      -1.00706176070      -1.00715058732      -1.00724053120    
  -1.00733160641      -1.00742382719      -1.00751720795      -1.00761176328    
  -1.00770750797      -1.00780445698      -1.00790262545      -1.00800202873    
  -1.00810268234      -1.00820460202      -1.00830780369      -1.00841230348    
  -1.00851811771      -1.00862526293      -1.00873375586      -1.00884361347    
  -1.00895485291      -1.00906749158      -1.00918154706      -1.00929703719    
  -1.00941398000      -1.00953239378      -1.00965229701      -1.00977370844    
  -1.00989664704      -1.01002113202      -1.01014718282      -1.01027481915    
  -1.01040406095      -1.01053492841      -1.01066744198      -1.01080162236    
  -1.01093749052      -1.01107506770      -1.01121437538      -1.01135543534    
  -1.01149826962      -1.01164290053      -1.01178935067      -1.01193764293    
  -1.01208780047      -1.01223984677      -1.01239380557      -1.01254970093    
  -1.01270755722      -1.01286739909      -1.01302925153      -1.01319313982    
  -1.01335908957      -1.01352712671      -1.01369727750      -1.01386956853    
  -1.01404402670      -1.01422067929      -1.01439955390      -1.01458067847    
  -1.01476408131      -1.01494979108      -1.01513783678      -1.01532824781    
  -1.01552105391      -1.01571628522      -1.01591397223      -1.01611414584    
  -1.01631683733      -1.01652207836      -1.01672990100      -1.01694033773    
  -1.01715342143      -1.01736918539      -1.01758766333      -1.01780888938    
  -1.01803289812      -1.01825972453      -1.01848940407      -1.01872197263    
  -1.01895746653      -1.01919592259      -1.01943737805      -1.01968187065    
  -1.01992943859      -1.02018012055      -1.02043395570      -1.02069098371    
  -1.02095124472      -1.02121477942      -1.02148162898      -1.02175183509    
  -1.02202543997      -1.02230248638      -1.02258301761      -1.02286707748    
  -1.02315471039      -1.02344596128      -1.02374087565      -1.02403949958    
  -1.02434187974      -1.02464806338      -1.02495809833      -1.02527203304    
  -1.02558991657      -1.02591179857      -1.02623772936      -1.02656775985    
  -1.02690194161      -1.02724032686      -1.02758296847      -1.02792991999    
  -1.02828123562      -1.02863697025      -1.02899717947      -1.02936191957    
  -1.02973124753      -1.03010522107      -1.03048389862      -1.03086733934    
  -1.03125560315      -1.03164875073      -1.03204684348      -1.03244994364    
  -1.03285811416      -1.03327141884      -1.03368992225      -1.03411368979    
  -1.03454278766      -1.03497728292      -1.03541724346      -1.03586273802    
  -1.03631383622      -1.03677060853      -1.03723312633      -1.03770146189    
  -1.03817568838      -1.03865587991      -1.03914211150      -1.03963445914    
  -1.04013299974      -1.04063781121      -1.04114897244      -1.04166656327    
  -1.04219066460    
Up potential follows (l on next line)
 1
  -45.9674578086      -46.0799203057      -45.9222107077      -46.0278676414    
  -45.9910200508      -46.0019475141      -45.9915120123      -45.9966457288    
  -45.9944292917      -45.9941530769      -45.9935948789      -45.9930790106    
  -45.9925591951      -45.9920601230      -45.9915706548      -45.9910963873    
  -45.9906360166      -45.9901908098      -45.9897612424      -45.9893480489    
  -45.9889519201      -45.9885735806      -45.9882137639      -45.9878732156    
  -45.9875526882      -45.9872529384      -45.9869747230      -45.9867187948    
  -45.9864858990      -45.9862767679      -45.9860921163      -45.9859326366    
  -45.9857989933      -45.9856918173      -45.9856117002      -45.9855591882    
  -45.9855347764      -45.9855389021      -45.9855719390      -45.9856341910    
  -45.9857258861      -45.9858471706      -45.9859981039      -45.9861786526    
  -45.9863886865      -45.9866279739      -45.9868961782      -45.9871928544    
  -45.9875174478      -45.9878692915      -45.9882476068      -45.9886515026    
  -45.9890799777      -45.9895319219      -45.9900061203      -45.9905012568    
  -45.9910159192      -45.9915486056      -45.9920977312      -45.9926616353    
  -45.9932385907      -45.9938268116      -45.9944244636      -45.9950296735    
  -45.9956405391      -45.9962551395      -45.9968715457      -45.9974878304    
  -45.9981020779      -45.9987123941      -45.9993169153      -45.9999138174    
  -46.0005013233      -46.0010777112      -46.0016413204      -46.0021905582    
  -46.0027239043      -46.0032399155      -46.0037372295      -46.0042145671    
  -46.0046707347      -46.0051046252      -46.0055152187      -46.0059015821    
  -46.0062628688      -46.0065983165      -46.0069072464      -46.0071890601    
  -46.0074432369      -46.0076693313      -46.0078669690      -46.0080358441    
  -46.0081757144      -46.0082863983      -46.0083677708      -46.0084197589    
  -46.0084423384      -46.0084355296      -46.0083993933      -46.0083340270    
  -46.0082395617      -46.0081161578      -46.0079640018      -46.0077833031    
  -46.0075742911      -46.0073372120      -46.0070723259      -46.0067799048    
  -46.0064602294      -46.0061135876      -46.0057402719      -46.0053405777    
  -46.0049148016      -46.0044632396      -46.0039861858      -46.0034839311    
  -46.0029567618      -46.0024049589      -46.0018287967      -46.0012285424    
  -46.0006044550      -45.9999567849      -45.9992857732      -45.9985916513    
  -45.9978746405      -45.9971349517      -45.9963727850      -45.9955883295    
  -45.9947817633      -45.9939532533      -45.9931029549      -45.9922310124    
  -45.9913375586      -45.9904227151      -45.9894865919      -45.9885292882    
  -45.9875508918      -45.9865514795      -45.9855311174      -45.9844898606    
  -45.9834277536      -45.9823448306      -45.9812411152      -45.9801166212    
  -45.9789713521      -45.9778053017      -45.9766184542      -45.9754107842    
  -45.9741822571      -45.9729328291      -45.9716624474      -45.9703710504    
  -45.9690585679      -45.9677249213      -45.9663700233      -45.9649937789    
  -45.9635960846      -45.9621768294      -45.9607358943      -45.9592731528    
  -45.9577884706      -45.9562817066      -45.9547527118      -45.9532013305    
  -45.9516273997      -45.9500307498      -45.9484112038      -45.9467685785    
  -45.9451026838      -45.9434133230      -45.9417002928      -45.9399633839    
  -45.9382023800      -45.9364170590      -45.9346071924      -45.9327725455    
  -45.9309128775      -45.9290279414      -45.9271174842      -45.9251812471    
  -45.9232189649      -45.9212303669      -45.9192151762      -45.9171731099    
  -45.9151038796      -45.9130071908      -45.9108827430      -45.9087302301    
  -45.9065493401      -45.9043397551      -45.9021011514      -45.8998331995    
  -45.8975355639      -45.8952079034      -45.8928498708      -45.8904611131    
  -45.8880412714      -45.8855899808      -45.8831068706      -45.8805915639    
  -45.8780436779      -45.8754628238      -45.8728486068      -45.8702006259    
  -45.8675184739      -45.8648017375      -45.8620499974      -45.8592628276    
  -45.8564397961      -45.8535804646      -45.8506843881      -45.8477511155    
  -45.8447801889      -45.8417711440      -45.8387235099      -45.8356368089    
  -45.8325105568      -45.8293442623      -45.8261374275      -45.8228895474    
  -45.8196001102      -45.8162685968      -45.8128944812      -45.8094772301    
  -45.8060163029      -45.8025111516      -45.7989612210      -45.7953659481    
  -45.7917247626      -45.7880370864      -45.7843023336      -45.7805199106    
  -45.7766892158      -45.7728096395      -45.7688805642      -45.7649013640    
  -45.7608714047      -45.7567900438      -45.7526566305      -45.7484705051    
  -45.7442309996      -45.7399374369      -45.7355891315      -45.7311853884    
  -45.7267255041      -45.7222087654      -45.7176344503      -45.7130018272    
  -45.7083101551      -45.7035586832      -45.6987466512      -45.6938732891    
  -45.6889378167      -45.6839394440      -45.6788773705      -45.6737507859    
  -45.6685588690      -45.6633007886      -45.6579757024      -45.6525827576    
  -45.6471210905      -45.6415898263      -45.6359880791      -45.6303149518    
  -45.6245695359      -45.6187509112      -45.6128581461      -45.6068902970    
  -45.6008464085      -45.5947255132      -45.5885266313      -45.5822487708    
  -45.5758909273      -45.5694520837      -45.5629312101      -45.5563272639    
  -45.5496391893      -45.5428659173      -45.5360063657      -45.5290594388    
  -45.5220240272      -45.5148990079      -45.5076832439      -45.5003755841    
  -45.4929748632      -45.4854799017      -45.4778895054      -45.4702024654    
  -45.4624175583      -45.4545335454      -45.4465491730      -45.4384631721    
  -45.4302742584      -45.4219811318      -45.4135824766      -45.4050769612    
  -45.3964632379      -45.3877399428      -45.3789056956      -45.3699590995    
  -45.3608987410      -45.3517231899      -45.3424309987      -45.3330207032    
  -45.3234908213      -45.3138398540      -45.3040662844      -45.2941685778    
  -45.2841451817      -45.2739945253      -45.2637150200      -45.2533050582    
  -45.2427630143      -45.2320872437      -45.2212760831      -45.2103278501    
  -45.1992408433      -45.1880133418      -45.1766436056      -45.1651298749    
  -45.1534703702      -45.1416632923      -45.1297068218      -45.1175991194    
  -45.1053383254      -45.0929225599      -45.0803499223      -45.0676184915    
  -45.0547263256      -45.0416714619      -45.0284519167      -45.0150656851    
  -45.0015107412      -44.9877850376      -44.9738865056      -44.9598130551    
  -44.9455625743      -44.9311329296      -44.9165219659      -44.9017275061    
  -44.8867473513      -44.8715792805      -44.8562210507      -44.8406703968    
  -44.8249250316      -44.8089826458      -44.7928409075      -44.7764974630    
  -44.7599499360      -44.7431959279      -44.7262330179      -44.7090587628    
  -44.6916706971      -44.6740663330      -44.6562431602      -44.6381986465    
  -44.6199302370      -44.6014353549      -44.5827114013      -44.5637557548    
  -44.5445657724      -44.5251387890      -44.5054721175      -44.4855630493    
  -44.4654088538      -44.4450067791      -44.4243540518      -44.4034478772    
  -44.3822854395      -44.3608639018      -44.3391804065      -44.3172320754    
  -44.2950160096      -44.2725292903      -44.2497689784      -44.2267321150    
  -44.2034157219      -44.1798168011      -44.1559323360      -44.1317592910    
  -44.1072946118      -44.0825352262      -44.0574780439      -44.0321199571    
  -44.0064578405      -43.9804885522      -43.9542089334      -43.9276158094    
  -43.9007059895      -43.8734762675      -43.8459234222      -43.8180442179    
  -43.7898354046      -43.7612937183      -43.7324158820      -43.7031986057    
  -43.6736385868      -43.6437325110      -43.6134770525      -43.5828688742    
  -43.5519046290      -43.5205809595      -43.4888944988      -43.4568418714    
  -43.4244196930      -43.3916245717      -43.3584531080      -43.3249018958    
  -43.2909675227      -43.2566465706      -43.2219356161      -43.1868312313    
  -43.1513299843      -43.1154284395      -43.0791231586      -43.0424107007    
  -43.0052876231      -42.9677504816      -42.9297958316      -42.8914202278    
  -42.8526202254      -42.8133923803      -42.7737332496      -42.7336393923    
  -42.6931073693      -42.6521337446      -42.6107150850      -42.5688479611    
  -42.5265289472      -42.4837546222      -42.4405215697      -42.3968263783    
  -42.3526656420      -42.3080359608      -42.2629339404      -42.2173561929    
  -42.1712993370      -42.1247599979      -42.0777348078      -42.0302204059    
  -41.9822134386      -41.9337105594      -41.8847084292      -41.8352037162    
  -41.7851930958      -41.7346732506      -41.6836408706      -41.6320926527    
  -41.5800253007      -41.5274355253      -41.4743200439      -41.4206755799    
  -41.3664988631      -41.3117866290      -41.2565356189      -41.2007425790    
  -41.1444042607      -41.0875174198      -41.0300788163      -40.9720852142    
  -40.9135333808      -40.8544200867      -40.7947421052      -40.7344962118    
  -40.6736791845      -40.6122878028      -40.5503188476      -40.4877691014    
  -40.4246353474      -40.3609143699      -40.2966029538      -40.2316978850    
  -40.1661959500      -40.1000939362      -40.0333886320      -39.9660768274    
  -39.8981553138      -39.8296208849      -39.7604703372      -39.6907004705    
  -39.6203080889      -39.5492900016      -39.4776430238      -39.4053639779    
  -39.3324496949      -39.2588970152      -39.1847027904      -39.1098638846    
  -39.0343771757      -38.9582395572      -38.8814479392      -38.8039992504    
  -38.7258904389      -38.6471184736      -38.5676803453      -38.4875730673    
  -38.4067936761      -38.3253392310      -38.2432068141      -38.1603935294    
  -38.0768965010      -37.9927128708      -37.9078397956      -37.8222744429    
  -37.7360139860      -37.6490555978      -37.5613964437      -37.4730336728    
  -37.3839644083      -37.2941857367      -37.2036946953      -37.1124882588    
  -37.0205633250      -36.9279166997      -36.8345450805      -36.7404450416    
  -36.6456130177      -36.5500452903      -36.4537379747      -36.3566870106    
  -36.2588881568      -36.1603369905      -36.0610289146      -35.9609591730    
  -35.8601228773      -35.7585150459      -35.6561306584      -35.5529647281    
  -35.4490123933      -35.3442690316      -35.2387303976      -35.1323927862    
  -35.0252532214      -34.9173096725      -34.8085612906      -34.6990086732    
  -34.5886541435      -34.4775020299      -34.3655589656      -34.2528341694    
  -34.1393397029      -34.0250906995      -33.9101055388      -33.7944059559    
  -33.6780170688      -33.5609673105      -33.4432882528      -33.3250143161    
  -33.2061823600      -33.0868311568      -32.9670007572      -32.8467317589    
  -32.7260645005      -32.6050382002      -32.4836900702      -32.3620544332    
  -32.2401618723      -32.1180384442      -31.9957049829      -31.8731765218    
  -31.7504618568      -31.6275632707      -31.5044764378      -31.3811905185    
  -31.2576884535      -31.1339474550      -31.0099396865      -30.8856331108    
  -30.7609924746      -30.6359803883      -30.5105584507      -30.3846883624    
  -30.2583329738      -30.1314572163      -30.0040288767      -29.8760191874    
  -29.7474032210      -29.6181600933      -29.4882729911      -29.3577290534    
  -29.2265191387      -29.0946375149      -28.9620815068      -28.8288511298    
  -28.6949487363      -28.5603786912      -28.4251470871      -28.2892615049    
  -28.1527308196      -28.0155650471      -27.8777752267      -27.7393733312    
  -27.6003721983      -27.4607854746      -27.3206275670      -27.1799135963    
  -27.0386593487      -26.8968812225      -26.7545961696      -26.6118216293    
  -26.4685754563      -26.3248758421      -26.1807412318      -26.0361902372    
  -25.8912415470      -25.7459138360      -25.6002256740      -25.4541954367    
  -25.3078412170      -25.1611807409      -25.0142312861      -24.8670096048    
  -24.7195318526      -24.5718135210      -24.4238693774      -24.2757134105    
  -24.1273587829      -23.9788177907      -23.8301018315      -23.6812213796    
  -23.5321859711      -23.3830041981      -23.2336837127      -23.0842312419    
  -22.9346526142      -22.7849527972      -22.6351359488      -22.4852054807    
  -22.3351641355      -22.1850140772      -22.0347569954      -21.8843942223    
  -21.7339268622      -21.5833559318      -21.4326825093      -21.2819078905    
  -21.1310337466      -20.9800622809      -20.8289963773      -20.6778397343    
  -20.5265969761      -20.3752737297      -20.2238766587      -20.0724134392    
  -19.9208926651      -19.7693236673      -19.6177162307      -19.4660801968    
  -19.3144249310      -19.1627586534      -19.0110876153      -18.8594151160    
  -18.7077403875      -18.5560573420      -18.4043532266      -18.2526072514    
  -18.1007892687      -17.9488586387      -17.7967634526      -17.6444403500    
  -17.4918152241      -17.3388051772      -17.1853221379      -17.0312785731    
  -16.8765956857      -16.7212143595      -16.5651088431      -16.4083027462    
  -16.2508863418      -16.0930334701      -15.9350156386      -15.7772103490    
  -15.6201004548      -15.4642616256      -15.3103358471      -15.1589903311    
  -15.0108631518      -14.8664993139      -14.7262836879      -14.5903801002    
  -14.4586881478      -14.3308296893      -14.2061738424      -14.0839018889    
  -13.9631030860      -13.8428827893      -13.7224600711      -13.6012356026    
  -13.4788204622      -13.3550280913      -13.2298400898      -13.1033595698    
  -12.9757640116      -12.8472652900      -12.7180800871      -12.5884106462    
  -12.4584340792      -12.3282979159      -12.1981197830      -12.0679895799    
  -11.9379730209      -11.8081158105      -11.6784479896      -11.5489881590    
  -11.4197473837      -11.2907326480      -11.1619497737      -11.0334057584    
  -10.9051105259      -10.7770781157      -10.6493273650      -10.5218821567    
  -10.3947713152      -10.2680282356      -10.1416903255      -10.0157983319    
  -9.89039561186      -9.76552739324      -9.64124006175      -9.51758049720    
  -9.39459547427      -9.27233113562      -9.15083253958      -9.03014328114    
  -8.91030518219      -8.79135804586      -8.67333946885      -8.55628470569    
  -8.44022657915      -8.32519543126      -8.21121911034      -8.09832298961    
  -7.98653001396      -7.87586077149      -7.76633358742      -7.65796463781    
  -7.55076808108      -7.44475620536      -7.33993958979      -7.23632727779    
  -7.13392696018      -7.03274516640      -6.93278745934      -6.83405863597    
  -6.73656292167      -6.64030416124      -6.54528600912      -6.45151209213    
  -6.35898616386      -6.26771223275      -6.17769465742      -6.08893821948    
  -6.00144814328      -5.91523007840      -5.83029003784      -5.74663428118    
  -5.66426915029      -5.58320085389      -5.50343520550      -5.42497731908    
  -5.34783127232      -5.27199974454      -5.19748364547      -5.12428175415    
  -5.05239037822      -4.98180306333      -4.91251037544      -4.84449977892    
  -4.77775564199      -4.71225939655      -4.64798988192      -4.58492389955    
  -4.52303700205      -4.46230453263      -4.40270291951      -4.34421121280    
  -4.28681282737      -4.23049742531      -4.17526283415      -4.12111685678    
  -4.06807878907      -4.01618042867      -3.96546634293      -3.91599317489    
  -3.86782781356      -3.82104434353      -3.77571981786      -3.73192905598    
  -3.68973883422      -3.64920197889      -3.61035195990      -3.57319858648    
  -3.53772531469      -3.50388849362      -3.47161863478      -3.44082352888    
  -3.41139280864      -3.38320340401      -3.35612528173      -3.33002690316    
  -3.30477995190      -3.28026304350      -3.25636429773      -3.23298280043    
  -3.21002909030      -3.18742486872      -3.16510215289      -3.14300208265    
  -3.12107356194      -3.09927187597      -3.07755738499      -3.05589435900    
  -3.03424998814      -3.01259358232      -2.99089595861      -2.96912900716    
  -2.94726542210      -2.92527858314      -2.90314257457      -2.88083232964    
  -2.85832388994      -2.83559476974      -2.81262441542      -2.78939474779    
  -2.76589077311      -2.74210124440      -2.71801935037      -2.69364340485    
  -2.66897750553      -2.64403212753      -2.61882461621      -2.59337954399    
  -2.56772889955      -2.54191208289      -2.51597568824      -2.48997306581    
  -2.46396366601      -2.43801217517      -2.41218747616      -2.38656144945    
  -2.36120766592      -2.33620002141      -2.31161132887      -2.28751193199    
  -2.26396837640      -2.24104216326      -2.21878861813      -2.19725589303    
  -2.17648411647      -2.15650469965      -2.13733980267      -2.11900196075    
  -2.10149386808      -2.08480831517      -2.06892827501      -2.05382713290    
  -2.03946905529      -2.02580949288      -2.01279581327      -2.00036805831    
  -1.98845981983      -1.97699922612      -1.96591002887      -1.95511277727    
  -1.94452606243      -1.93406781124      -1.92365660525      -1.91321299657    
  -1.90266079040      -1.89192826228      -1.88094927848      -1.86966428936    
  -1.85802116920      -1.84597588092      -1.83349295020      -1.82054574082    
  -1.80711653054      -1.79319639418      -1.77878490766      -1.76388969229    
  -1.74852582328      -1.73271512964      -1.71648541355      -1.69986961796    
  -1.68290496929      -1.66563212009      -1.64809431326      -1.63033658577    
  -1.61240502624      -1.59434609658      -1.57620602483      -1.55803027258    
  -1.53986307802      -1.52174707324      -1.50372297229      -1.48582932582    
  -1.46810233645      -1.45057572908      -1.43328066966      -1.41624572622    
  -1.39949686602      -1.38305748300      -1.36694845026      -1.35118819253    
  -1.33579277455      -1.32077600119      -1.30614952625      -1.29192296699    
  -1.27810402194      -1.26469859006      -1.25171088964      -1.23914357557    
  -1.22699785399      -1.21527359354      -1.20396943267      -1.19308288255    
  -1.18261042534      -1.17254760771      -1.16288912955      -1.15362892791    
  -1.14476025615      -1.13627575865      -1.12816754100      -1.12042723595    
  -1.11304606536      -1.10601489819      -1.09932430494      -1.09296460849    
  -1.08692593167      -1.08119824175      -1.07577139190      -1.07063515986    
  -1.06577928395      -1.06119349657      -1.05686755519      -1.05279127117    
  -1.04895453627      -1.04534734718      -1.04195982789      -1.03878225028    
  -1.03580505275      -1.03301885719      -1.03041448407      -1.02798296610    
  -1.02571556017      -1.02360375777      -1.02163929409      -1.01981415557    
  -1.01812058624      -1.01655109271      -1.01509844796      -1.01375569403    
  -1.01251614355      -1.01137338029      -1.01032125867      -1.00935390240    
  -1.00846570208      -1.00765131486      -1.00690564961      -1.00623198929    
  -1.00631037859      -1.00638973672      -1.00647010881      -1.00655149635    
  -1.00663390545      -1.00671735127      -1.00680184628      -1.00688740383    
  -1.00697403745      -1.00706176070      -1.00715058732      -1.00724053120    
  -1.00733160641      -1.00742382719      -1.00751720795      -1.00761176328    
  -1.00770750797      -1.00780445698      -1.00790262545      -1.00800202873    
  -1.00810268234      -1.00820460202      -1.00830780369      -1.00841230348    
  -1.00851811771      -1.00862526293      -1.00873375586      -1.00884361347    
  -1.00895485291      -1.00906749158      -1.00918154706      -1.00929703719    
  -1.00941398000      -1.00953239378      -1.00965229701      -1.00977370844    
  -1.00989664704      -1.01002113202      -1.01014718282      -1.01027481915    
  -1.01040406095      -1.01053492841      -1.01066744198      -1.01080162236    
  -1.01093749052      -1.01107506770      -1.01121437538      -1.01135543534    
  -1.01149826962      -1.01164290053      -1.01178935067      -1.01193764293    
  -1.01208780047      -1.01223984677      -1.01239380557      -1.01254970093    
  -1.01270755722      -1.01286739909      -1.01302925153      -1.01319313982    
  -1.01335908957      -1.01352712671      -1.01369727750      -1.01386956853    
  -1.01404402670      -1.01422067929      -1.01439955390      -1.01458067847    
  -1.01476408131      -1.01494979108      -1.01513783678      -1.01532824781    
  -1.01552105391      -1.01571628522      -1.01591397223      -1.01611414584    
  -1.01631683733      -1.01652207836      -1.01672990100      -1.01694033773    
  -1.01715342143      -1.01736918539      -1.01758766333      -1.01780888938    
  -1.01803289812      -1.01825972453      -1.01848940407      -1.01872197263    
  -1.01895746653      -1.01919592259      -1.01943737805      -1.01968187065    
  -1.01992943859      -1.02018012055      -1.02043395570      -1.02069098371    
  -1.02095124472      -1.02121477942      -1.02148162898      -1.02175183509    
  -1.02202543997      -1.02230248638      -1.02258301761      -1.02286707748    
  -1.02315471039      -1.02344596128      -1.02374087565      -1.02403949958    
  -1.02434187974      -1.02464806338      -1.02495809833      -1.02527203304    
  -1.02558991657      -1.02591179857      -1.02623772936      -1.02656775985    
  -1.02690194161      -1.02724032686      -1.02758296847      -1.02792991999    
  -1.02828123562      -1.02863697025      -1.02899717947      -1.02936191957    
  -1.02973124753      -1.03010522107      -1.03048389862      -1.03086733934    
  -1.03125560315      -1.03164875073      -1.03204684348      -1.03244994364    
  -1.03285811416      -1.03327141884      -1.03368992225      -1.03411368979    
  -1.03454278766      -1.03497728292      -1.03541724346      -1.03586273802    
  -1.03631383622      -1.03677060853      -1.03723312633      -1.03770146189    
  -1.03817568838      -1.03865587991      -1.03914211150      -1.03963445914    
  -1.04013299974      -1.04063781121      -1.04114897244      -1.04166656327    
  -1.04219066460    
