 Raios
  0.371176953993E-06  0.747022739315E-06  0.112759608264E-05  0.151295644931E-05
  0.190316405269E-05  0.229827986349E-05  0.269836561937E-05  0.310348383455E-05
  0.351369780956E-05  0.392907164118E-05  0.434967023241E-05  0.477555930264E-05
  0.520680539790E-05  0.564347590127E-05  0.608563904341E-05  0.653336391321E-05
  0.698672046858E-05  0.744577954742E-05  0.791061287863E-05  0.838129309337E-05
  0.885789373639E-05  0.934048927750E-05  0.982915512323E-05  0.103239676286E-04
  0.108250041091E-04  0.113323428528E-04  0.118460631322E-04  0.123662452172E-04
  0.128929703874E-04  0.134263209446E-04  0.139663802260E-04  0.145132326169E-04
  0.150669635640E-04  0.156276595891E-04  0.161954083019E-04  0.167702984144E-04
  0.173524197543E-04  0.179418632793E-04  0.185387210911E-04  0.191430864500E-04
  0.197550537892E-04  0.203747187300E-04  0.210021780962E-04  0.216375299296E-04
  0.222808735053E-04  0.229323093469E-04  0.235919392428E-04  0.242598662613E-04
  0.249361947674E-04  0.256210304389E-04  0.263144802827E-04  0.270166526517E-04
  0.277276572619E-04  0.284476052091E-04  0.291766089867E-04  0.299147825029E-04
  0.306622410990E-04  0.314191015667E-04  0.321854821672E-04  0.329615026490E-04
  0.337472842668E-04  0.345429498005E-04  0.353486235747E-04  0.361644314773E-04
  0.369905009801E-04  0.378269611582E-04  0.386739427100E-04  0.395315779783E-04
  0.404000009702E-04  0.412793473786E-04  0.421697546033E-04  0.430713617720E-04
  0.439843097628E-04  0.449087412257E-04  0.458448006050E-04  0.467926341618E-04
  0.477523899970E-04  0.487242180746E-04  0.497082702445E-04  0.507047002669E-04
  0.517136638361E-04  0.527353186046E-04  0.537698242082E-04  0.548173422903E-04
  0.558780365279E-04  0.569520726565E-04  0.580396184966E-04  0.591408439793E-04
  0.602559211733E-04  0.613850243118E-04  0.625283298194E-04  0.636860163400E-04
  0.648582647643E-04  0.660452582587E-04  0.672471822932E-04  0.684642246709E-04
  0.696965755572E-04  0.709444275093E-04  0.722079755068E-04  0.734874169816E-04
  0.747829518489E-04  0.760947825388E-04  0.774231140275E-04  0.787681538694E-04
  0.801301122298E-04  0.815092019174E-04  0.829056384178E-04  0.843196399271E-04
  0.857514273858E-04  0.872012245138E-04  0.886692578446E-04  0.901557567615E-04
  0.916609535330E-04  0.931850833492E-04  0.947283843584E-04  0.962910977046E-04
  0.978734675649E-04  0.994757411877E-04  0.101098168932E-03  0.102741004304E-03
  0.104404504002E-03  0.106088927951E-03  0.107794539344E-03  0.109521604687E-03
  0.111270393838E-03  0.113041180049E-03  0.114834240009E-03  0.116649853886E-03
  0.118488305374E-03  0.120349881735E-03  0.122234873845E-03  0.124143576236E-03
  0.126076287148E-03  0.128033308570E-03  0.130014946291E-03  0.132021509947E-03
  0.134053313066E-03  0.136110673122E-03  0.138193911582E-03  0.140303353956E-03
  0.142439329849E-03  0.144602173011E-03  0.146792221391E-03  0.149009817188E-03
  0.151255306907E-03  0.153529041409E-03  0.155831375970E-03  0.158162670336E-03
  0.160523288774E-03  0.162913600137E-03  0.165333977916E-03  0.167784800299E-03
  0.170266450233E-03  0.172779315480E-03  0.175323788681E-03  0.177900267415E-03
  0.180509154261E-03  0.183150856865E-03  0.185825787997E-03  0.188534365620E-03
  0.191277012956E-03  0.194054158548E-03  0.196866236331E-03  0.199713685699E-03
  0.202596951571E-03  0.205516484462E-03  0.208472740557E-03  0.211466181775E-03
  0.214497275849E-03  0.217566496393E-03  0.220674322979E-03  0.223821241211E-03
  0.227007742801E-03  0.230234325647E-03  0.233501493909E-03  0.236809758089E-03
  0.240159635110E-03  0.243551648396E-03  0.246986327957E-03  0.250464210468E-03
  0.253985839356E-03  0.257551764883E-03  0.261162544231E-03  0.264818741591E-03
  0.268520928253E-03  0.272269682691E-03  0.276065590655E-03  0.279909245263E-03
  0.283801247094E-03  0.287742204282E-03  0.291732732609E-03  0.295773455603E-03
  0.299865004635E-03  0.304008019019E-03  0.308203146108E-03  0.312451041400E-03
  0.316752368637E-03  0.321107799910E-03  0.325518015764E-03  0.329983705305E-03
  0.334505566306E-03  0.339084305316E-03  0.343720637772E-03  0.348415288112E-03
  0.353168989883E-03  0.357982485862E-03  0.362856528167E-03  0.367791878377E-03
  0.372789307650E-03  0.377849596845E-03  0.382973536643E-03  0.388161927669E-03
  0.393415580620E-03  0.398735316390E-03  0.404121966199E-03  0.409576371721E-03
  0.415099385219E-03  0.420691869675E-03  0.426354698925E-03  0.432088757798E-03
  0.437894942253E-03  0.443774159519E-03  0.449727328233E-03  0.455755378592E-03
  0.461859252490E-03  0.468039903670E-03  0.474298297871E-03  0.480635412981E-03
  0.487052239186E-03  0.493549779128E-03  0.500129048062E-03  0.506791074011E-03
  0.513536897930E-03  0.520367573869E-03  0.527284169134E-03  0.534287764458E-03
  0.541379454166E-03  0.548560346349E-03  0.555831563037E-03  0.563194240371E-03
  0.570649528786E-03  0.578198593184E-03  0.585842613124E-03  0.593582782997E-03
  0.601420312222E-03  0.609356425429E-03  0.617392362652E-03  0.625529379521E-03
  0.633768747462E-03  0.642111753894E-03  0.650559702428E-03  0.659113913073E-03
  0.667775722443E-03  0.676546483962E-03  0.685427568079E-03  0.694420362483E-03
  0.703526272315E-03  0.712746720393E-03  0.722083147430E-03  0.731537012262E-03
  0.741109792075E-03  0.750802982635E-03  0.760618098523E-03  0.770556673370E-03
  0.780620260099E-03  0.790810431167E-03  0.801128778807E-03  0.811576915283E-03
  0.822156473137E-03  0.832869105447E-03  0.843716486084E-03  0.854700309972E-03
  0.865822293357E-03  0.877084174071E-03  0.888487711805E-03  0.900034688387E-03
  0.911726908054E-03  0.923566197739E-03  0.935554407356E-03  0.947693410086E-03
  0.959985102674E-03  0.972431405722E-03  0.985034263989E-03  0.997795646699E-03
  0.101071754784E-02  0.102380198649E-02  0.103705100712E-02  0.105046667991E-02
  0.106405110110E-02  0.107780639326E-02  0.109173470570E-02  0.110583821475E-02
  0.112011912410E-02  0.113457966517E-02  0.114922209747E-02  0.116404870888E-02
  0.117906181611E-02  0.119426376498E-02  0.120965693083E-02  0.122524371887E-02
  0.124102656457E-02  0.125700793403E-02  0.127319032436E-02  0.128957626412E-02
  0.130616831362E-02  0.132296906541E-02  0.133998114464E-02  0.135720720949E-02
  0.137464995156E-02  0.139231209631E-02  0.141019640350E-02  0.142830566758E-02
  0.144664271815E-02  0.146521042043E-02  0.148401167566E-02  0.150304942156E-02
  0.152232663283E-02  0.154184632156E-02  0.156161153775E-02  0.158162536976E-02
  0.160189094478E-02  0.162241142936E-02  0.164319002986E-02  0.166422999297E-02
  0.168553460625E-02  0.170710719857E-02  0.172895114069E-02  0.175106984579E-02
  0.177346676994E-02  0.179614541272E-02  0.181910931771E-02  0.184236207306E-02
  0.186590731207E-02  0.188974871373E-02  0.191389000330E-02  0.193833495292E-02
  0.196308738214E-02  0.198815115860E-02  0.201353019856E-02  0.203922846754E-02
  0.206524998096E-02  0.209159880472E-02  0.211827905588E-02  0.214529490329E-02
  0.217265056822E-02  0.220035032506E-02  0.222839850195E-02  0.225679948148E-02
  0.228555770135E-02  0.231467765509E-02  0.234416389276E-02  0.237402102164E-02
  0.240425370697E-02  0.243486667267E-02  0.246586470208E-02  0.249725263869E-02
  0.252903538695E-02  0.256121791296E-02  0.259380524532E-02  0.262680247585E-02
  0.266021476046E-02  0.269404731986E-02  0.272830544048E-02  0.276299447520E-02
  0.279811984427E-02  0.283368703609E-02  0.286970160811E-02  0.290616918768E-02
  0.294309547293E-02  0.298048623367E-02  0.301834731228E-02  0.305668462463E-02
  0.309550416101E-02  0.313481198705E-02  0.317461424467E-02  0.321491715306E-02
  0.325572700963E-02  0.329705019101E-02  0.333889315402E-02  0.338126243671E-02
  0.342416465937E-02  0.346760652556E-02  0.351159482316E-02  0.355613642542E-02
  0.360123829208E-02  0.364690747037E-02  0.369315109622E-02  0.373997639527E-02
  0.378739068407E-02  0.383540137121E-02  0.388401595845E-02  0.393324204192E-02
  0.398308731330E-02  0.403355956100E-02  0.408466667143E-02  0.413641663017E-02
  0.418881752326E-02  0.424187753844E-02  0.429560496646E-02  0.435000820232E-02
  0.440509574665E-02  0.446087620698E-02  0.451735829913E-02  0.457455084855E-02
  0.463246279167E-02  0.469110317736E-02  0.475048116830E-02  0.481060604243E-02
  0.487148719437E-02  0.493313413693E-02  0.499555650257E-02  0.505876404491E-02
  0.512276664025E-02  0.518757428915E-02  0.525319711791E-02  0.531964538024E-02
  0.538692945883E-02  0.545505986693E-02  0.552404725007E-02  0.559390238767E-02
  0.566463619473E-02  0.573625972356E-02  0.580878416547E-02  0.588222085256E-02
  0.595658125946E-02  0.603187700513E-02  0.610811985469E-02  0.618532172124E-02
  0.626349466773E-02  0.634265090884E-02  0.642280281289E-02  0.650396290378E-02
  0.658614386294E-02  0.666935853131E-02  0.675361991136E-02  0.683894116909E-02
  0.692533563613E-02  0.701281681179E-02  0.710139836517E-02  0.719109413733E-02
  0.728191814342E-02  0.737388457486E-02  0.746700780161E-02  0.756130237435E-02
  0.765678302680E-02  0.775346467801E-02  0.785136243469E-02  0.795049159356E-02
  0.805086764375E-02  0.815250626922E-02  0.825542335121E-02  0.835963497074E-02
  0.846515741107E-02  0.857200716030E-02  0.868020091393E-02  0.878975557744E-02
  0.890068826898E-02  0.901301632200E-02  0.912675728800E-02  0.924192893922E-02
  0.935854927148E-02  0.947663650694E-02  0.959620909696E-02  0.971728572502E-02
  0.983988530957E-02  0.996402700705E-02  0.100897302149E-01  0.102170145744E-01
  0.103458999741E-01  0.104764065525E-01  0.106085547016E-01  0.107423650698E-01
  0.108778585652E-01  0.110150563590E-01  0.111539798885E-01  0.112946508610E-01
  0.114370912565E-01  0.115813233316E-01  0.117273696228E-01  0.118752529503E-01
  0.120249964210E-01  0.121766234327E-01  0.123301576774E-01  0.124856231452E-01
  0.126430441279E-01  0.128024452227E-01  0.129638513365E-01  0.131272876893E-01
  0.132927798183E-01  0.134603535820E-01  0.136300351642E-01  0.138018510780E-01
  0.139758281699E-01  0.141519936242E-01  0.143303749672E-01  0.145110000712E-01
  0.146938971594E-01  0.148790948097E-01  0.150666219597E-01  0.152565079108E-01
  0.154487823332E-01  0.156434752701E-01  0.158406171427E-01  0.160402387548E-01
  0.162423712976E-01  0.164470463548E-01  0.166542959073E-01  0.168641523383E-01
  0.170766484382E-01  0.172918174100E-01  0.175096928743E-01  0.177303088746E-01
  0.179536998825E-01  0.181799008034E-01  0.184089469816E-01  0.186408742061E-01
  0.188757187159E-01  0.191135172061E-01  0.193543068330E-01  0.195981252205E-01
  0.198450104658E-01  0.200950011453E-01  0.203481363203E-01  0.206044555439E-01
  0.208639988665E-01  0.211268068421E-01  0.213929205351E-01  0.216623815264E-01
  0.219352319196E-01  0.222115143483E-01  0.224912719821E-01  0.227745485338E-01
  0.230613882658E-01  0.233518359975E-01  0.236459371120E-01  0.239437375630E-01
  0.242452838826E-01  0.245506231880E-01  0.248598031890E-01  0.251728721957E-01
  0.254898791257E-01  0.258108735120E-01  0.261359055106E-01  0.264650259085E-01
  0.267982861314E-01  0.271357382518E-01  0.274774349974E-01  0.278234297589E-01
  0.281737765988E-01  0.285285302594E-01  0.288877461718E-01  0.292514804641E-01
  0.296197899705E-01  0.299927322403E-01  0.303703655463E-01  0.307527488945E-01
  0.311399420332E-01  0.315320054620E-01  0.319290004416E-01  0.323309890034E-01
  0.327380339588E-01  0.331501989094E-01  0.335675482569E-01  0.339901472129E-01
  0.344180618095E-01  0.348513589090E-01  0.352901062151E-01  0.357343722830E-01
  0.361842265300E-01  0.366397392469E-01  0.371009816085E-01  0.375680256847E-01
  0.380409444522E-01  0.385198118055E-01  0.390047025686E-01  0.394956925067E-01
  0.399928583379E-01  0.404962777454E-01  0.410060293896E-01  0.415221929201E-01
  0.420448489885E-01  0.425740792610E-01  0.431099664308E-01  0.436525942315E-01
  0.442020474496E-01  0.447584119384E-01  0.453217746309E-01  0.458922235538E-01
  0.464698478408E-01  0.470547377470E-01  0.476469846624E-01  0.482466811270E-01
  0.488539208445E-01  0.494687986974E-01  0.500914107615E-01  0.507218543213E-01
  0.513602278849E-01  0.520066311994E-01  0.526611652667E-01  0.533239323591E-01
  0.539950360352E-01  0.546745811563E-01  0.553626739028E-01  0.560594217906E-01
  0.567649336880E-01  0.574793198325E-01  0.582026918486E-01  0.589351627645E-01
  0.596768470303E-01  0.604278605358E-01  0.611883206282E-01  0.619583461310E-01
  0.627380573623E-01  0.635275761535E-01  0.643270258686E-01  0.651365314232E-01
  0.659562193042E-01  0.667862175895E-01  0.676266559680E-01  0.684776657599E-01
  0.693393799372E-01  0.702119331446E-01  0.710954617201E-01  0.719901037171E-01
  0.728959989251E-01  0.738132888920E-01  0.747421169463E-01  0.756826282193E-01
  0.766349696678E-01  0.775992900971E-01  0.785757401841E-01  0.795644725012E-01
  0.805656415399E-01  0.815794037348E-01  0.826059174883E-01  0.836453431954E-01
  0.846978432683E-01  0.857635821624E-01  0.868427264016E-01  0.879354446042E-01
  0.890419075098E-01  0.901622880055E-01  0.912967611529E-01  0.924455042158E-01
  0.936086966877E-01  0.947865203197E-01  0.959791591492E-01  0.971867995285E-01
  0.984096301537E-01  0.996478420946E-01  0.100901628825      0.102171186250    
  0.103456712742      0.104758409167      0.106076478917      0.107411127944    
  0.108762564788      0.110131000616      0.111516649247      0.112919727193    
  0.114340453686      0.115779050719      0.117235743075      0.118710758365    
  0.120204327063      0.121716682543      0.123248061113      0.124798702054    
  0.126368847657      0.127958743261      0.129568637289      0.131198781291    
  0.132849429981      0.134520841275      0.136213276335      0.137926999608    
  0.139662278865      0.141419385249      0.143198593310      0.145000181054    
  0.146824429982      0.148671625136      0.150542055145      0.152436012268    
  0.154353792438      0.156295695313      0.158262024320      0.160253086700    
  0.162269193563      0.164310659927      0.166377804778      0.168470951110    
  0.170590425981      0.172736560564      0.174909690198      0.177110154437    
  0.179338297109      0.181594466365      0.183879014737      0.186192299191    
  0.188534681180      0.190906526708      0.193308206380      0.195740095463    
  0.198202573946      0.200696026594      0.203220843016      0.205777417719    
  0.208366150173      0.210987444872      0.213641711400      0.216329364491    
  0.219050824096      0.221806515449      0.224596869132      0.227422321144    
  0.230283312966      0.233180291636      0.236113709811      0.239084025845    
  0.242091703856      0.245137213798      0.248221031539      0.251343638933    
  0.254505523892      0.257707180468      0.260949108926      0.264231815825    
  0.267555814092      0.270921623111      0.274329768796      0.277780783676    
  0.281275206979      0.284813584717      0.288396469767      0.292024421963    
  0.295698008181      0.299417802424      0.303184385919      0.306998347203    
  0.310860282213      0.314770794386      0.318730494746      0.322740002006    
  0.326799942658      0.330910951077      0.335073669617      0.339288748709    
  0.343556846970      0.347878631298      0.352254776981      0.356685967800    
  0.361172896138      0.365716263087      0.370316778557      0.374975161388    
  0.379692139461      0.384468449815      0.389304838757      0.394202061982    
  0.399160884693      0.404182081715      0.409266437621      0.414414746850    
  0.419627813838      0.424906453137      0.430251489544      0.435663758232    
  0.441144104880      0.446693385803      0.452312468086      0.458002229724    
  0.463763559754      0.469597358393      0.475504537186      0.481486019142    
  0.487542738878      0.493675642770      0.499885689096      0.506173848189    
  0.512541102587      0.518988447185      0.525516889395      0.532127449299    
  0.538821159811      0.545599066835      0.552462229435      0.559411719993    
  0.566448624381      0.573574042130      0.580789086601      0.588094885159    
  0.595492579350      0.602983325079      0.610568292791      0.618248667651    
  0.626025649734      0.633900454209      0.641874311531      0.649948467631    
  0.658124184112      0.666402738446      0.674785424175      0.683273551110    
  0.691868445539      0.700571450431      0.709383925648      0.718307248157    
  0.727342812246      0.736492029740      0.745756330223      0.755137161261    
  0.764635988628      0.774254296534      0.783993587860      0.793855384390    
  0.803841227050      0.813952676147      0.824191311618      0.834558733268    
  0.845056561029      0.855686435208      0.866450016744      0.877348987469    
  0.888385050369      0.899559929852      0.910875372014      0.922333144918    
  0.933935038862      0.945682866668      0.957578463956      0.969623689438    
  0.981820425205      0.994170577022       1.00667607463       1.01933887202    
   1.03216094781       1.04514430545       1.05829097362       1.07160300653    
   1.08508248419       1.09873151282       1.11255222508       1.12654678051    
   1.14071736577       1.15506619506       1.16959551039       1.18430758202    
   1.19920470873       1.21428921822       1.22956346749       1.24502984315    
   1.26069076188       1.27654867071       1.29260604748       1.30886540119    
   1.32532927239       1.34200023359       1.35888088968       1.37597387827    
   1.39328187020       1.41080756986       1.42855371569       1.44652308055    
   1.46471847220       1.48314273370       1.50179874388       1.52068941778    
   1.53981770711       1.55918660070       1.57879912497       1.59865834444    
   1.61876736213       1.63912932013       1.65974740003       1.68062482344    
   1.70176485252       1.72317079043       1.74484598189       1.76679381370    
   1.78901771524       1.81152115905       1.83430766134       1.85738078255    
   1.88074412789       1.90440134794       1.92835613919       1.95261224462    
   1.97717345429       2.00204360595       2.02722658561       2.05272632815    
   2.07854681797       2.10469208957       2.13116622821       2.15797337051    
   2.18511770516       2.21260347350       2.24043497024       2.26861654412    
   2.29715259857       2.32604759239       2.35530604048       2.38493251455    
   2.41493164379       2.44530811563       2.47606667644       2.50721213232    
   2.53874934980       2.57068325665       2.60301884260       2.63576116014    
   2.66891532535       2.70248651861       2.73647998550       2.77090103757    
   2.80575505317       2.84104747832       2.87678382752       2.91296968467    
   2.94961070386       2.98671261034       3.02428120135       3.06232234707    
   3.10084199149       3.13984615339       3.17934092725       3.21933248421    
   3.25982707304       3.30083102108       3.34235073530       3.38439270324    
   3.42696349402       3.47006975944       3.51371823493       3.55791574065    
   3.60266918256       3.64798555347       3.69387193415       3.74033549445    
   3.78738349439       3.83502328531       3.88326231104       3.93210810902    
   3.98156831150       4.03165064674       4.08236294020       4.13371311579    
   4.18570919708       4.23835930855       4.29167167691       4.34565463230    
   4.40031660968       4.45566615010       4.51171190202       4.56846262273    
   4.62592717962       4.68411455165       4.74303383073       4.80269422310    
   4.86310505083       4.92427575322       4.98621588834       5.04893513444    
   5.11244329153       5.17675028291       5.24186615666       5.30780108727    
   5.37456537721       5.44216945853       5.51062389452       5.57993938131    
   5.65012674960       5.72119696629       5.79316113626       5.86603050406    
   5.93981645567       6.01453052029       6.09018437216       6.16678983234    
   6.24435887058       6.32290360721       6.40243631501       6.48296942112    
   6.56451550900       6.64708732039       6.73069775731       6.81535988407    
   6.90108692928       6.98789228797       7.07578952366       7.16479237048    
   7.25491473528       7.34617069989       7.43857452322       7.53214064357    
   7.62688368083       7.72281843879       7.81995990746       7.91832326538    
   8.01792388204       8.11877732022       8.22089933849       8.32430589362    
   8.42901314308       8.53503744762       8.64239537373       8.75110369631    
   8.86117940126       8.97263968812       9.08550197281       9.19978389027    
   9.31550329730       9.43267827528       9.55132713304       9.67146840971    
   9.79312087760       9.91630354517       10.0410356600       10.1673367116    
   10.2952264349       10.4247248129       10.5558520799       10.6886287250    
   10.8230754946       10.9592133964       11.0970637022       11.2366479514    
   11.3779879543       11.5211057956       11.6660238377       11.8127647244    
   11.9613513843       12.1118070342       12.2641551832       12.4184196360    
   12.5746244968       12.7327941729       12.8929533785       13.0551271390    
   13.2193407943       13.3856200030       13.5539907467       13.7244793337    
   13.8971124031       14.0719169292       14.2489202256       14.4281499493    
   14.6096341054       14.7934010512       14.9794795006       15.1678985288    
   15.3586875766       15.5518764552       15.7474953507       15.9455748291    
   16.1461458405       16.3492397247       16.5548882155       16.7631234459    
   16.9739779530       17.1874846833       17.4036769977       17.6225886766    
   17.8442539254       18.0687073799       18.2959841113       18.5261196320    
   18.7591499012       18.9951113303       19.2340407889       19.4759756100    
   19.7209535966       19.9690130270       20.2201926608       20.4745317455    
   20.7320700221       20.9928477314       21.2569056204       21.5242849489    
   21.7950274952       22.0691755636       22.3467719901       22.6278601499    
   22.9124839634       23.2006879038       23.4925170035       23.7880168613    
   24.0872336498       24.3902141222       24.6970056198       25.0076560794    
   25.3222140407       25.6407286541       25.9632496881       26.2898275373    
   26.6205132302       26.9553584370       27.2944154781       27.6377373317    
   27.9853776425       28.3373907302       28.6938315975       29.0547559390    
   29.4202201497       29.7902813344       30.1649973157       30.5444266438    
   30.9286286054       31.3176632327       31.7115913132       32.1104743990    
   32.5143748164       32.9233556755       33.3374808806       33.7568151396    
   34.1814239741       34.6113737304       35.0467315888       35.4875655749    
   35.9339445699       36.3859383215       36.8436174547       37.3070534826    
   37.7763188181       38.2514867849       38.7326316290       39.2198285301    
   39.7131536139       40.2126839633       40.7184976311       41.2306736515    
   41.7492920532       42.2744338713       42.8061811604       43.3446170069    
   43.8898255427       44.4418919575       45.0009025131       45.5669445558    
   46.1401065309       46.7204779962       47.3081496358       47.9032132746    
   48.5057618926       49.1158896392       49.7336918481       50.3592650521    
   50.9927069984       51.6341166635       52.2835942689       52.9412412970    
   53.6071605063       54.2814559482       54.9642329825       55.6555982948    
   56.3556599120       57.0645272205       57.7823109820       58.5091233517    
   59.2450778957       59.9902896082       60.7448749301       61.5089517670    
   62.2826395072       63.0660590413       63.8593327800       64.6625846739    
   65.4759402329       66.2995265454       67.1334722984       67.9779077976    
   68.8329649879       69.6987774736       70.5754805396       71.4632111727    
   72.3621080826       73.2723117236       74.1939643171       75.1272098731    
   76.0721942130       77.0290649927       77.9979717251       78.9790658039    
   79.9725005270       80.9784311206       81.9970147635       83.0284106114    
   84.0727798219       85.1302855800       86.2010931229       87.2853697667    
   88.3832849317       89.4950101694       90.6207191891       91.7605878852    
   92.9147943644       94.0835189739       95.2669443293       96.4652553431    
   97.6786392540       98.9072856556       100.151386526       101.411136260    
   102.686731694       103.978372144       105.286259430       106.610597913    
   107.951594524       109.309458796       110.684402897       112.076641667    
   113.486392644       114.913876106       116.359315099       117.822935476    
   119.304965932    
Down potential follows (l on next line)
 0
  -167.966193113      -168.082306018      -167.919099087      -168.028088820    
  -167.989691299      -168.000926440      -167.989891881      -167.994964593    
  -167.992478475      -167.991927072      -167.991112730      -167.990306189    
  -167.989494787      -167.988684879      -167.987873213      -167.987061005    
  -167.986247632      -167.985433141      -167.984617375      -167.983800232    
  -167.982981601      -167.982161376      -167.981339449      -167.980515717    
  -167.979690075      -167.978862422      -167.978032655      -167.977200675    
  -167.976366384      -167.975529682      -167.974690475      -167.973848667    
  -167.973004164      -167.972156873      -167.971306705      -167.970453568    
  -167.969597375      -167.968738039      -167.967875475      -167.967009600    
  -167.966140333      -167.965267593      -167.964391304      -167.963511388    
  -167.962627772      -167.961740385      -167.960849156      -167.959954019    
  -167.959054909      -167.958151763      -167.957244521      -167.956333127    
  -167.955417525      -167.954497664      -167.953573496      -167.952644975    
  -167.951712058      -167.950774707      -167.949832885      -167.948886559    
  -167.947935702      -167.946980289      -167.946020297      -167.945055709    
  -167.944086513      -167.943112698      -167.942134260      -167.941151198    
  -167.940163516      -167.939171221      -167.938174326      -167.937172849    
  -167.936166812      -167.935156241      -167.934141167      -167.933121629    
  -167.932097666      -167.931069325      -167.930036657      -167.928999718    
  -167.927958570      -167.926913278      -167.925863912      -167.924810547    
  -167.923753264      -167.922692145      -167.921627280      -167.920558760    
  -167.919486682      -167.918411145      -167.917332251      -167.916250106    
  -167.915164817      -167.914076495      -167.912985250      -167.911891195    
  -167.910794443      -167.909695106      -167.908593295      -167.907489121    
  -167.906382690      -167.905274106      -167.904163470      -167.903050876    
  -167.901936412      -167.900820159      -167.899702189      -167.898582565    
  -167.897461339      -167.896338550      -167.895214223      -167.894088370    
  -167.892960985      -167.891832042      -167.890701499      -167.889569290    
  -167.888435328      -167.887299501      -167.886161671      -167.885021672    
  -167.883879309      -167.882734358      -167.881586559      -167.880435623    
  -167.879281222      -167.878122993      -167.876960537      -167.875793414    
  -167.874621145      -167.873443210      -167.872259048      -167.871068054    
  -167.869869585      -167.868662949      -167.867447417      -167.866222213    
  -167.864986520      -167.863739479      -167.862480190      -167.861207712    
  -167.859921064      -167.858619229      -167.857301151      -167.855965742    
  -167.854611878      -167.853238406      -167.851844146      -167.850427888    
  -167.848988403      -167.847524436      -167.846034719      -167.844517964    
  -167.842972874      -167.841398140      -167.839792449      -167.838154483    
  -167.836482922      -167.834776450      -167.833033757      -167.831253538    
  -167.829434501      -167.827575365      -167.825674865      -167.823731755    
  -167.821744807      -167.819712814      -167.817634594      -167.815508987    
  -167.813334863      -167.811111116      -167.808836668      -167.806510473    
  -167.804131510      -167.801698790      -167.799211355      -167.796668275    
  -167.794068650      -167.791411608      -167.788696309      -167.785921939    
  -167.783087711      -167.780192865      -167.777236667      -167.774218407    
  -167.771137397      -167.767992973      -167.764784490      -167.761511323    
  -167.758172865      -167.754768526      -167.751297728      -167.747759910    
  -167.744154521      -167.740481022      -167.736738882      -167.732927579    
  -167.729046595      -167.725095419      -167.721073542      -167.716980460    
  -167.712815667      -167.708578658      -167.704268927      -167.699885965    
  -167.695429258      -167.690898290      -167.686292537      -167.681611470    
  -167.676854551      -167.672021235      -167.667110966      -167.662123179    
  -167.657057299      -167.651912738      -167.646688898      -167.641385167    
  -167.636000918      -167.630535515      -167.624988303      -167.619358615    
  -167.613645768      -167.607849063      -167.601967788      -167.596001210    
  -167.589948583      -167.583809143      -167.577582110      -167.571266684    
  -167.564862049      -167.558367372      -167.551781801      -167.545104464    
  -167.538334475      -167.531470924      -167.524512886      -167.517459415    
  -167.510309548      -167.503062301      -167.495716670      -167.488271633    
  -167.480726149      -167.473079155      -167.465329570      -167.457476291    
  -167.449518197      -167.441454146      -167.433282975      -167.425003501    
  -167.416614521      -167.408114810      -167.399503124      -167.390778196    
  -167.381938740      -167.372983446      -167.363910986      -167.354720009    
  -167.345409141      -167.335976989      -167.326422137      -167.316743146    
  -167.306938557      -167.297006887      -167.286946630      -167.276756261    
  -167.266434227      -167.255978957      -167.245388854      -167.234662299    
  -167.223797649      -167.212793238      -167.201647375      -167.190358346    
  -167.178924413      -167.167343814      -167.155614760      -167.143735442    
  -167.131704020      -167.119518634      -167.107177395      -167.094678392    
  -167.082019684      -167.069199307      -167.056215269      -167.043065554    
  -167.029748115      -167.016260882      -167.002601756      -166.988768610    
  -166.974759290      -166.960571614      -166.946203371      -166.931652323    
  -166.916916201      -166.901992709      -166.886879520      -166.871574277    
  -166.856074596      -166.840378060      -166.824482221      -166.808384604    
  -166.792082698      -166.775573964      -166.758855831      -166.741925694    
  -166.724780917      -166.707418833      -166.689836738      -166.672031899    
  -166.654001548      -166.635742881      -166.617253062      -166.598529222    
  -166.579568453      -166.560367815      -166.540924332      -166.521234991    
  -166.501296744      -166.481106507      -166.460661157      -166.439957537    
  -166.418992450      -166.397762661      -166.376264900      -166.354495855    
  -166.332452178      -166.310130479      -166.287527330      -166.264639265    
  -166.241462775      -166.217994312      -166.194230286      -166.170167068    
  -166.145800985      -166.121128324      -166.096145329      -166.070848202    
  -166.045233102      -166.019296144      -165.993033402      -165.966440903    
  -165.939514631      -165.912250528      -165.884644488      -165.856692361    
  -165.828389952      -165.799733021      -165.770717280      -165.741338397    
  -165.711591990      -165.681473635      -165.650978856      -165.620103133    
  -165.588841897      -165.557190529      -165.525144366      -165.492698692    
  -165.459848744      -165.426589711      -165.392916732      -165.358824895    
  -165.324309238      -165.289364752      -165.253986375      -165.218168994    
  -165.181907447      -165.145196521      -165.108030950      -165.070405417    
  -165.032314556      -164.993752945      -164.954715114      -164.915195538    
  -164.875188642      -164.834688795      -164.793690319      -164.752187477    
  -164.710174484      -164.667645499      -164.624594629      -164.581015929    
  -164.536903397      -164.492250982      -164.447052577      -164.401302021    
  -164.354993100      -164.308119548      -164.260675042      -164.212653207    
  -164.164047615      -164.114851781      -164.065059170      -164.014663191    
  -163.963657197      -163.912034492      -163.859788321      -163.806911878    
  -163.753398303      -163.699240681      -163.644432042      -163.588965366    
  -163.532833576      -163.476029540      -163.418546077      -163.360375948    
  -163.301511862      -163.241946474      -163.181672385      -163.120682144    
  -163.058968245      -162.996523128      -162.933339182      -162.869408741    
  -162.804724085      -162.739277442      -162.673060986      -162.606066838    
  -162.538287065      -162.469713682      -162.400338650      -162.330153877    
  -162.259151217      -162.187322471      -162.114659387      -162.041153660    
  -161.966796929      -161.891580782      -161.815496753      -161.738536321    
  -161.660690910      -161.581951893      -161.502310587      -161.421758253    
  -161.340286099      -161.257885278      -161.174546887      -161.090261967    
  -161.005021504      -160.918816426      -160.831637608      -160.743475864    
  -160.654321953      -160.564166574      -160.473000370      -160.380813924    
  -160.287597759      -160.193342340      -160.098038070      -160.001675291    
  -159.904244283      -159.805735266      -159.706138395      -159.605443762    
  -159.503641395      -159.400721257      -159.296673247      -159.191487195    
  -159.085152866      -158.977659958      -158.868998098      -158.759156849    
  -158.648125699      -158.535894069      -158.422451309      -158.307786697    
  -158.191889440      -158.074748670      -157.956353450      -157.836692765    
  -157.715755529      -157.593530582      -157.470006687      -157.345172533    
  -157.219016735      -157.091527830      -156.962694282      -156.832504477    
  -156.700946726      -156.568009263      -156.433680247      -156.297947760    
  -156.160799808      -156.022224321      -155.882209152      -155.740742078    
  -155.597810798      -155.453402938      -155.307506041      -155.160107577    
  -155.011194937      -154.860755431      -154.708776291      -154.555244668    
  -154.400147631      -154.243472166      -154.085205173      -153.925333465    
  -153.763843767      -153.600722714      -153.435956845      -153.269532605    
  -153.101436343      -152.931654307      -152.760172645      -152.586977403    
  -152.412054527      -152.235389861      -152.056969153      -151.876778060    
  -151.694802151      -151.511026922      -151.325437809      -151.138020203    
  -150.948759477      -150.757641014      -150.564650238      -150.369772665    
  -150.172993945      -149.974299923      -149.773676709      -149.571110753    
  -149.366588928      -149.160098630      -148.951627873      -148.741165403    
  -148.528700811      -148.314224647      -148.097728534      -147.879205281    
  -147.658648983      -147.436055112      -147.211420578      -146.984743780    
  -146.756024618      -146.525264466      -146.292466117      -146.057633676    
  -145.820772398      -145.581888502      -145.340988923      -145.098081024    
  -144.853172278      -144.606269918      -144.357380567      -144.106509867    
  -143.853662106      -143.598839865      -143.342043694      -143.083271829    
  -142.822519954      -142.559781024      -142.295045144      -142.028299512    
  -141.759528427      -141.488713350      -141.215833028      -140.940863660    
  -140.663779109      -140.384551155      -140.103149768      -139.819543409    
  -139.533699350      -139.245584001      -138.955163235      -138.662402722    
  -138.367268242      -138.069725994      -137.769742872      -137.467286721    
  -137.162326564      -136.854832790      -136.544777306      -136.232133661    
  -135.916877122      -135.598984731      -135.278435326      -134.955209535    
  -134.629289750      -134.300660088      -133.969306330      -133.635215848    
  -133.298377533      -132.958781709      -132.616420038      -132.271285435    
  -131.923371972      -131.572674780      -131.219189962      -130.862914497    
  -130.503846151      -130.141983391      -129.777325304      -129.409871518    
  -129.039622129      -128.666577630      -128.290738856      -127.912106920    
  -127.530683166      -127.146469123      -126.759466469      -126.369676995    
  -125.977102584      -125.581745187      -125.183606812      -124.782689516    
  -124.378995403      -123.972526632      -123.563285424      -123.151274080    
  -122.736495003      -122.318950729      -121.898643957      -121.475577594    
  -121.049754794      -120.621179019      -120.189854093      -119.755784273    
  -119.318974326      -118.879429615      -118.437156197      -117.992160941    
  -117.544451656      -117.094037239      -116.640927845      -116.185135082    
  -115.726672227      -115.265554475      -114.801799202      -114.335426262    
  -113.866458295      -113.394921039      -112.920843649      -112.444258987    
  -111.965203875      -111.483719282      -110.999850422      -110.513646734    
  -110.025161705      -109.534452539      -109.041579622      -108.546605778    
  -108.049595344      -107.550613033      -107.049722635      -106.546985588    
  -106.042459461      -105.536196425      -105.028241769      -104.518632544    
  -104.007396425      -103.494550877      -102.980102708      -102.464048085    
  -101.946373066      -101.427054674      -100.906062453      -100.383360454    
  -99.8589094869      -99.3326694655      -98.8046016548      -98.2746706291    
  -97.7428458086      -97.2091024938      -96.6734223931      -96.1357937001    
  -95.5962108226      -95.0546738891      -94.5111881523      -93.9657633908    
  -93.4184133777      -92.8691554466      -92.3180101600      -91.7650010585    
  -91.2101544594      -90.6534992704      -90.0950667880      -89.5348904595    
  -88.9730055987      -88.4094490536      -87.8442588357      -87.2774737226    
  -86.7091328515      -86.1392753203      -85.5679398116      -84.9951642556    
  -84.4209855400      -83.8454392779      -83.2685596378      -82.6903792375    
  -82.1109291039      -81.5302386955      -80.9483359841      -80.3652475914    
  -79.7809989722      -79.1956146401      -78.6091184240      -78.0215337532    
  -77.4328839609      -76.8431926081      -76.2524838255      -75.6607826851    
  -75.0681156169      -74.4745108976      -73.8799992538      -73.2846146287    
  -72.6883951799      -72.0913845763      -71.4936336717      -70.8952025998    
  -70.2961633459      -69.6966027511      -69.0966258397      -68.4963593336    
  -67.8959549852      -67.2955923141      -66.6954802314      -66.0958569091    
  -65.4969872618      -64.8991574400      -64.3026658255      -63.7078102382    
  -63.1148714239      -62.5240932672      -61.9356610517      -61.3496800816    
  -60.7661580423      -60.1849955275      -59.6059890554      -59.0288492845    
  -58.4532338811      -57.8787902674      -57.3052001069      -56.7322164629    
  -56.1596867200      -55.5875586528      -55.0158715390      -54.4447372315    
  -53.8743169592      -53.3047987179      -52.7363783780      -52.1692459137    
  -51.6035768811      -51.0395285328      -50.4772396057      -49.9168327235    
  -49.3584183797      -48.8020995736      -48.2479763316      -47.6961495437    
  -47.1467237610      -46.5998088131      -46.0555202759      -45.5139789509    
  -44.9753095853      -44.4396390854      -43.9070944610      -43.3778007019    
  -42.8518787370      -42.3294435846      -41.8106027561      -41.2954549478    
  -40.7840890275      -40.2765833106      -39.7730051096      -39.2734105348    
  -38.7778445262      -38.2863410910      -37.7989237264      -37.3156060035    
  -36.8363922911      -36.3612785964      -35.8902534967      -35.4232991369    
  -34.9603922624      -34.5015052567      -34.0466071490      -33.5956645592    
  -33.1486425462      -32.7055053328      -32.2662168874      -31.8307413595    
  -31.3990433853      -30.9710883082      -30.5468423992      -30.1262731801    
  -29.7093500235      -29.2960452358      -28.8863357878      -28.4802059251    
  -28.0776508165      -27.6786812468      -27.2833292194      -26.8916540644    
  -26.5037483332      -26.1197424358      -25.7398066976      -25.3641493790    
  -24.9930093224      -24.6266423410      -24.2653013036      -23.9092110377    
  -23.5585405255      -23.2133761267      -22.8737003611      -22.5393807337    
  -22.2101719103      -21.8857322736      -21.5656529499      -21.2494946069    
  -20.9368256248      -20.6272552388      -20.3204569243      -20.0161799809    
  -19.7142500037      -19.4145609005      -19.1170619535      -18.8217432525    
  -18.5286220170      -18.2377313088      -17.9491117228      -17.6628059816    
  -17.3788559713      -17.0973015966      -16.8181808252      -16.5415303809    
  -16.2673866633      -15.9957866078      -15.7267683134      -15.4603713624    
  -15.1966368265      -14.9356069966      -14.6773248995      -14.4218336747    
  -14.1691758802      -13.9193927868      -13.6725237129      -13.4286054335    
  -13.1876716853      -12.9497527843      -12.7148753578      -12.4830621877    
  -12.2543321621      -12.0287003146      -11.8061779605      -11.5867728798    
  -11.3704895606      -11.1573295126      -10.9472915436      -10.7403721008    
  -10.5365655738      -10.3358645759      -10.1382602727      -9.94374256334    
  -9.75230027616      -9.56392133799      -9.37859284986      -9.19630114878    
  -9.01703182273      -8.84076970581      -8.66749887039      -8.49720262772    
  -8.32986359293      -8.16546378517      -8.00398483619      -7.84540836547    
  -7.68971640536      -7.53689201111      -7.38692001351      -7.23978782881    
  -7.09548633140      -6.95401067246      -6.81536095130      -6.67954261004    
  -6.54656641856      -6.41644792285      -6.28920625759      -6.16486227420    
  -6.04343600795      -5.92494359579      -5.80939384950      -5.69678477135    
  -5.58710035431      -5.48030802105      -5.37635701613      -5.27517797466    
  -5.17668375978      -5.08077151156      -4.98732570700      -4.89622192039    
  -4.80733091212      -4.72052267000      -4.63567007494      -4.55265194744    
  -4.47135533470      -4.39167699972      -4.31352415968      -4.23681458136    
  -4.16147617458      -4.08744623350      -4.01467046528      -3.94310192379    
  -3.87269993861      -3.80342910177      -3.73525835002      -3.66816016033    
  -3.60210986166      -3.53708505628      -3.47306513840      -3.41003089543    
  -3.34796417722      -3.28684761986      -3.22666441295      -3.16739810142    
  -3.10903241575      -3.05155112619      -2.99493792016      -2.93917629712    
  -2.88424949604      -2.83014043117      -2.77683165917      -2.72430539802    
  -2.67254354001      -2.62152771909      -2.57123942465      -2.52166013877    
  -2.47277152561      -2.42455565997      -2.37699529848      -2.33007419050    
  -2.28377742433      -2.23809180250      -2.19300623622      -2.14851215080    
  -2.10460387849      -2.06127904035      -2.01853888293      -1.97638854369    
  -1.93483726363      -1.89389848961      -1.85358986255      -1.81393309280    
  -1.77495369815      -1.73668061207      -1.69914566214      -1.66238292939    
  -1.62642800343      -1.59131715359      -1.55708643966      -1.52377078860    
  -1.49140306434      -1.46001315728      -1.42962711880      -1.40026636264    
  -1.37194695230      -1.34467898885      -1.31846611033      -1.29330510933    
  -1.26918567242      -1.24609024190      -1.22399399800      -1.20286495820    
  -1.18266418883      -1.16334612371      -1.14485898399      -1.12714529308    
  -1.11014248056      -1.09378356811      -1.07799793029      -1.06271212171    
  -1.04785076091      -1.03333745951      -1.01909578329      -1.00505022990    
 -0.991127205556     -0.977255981935     -0.963369612658     -0.949405788673    
 -0.935307611964     -0.921024268417     -0.906511583041     -0.891732443918    
 -0.876657085461     -0.861263226127     -0.845536060681     -0.829468112109    
 -0.813058952801     -0.796314808708     -0.779248063381     -0.761876681007    
 -0.744223568903     -0.726315900088     -0.708184415951     -0.689862727606    
 -0.671386632460     -0.652793460120     -0.634121459060     -0.615409232774    
 -0.596695231465     -0.578017302851     -0.559412303544     -0.540915770524    
 -0.522561650766     -0.504382085846     -0.486407247539     -0.468665219818    
 -0.451181922337     -0.433981070404     -0.417084166476     -0.400510518411    
 -0.384277280005     -0.368399509665     -0.352890243486     -0.337760579406    
 -0.323019769458     -0.308675317636     -0.294733081166     -0.281197373381    
 -0.268071066679     -0.255355694356     -0.243051550324     -0.231157785980    
 -0.219672503629     -0.208592846095     -0.197915082204     -0.187634688020    
 -0.177746423740     -0.168244406244     -0.159122177399     -0.150372768176    
 -0.141988758755     -0.133962334740     -0.126285339709     -0.118949324216    
 -0.111945591506     -0.105265240064     -0.988992032217E-01 -0.928382859711E-01
 -0.870731991807E-01 -0.815945913413E-01 -0.763930780181E-01 -0.714592691261E-01
 -0.667837941803E-01 -0.623573256088E-01 -0.581706002718E-01 -0.542144392765E-01
 -0.504797661643E-01 -0.469576235747E-01 -0.436391884586E-01 -0.405157859122E-01
 -0.375789016988E-01 -0.348201935206E-01 -0.322315010897E-01 -0.298048550743E-01
 -0.275324849542E-01 -0.254068258207E-01 -0.234205242039E-01 -0.215664429447E-01
 -0.198376651498E-01 -0.182274973154E-01 -0.167294715780E-01 -0.153373472438E-01
 -0.140451115216E-01 -0.128469796035E-01 -0.117373940547E-01 -0.107110235776E-01
 -0.976276132278E-02 -0.888772183441E-02 -0.808127813517E-02 -0.733895371289E-02
 -0.666541625210E-02 -0.674894514776E-02 -0.683379292613E-02 -0.691973485166E-02
 -0.700675910278E-02 -0.709489456406E-02 -0.718413818728E-02 -0.727450416645E-02
 -0.736600667634E-02 -0.745866004775E-02 -0.755247877862E-02 -0.764747755014E-02
 -0.774367122062E-02 -0.784107483034E-02 -0.793970360678E-02 -0.803957296594E-02
 -0.814069851353E-02 -0.824309605900E-02 -0.834678159904E-02 -0.845177134102E-02
 -0.855808169186E-02 -0.866572925662E-02 -0.877473085737E-02 -0.888510352738E-02
 -0.899686451305E-02 -0.911003127635E-02 -0.922462150183E-02 -0.934065309787E-02
 -0.945814418972E-02 -0.957711313561E-02 -0.969757852644E-02 -0.981955918513E-02
 -0.994307417369E-02 -0.100681427871E-01 -0.101947845663E-01 -0.103230193012E-01
 -0.104528670303E-01 -0.105843480438E-01 -0.107174828890E-01 -0.108522923585E-01
 -0.109887975262E-01 -0.111270197155E-01 -0.112669805252E-01 -0.114087018239E-01
 -0.115522057618E-01 -0.116975147566E-01 -0.118446515110E-01 -0.119936390164E-01
 -0.121445005520E-01 -0.122972596962E-01 -0.124519403182E-01 -0.126085665752E-01
 -0.127671629569E-01 -0.129277542261E-01 -0.130903654880E-01 -0.132550221451E-01
 -0.134217499314E-01 -0.135905748954E-01 -0.137615234184E-01 -0.139346222097E-01
 -0.141098983087E-01 -0.142873791156E-01 -0.144670923531E-01 -0.146490661007E-01
 -0.148333288004E-01 -0.150199092400E-01 -0.152088365752E-01 -0.154001403204E-01
 -0.155938503734E-01 -0.157899969989E-01 -0.159886108444E-01 -0.161897229455E-01
 -0.163933647171E-01 -0.165995679931E-01 -0.168083649894E-01 -0.170197883230E-01
 -0.172338710433E-01 -0.174506465848E-01 -0.176701488274E-01 -0.178924120684E-01
 -0.181174710466E-01 -0.183453609125E-01 -0.185761172708E-01 -0.188097761921E-01
 -0.190463741818E-01 -0.192859482094E-01 -0.195285357151E-01 -0.197741745889E-01
 -0.200229032087E-01 -0.202747604591E-01 -0.205297856817E-01 -0.207880187308E-01
 -0.210494999470E-01 -0.213142702023E-01 -0.215823708498E-01 -0.218538437873E-01
 -0.221287314384E-01 -0.224070767442E-01 -0.226889231964E-01 -0.229743148570E-01
 -0.232632962909E-01 -0.235559126704E-01 -0.238522097029E-01 -0.241522337022E-01
 -0.244560315404E-01 -0.247636506813E-01 -0.250751391968E-01 -0.253905457487E-01
 -0.257099196287E-01 -0.260333107436E-01 -0.263607696137E-01 -0.266923473966E-01
 -0.270280959267E-01 -0.273680676673E-01 -0.277123156997E-01 -0.280608938631E-01
 -0.284138565801E-01 -0.287712590440E-01 -0.291331570600E-01 -0.294996071955E-01
 -0.298706666946E-01 -0.302463935780E-01 -0.306268464877E-01 -0.310120849330E-01
 -0.314021690808E-01 -0.317971598713E-01 -0.321971190401E-01 -0.326021090583E-01
 -0.330121932475E-01 -0.334274356458E-01 -0.338479011641E-01 -0.342736554932E-01
 -0.347047651387E-01 -0.351412974715E-01 -0.355833207149E-01 -0.360309039082E-01
 -0.364841170143E-01 -0.369430308512E-01 -0.374077171100E-01 -0.378782484038E-01
 -0.383546982322E-01 -0.388371410952E-01 -0.393256523269E-01 -0.398203082669E-01
 -0.403211862047E-01 -0.408283644279E-01 -0.413419221694E-01 -0.418619396567E-01
 -0.423884981768E-01
Up potential follows (l on next line)
 0
  -167.966193113      -168.082306018      -167.919099087      -168.028088820    
  -167.989691299      -168.000926440      -167.989891881      -167.994964593    
  -167.992478475      -167.991927072      -167.991112730      -167.990306189    
  -167.989494787      -167.988684879      -167.987873213      -167.987061005    
  -167.986247632      -167.985433141      -167.984617375      -167.983800232    
  -167.982981601      -167.982161376      -167.981339449      -167.980515717    
  -167.979690075      -167.978862422      -167.978032655      -167.977200675    
  -167.976366384      -167.975529682      -167.974690475      -167.973848667    
  -167.973004164      -167.972156873      -167.971306705      -167.970453568    
  -167.969597375      -167.968738039      -167.967875475      -167.967009600    
  -167.966140333      -167.965267593      -167.964391304      -167.963511388    
  -167.962627772      -167.961740385      -167.960849156      -167.959954019    
  -167.959054909      -167.958151763      -167.957244521      -167.956333127    
  -167.955417525      -167.954497664      -167.953573496      -167.952644975    
  -167.951712058      -167.950774707      -167.949832885      -167.948886559    
  -167.947935702      -167.946980289      -167.946020297      -167.945055709    
  -167.944086513      -167.943112698      -167.942134260      -167.941151198    
  -167.940163516      -167.939171221      -167.938174326      -167.937172849    
  -167.936166812      -167.935156241      -167.934141167      -167.933121629    
  -167.932097666      -167.931069325      -167.930036657      -167.928999718    
  -167.927958570      -167.926913278      -167.925863912      -167.924810547    
  -167.923753264      -167.922692145      -167.921627280      -167.920558760    
  -167.919486682      -167.918411145      -167.917332251      -167.916250106    
  -167.915164817      -167.914076495      -167.912985250      -167.911891195    
  -167.910794443      -167.909695106      -167.908593295      -167.907489121    
  -167.906382690      -167.905274106      -167.904163470      -167.903050876    
  -167.901936412      -167.900820159      -167.899702189      -167.898582565    
  -167.897461339      -167.896338550      -167.895214223      -167.894088370    
  -167.892960985      -167.891832042      -167.890701499      -167.889569290    
  -167.888435328      -167.887299501      -167.886161671      -167.885021672    
  -167.883879309      -167.882734358      -167.881586559      -167.880435623    
  -167.879281222      -167.878122993      -167.876960537      -167.875793414    
  -167.874621145      -167.873443210      -167.872259048      -167.871068054    
  -167.869869585      -167.868662949      -167.867447417      -167.866222213    
  -167.864986520      -167.863739479      -167.862480190      -167.861207712    
  -167.859921064      -167.858619229      -167.857301151      -167.855965742    
  -167.854611878      -167.853238406      -167.851844146      -167.850427888    
  -167.848988403      -167.847524436      -167.846034719      -167.844517964    
  -167.842972874      -167.841398140      -167.839792449      -167.838154483    
  -167.836482922      -167.834776450      -167.833033757      -167.831253538    
  -167.829434501      -167.827575365      -167.825674865      -167.823731755    
  -167.821744807      -167.819712814      -167.817634594      -167.815508987    
  -167.813334863      -167.811111116      -167.808836668      -167.806510473    
  -167.804131510      -167.801698790      -167.799211355      -167.796668275    
  -167.794068650      -167.791411608      -167.788696309      -167.785921939    
  -167.783087711      -167.780192865      -167.777236667      -167.774218407    
  -167.771137397      -167.767992973      -167.764784490      -167.761511323    
  -167.758172865      -167.754768526      -167.751297728      -167.747759910    
  -167.744154521      -167.740481022      -167.736738882      -167.732927579    
  -167.729046595      -167.725095419      -167.721073542      -167.716980460    
  -167.712815667      -167.708578658      -167.704268927      -167.699885965    
  -167.695429258      -167.690898290      -167.686292537      -167.681611470    
  -167.676854551      -167.672021235      -167.667110966      -167.662123179    
  -167.657057299      -167.651912738      -167.646688898      -167.641385167    
  -167.636000918      -167.630535515      -167.624988303      -167.619358615    
  -167.613645768      -167.607849063      -167.601967788      -167.596001210    
  -167.589948583      -167.583809143      -167.577582110      -167.571266684    
  -167.564862049      -167.558367372      -167.551781801      -167.545104464    
  -167.538334475      -167.531470924      -167.524512886      -167.517459415    
  -167.510309548      -167.503062301      -167.495716670      -167.488271633    
  -167.480726149      -167.473079155      -167.465329570      -167.457476291    
  -167.449518197      -167.441454146      -167.433282975      -167.425003501    
  -167.416614521      -167.408114810      -167.399503124      -167.390778196    
  -167.381938740      -167.372983446      -167.363910986      -167.354720009    
  -167.345409141      -167.335976989      -167.326422137      -167.316743146    
  -167.306938557      -167.297006887      -167.286946630      -167.276756261    
  -167.266434227      -167.255978957      -167.245388854      -167.234662299    
  -167.223797649      -167.212793238      -167.201647375      -167.190358346    
  -167.178924413      -167.167343814      -167.155614760      -167.143735442    
  -167.131704020      -167.119518634      -167.107177395      -167.094678392    
  -167.082019684      -167.069199307      -167.056215269      -167.043065554    
  -167.029748115      -167.016260882      -167.002601756      -166.988768610    
  -166.974759290      -166.960571614      -166.946203371      -166.931652323    
  -166.916916201      -166.901992709      -166.886879520      -166.871574277    
  -166.856074596      -166.840378060      -166.824482221      -166.808384604    
  -166.792082698      -166.775573964      -166.758855831      -166.741925694    
  -166.724780917      -166.707418833      -166.689836738      -166.672031899    
  -166.654001548      -166.635742881      -166.617253062      -166.598529222    
  -166.579568453      -166.560367815      -166.540924332      -166.521234991    
  -166.501296744      -166.481106507      -166.460661157      -166.439957537    
  -166.418992450      -166.397762661      -166.376264900      -166.354495855    
  -166.332452178      -166.310130479      -166.287527330      -166.264639265    
  -166.241462775      -166.217994312      -166.194230286      -166.170167068    
  -166.145800985      -166.121128324      -166.096145329      -166.070848202    
  -166.045233102      -166.019296144      -165.993033402      -165.966440903    
  -165.939514631      -165.912250528      -165.884644488      -165.856692361    
  -165.828389952      -165.799733021      -165.770717280      -165.741338397    
  -165.711591990      -165.681473635      -165.650978856      -165.620103133    
  -165.588841897      -165.557190529      -165.525144366      -165.492698692    
  -165.459848744      -165.426589711      -165.392916732      -165.358824895    
  -165.324309238      -165.289364752      -165.253986375      -165.218168994    
  -165.181907447      -165.145196521      -165.108030950      -165.070405417    
  -165.032314556      -164.993752945      -164.954715114      -164.915195538    
  -164.875188642      -164.834688795      -164.793690319      -164.752187477    
  -164.710174484      -164.667645499      -164.624594629      -164.581015929    
  -164.536903397      -164.492250982      -164.447052577      -164.401302021    
  -164.354993100      -164.308119548      -164.260675042      -164.212653207    
  -164.164047615      -164.114851781      -164.065059170      -164.014663191    
  -163.963657197      -163.912034492      -163.859788321      -163.806911878    
  -163.753398303      -163.699240681      -163.644432042      -163.588965366    
  -163.532833576      -163.476029540      -163.418546077      -163.360375948    
  -163.301511862      -163.241946474      -163.181672385      -163.120682144    
  -163.058968245      -162.996523128      -162.933339182      -162.869408741    
  -162.804724085      -162.739277442      -162.673060986      -162.606066838    
  -162.538287065      -162.469713682      -162.400338650      -162.330153877    
  -162.259151217      -162.187322471      -162.114659387      -162.041153660    
  -161.966796929      -161.891580782      -161.815496753      -161.738536321    
  -161.660690910      -161.581951893      -161.502310587      -161.421758253    
  -161.340286099      -161.257885278      -161.174546887      -161.090261967    
  -161.005021504      -160.918816426      -160.831637608      -160.743475864    
  -160.654321953      -160.564166574      -160.473000370      -160.380813924    
  -160.287597759      -160.193342340      -160.098038070      -160.001675291    
  -159.904244283      -159.805735266      -159.706138395      -159.605443762    
  -159.503641395      -159.400721257      -159.296673247      -159.191487195    
  -159.085152866      -158.977659958      -158.868998098      -158.759156849    
  -158.648125699      -158.535894069      -158.422451309      -158.307786697    
  -158.191889440      -158.074748670      -157.956353450      -157.836692765    
  -157.715755529      -157.593530582      -157.470006687      -157.345172533    
  -157.219016735      -157.091527830      -156.962694282      -156.832504477    
  -156.700946726      -156.568009263      -156.433680247      -156.297947760    
  -156.160799808      -156.022224321      -155.882209152      -155.740742078    
  -155.597810798      -155.453402938      -155.307506041      -155.160107577    
  -155.011194937      -154.860755431      -154.708776291      -154.555244668    
  -154.400147631      -154.243472166      -154.085205173      -153.925333465    
  -153.763843767      -153.600722714      -153.435956845      -153.269532605    
  -153.101436343      -152.931654307      -152.760172645      -152.586977403    
  -152.412054527      -152.235389861      -152.056969153      -151.876778060    
  -151.694802151      -151.511026922      -151.325437809      -151.138020203    
  -150.948759477      -150.757641014      -150.564650238      -150.369772665    
  -150.172993945      -149.974299923      -149.773676709      -149.571110753    
  -149.366588928      -149.160098630      -148.951627873      -148.741165403    
  -148.528700811      -148.314224647      -148.097728534      -147.879205281    
  -147.658648983      -147.436055112      -147.211420578      -146.984743780    
  -146.756024618      -146.525264466      -146.292466117      -146.057633676    
  -145.820772398      -145.581888502      -145.340988923      -145.098081024    
  -144.853172278      -144.606269918      -144.357380567      -144.106509867    
  -143.853662106      -143.598839865      -143.342043694      -143.083271829    
  -142.822519954      -142.559781024      -142.295045144      -142.028299512    
  -141.759528427      -141.488713350      -141.215833028      -140.940863660    
  -140.663779109      -140.384551155      -140.103149768      -139.819543409    
  -139.533699350      -139.245584001      -138.955163235      -138.662402722    
  -138.367268242      -138.069725994      -137.769742872      -137.467286721    
  -137.162326564      -136.854832790      -136.544777306      -136.232133661    
  -135.916877122      -135.598984731      -135.278435326      -134.955209535    
  -134.629289750      -134.300660088      -133.969306330      -133.635215848    
  -133.298377533      -132.958781709      -132.616420038      -132.271285435    
  -131.923371972      -131.572674780      -131.219189962      -130.862914497    
  -130.503846151      -130.141983391      -129.777325304      -129.409871518    
  -129.039622129      -128.666577630      -128.290738856      -127.912106920    
  -127.530683166      -127.146469123      -126.759466469      -126.369676995    
  -125.977102584      -125.581745187      -125.183606812      -124.782689516    
  -124.378995403      -123.972526632      -123.563285424      -123.151274080    
  -122.736495003      -122.318950729      -121.898643957      -121.475577594    
  -121.049754794      -120.621179019      -120.189854093      -119.755784273    
  -119.318974326      -118.879429615      -118.437156197      -117.992160941    
  -117.544451656      -117.094037239      -116.640927845      -116.185135082    
  -115.726672227      -115.265554475      -114.801799202      -114.335426262    
  -113.866458295      -113.394921039      -112.920843649      -112.444258987    
  -111.965203875      -111.483719282      -110.999850422      -110.513646734    
  -110.025161705      -109.534452539      -109.041579622      -108.546605778    
  -108.049595344      -107.550613033      -107.049722635      -106.546985588    
  -106.042459461      -105.536196425      -105.028241769      -104.518632544    
  -104.007396425      -103.494550877      -102.980102708      -102.464048085    
  -101.946373066      -101.427054674      -100.906062453      -100.383360454    
  -99.8589094869      -99.3326694655      -98.8046016548      -98.2746706291    
  -97.7428458086      -97.2091024938      -96.6734223931      -96.1357937001    
  -95.5962108226      -95.0546738891      -94.5111881523      -93.9657633908    
  -93.4184133777      -92.8691554466      -92.3180101600      -91.7650010585    
  -91.2101544594      -90.6534992704      -90.0950667880      -89.5348904595    
  -88.9730055987      -88.4094490536      -87.8442588357      -87.2774737226    
  -86.7091328515      -86.1392753203      -85.5679398116      -84.9951642556    
  -84.4209855400      -83.8454392779      -83.2685596378      -82.6903792375    
  -82.1109291039      -81.5302386955      -80.9483359841      -80.3652475914    
  -79.7809989722      -79.1956146401      -78.6091184240      -78.0215337532    
  -77.4328839609      -76.8431926081      -76.2524838255      -75.6607826851    
  -75.0681156169      -74.4745108976      -73.8799992538      -73.2846146287    
  -72.6883951799      -72.0913845763      -71.4936336717      -70.8952025998    
  -70.2961633459      -69.6966027511      -69.0966258397      -68.4963593336    
  -67.8959549852      -67.2955923141      -66.6954802314      -66.0958569091    
  -65.4969872618      -64.8991574400      -64.3026658255      -63.7078102382    
  -63.1148714239      -62.5240932672      -61.9356610517      -61.3496800816    
  -60.7661580423      -60.1849955275      -59.6059890554      -59.0288492845    
  -58.4532338811      -57.8787902674      -57.3052001069      -56.7322164629    
  -56.1596867200      -55.5875586528      -55.0158715390      -54.4447372315    
  -53.8743169592      -53.3047987179      -52.7363783780      -52.1692459137    
  -51.6035768811      -51.0395285328      -50.4772396057      -49.9168327235    
  -49.3584183797      -48.8020995736      -48.2479763316      -47.6961495437    
  -47.1467237610      -46.5998088131      -46.0555202759      -45.5139789509    
  -44.9753095853      -44.4396390854      -43.9070944610      -43.3778007019    
  -42.8518787370      -42.3294435846      -41.8106027561      -41.2954549478    
  -40.7840890275      -40.2765833106      -39.7730051096      -39.2734105348    
  -38.7778445262      -38.2863410910      -37.7989237264      -37.3156060035    
  -36.8363922911      -36.3612785964      -35.8902534967      -35.4232991369    
  -34.9603922624      -34.5015052567      -34.0466071490      -33.5956645592    
  -33.1486425462      -32.7055053328      -32.2662168874      -31.8307413595    
  -31.3990433853      -30.9710883082      -30.5468423992      -30.1262731801    
  -29.7093500235      -29.2960452358      -28.8863357878      -28.4802059251    
  -28.0776508165      -27.6786812468      -27.2833292194      -26.8916540644    
  -26.5037483332      -26.1197424358      -25.7398066976      -25.3641493790    
  -24.9930093224      -24.6266423410      -24.2653013036      -23.9092110377    
  -23.5585405255      -23.2133761267      -22.8737003611      -22.5393807337    
  -22.2101719103      -21.8857322736      -21.5656529499      -21.2494946069    
  -20.9368256248      -20.6272552388      -20.3204569243      -20.0161799809    
  -19.7142500037      -19.4145609005      -19.1170619535      -18.8217432525    
  -18.5286220170      -18.2377313088      -17.9491117228      -17.6628059816    
  -17.3788559713      -17.0973015966      -16.8181808252      -16.5415303809    
  -16.2673866633      -15.9957866078      -15.7267683134      -15.4603713624    
  -15.1966368265      -14.9356069966      -14.6773248995      -14.4218336747    
  -14.1691758802      -13.9193927868      -13.6725237129      -13.4286054335    
  -13.1876716853      -12.9497527843      -12.7148753578      -12.4830621877    
  -12.2543321621      -12.0287003146      -11.8061779605      -11.5867728798    
  -11.3704895606      -11.1573295126      -10.9472915436      -10.7403721008    
  -10.5365655738      -10.3358645759      -10.1382602727      -9.94374256334    
  -9.75230027616      -9.56392133799      -9.37859284986      -9.19630114878    
  -9.01703182273      -8.84076970581      -8.66749887039      -8.49720262772    
  -8.32986359293      -8.16546378517      -8.00398483619      -7.84540836547    
  -7.68971640536      -7.53689201111      -7.38692001351      -7.23978782881    
  -7.09548633140      -6.95401067246      -6.81536095130      -6.67954261004    
  -6.54656641856      -6.41644792285      -6.28920625759      -6.16486227420    
  -6.04343600795      -5.92494359579      -5.80939384950      -5.69678477135    
  -5.58710035431      -5.48030802105      -5.37635701613      -5.27517797466    
  -5.17668375978      -5.08077151156      -4.98732570700      -4.89622192039    
  -4.80733091212      -4.72052267000      -4.63567007494      -4.55265194744    
  -4.47135533470      -4.39167699972      -4.31352415968      -4.23681458136    
  -4.16147617458      -4.08744623350      -4.01467046528      -3.94310192379    
  -3.87269993861      -3.80342910177      -3.73525835002      -3.66816016033    
  -3.60210986166      -3.53708505628      -3.47306513840      -3.41003089543    
  -3.34796417722      -3.28684761986      -3.22666441295      -3.16739810142    
  -3.10903241575      -3.05155112619      -2.99493792016      -2.93917629712    
  -2.88424949604      -2.83014043117      -2.77683165917      -2.72430539802    
  -2.67254354001      -2.62152771909      -2.57123942465      -2.52166013877    
  -2.47277152561      -2.42455565997      -2.37699529848      -2.33007419050    
  -2.28377742433      -2.23809180250      -2.19300623622      -2.14851215080    
  -2.10460387849      -2.06127904035      -2.01853888293      -1.97638854369    
  -1.93483726363      -1.89389848961      -1.85358986255      -1.81393309280    
  -1.77495369815      -1.73668061207      -1.69914566214      -1.66238292939    
  -1.62642800343      -1.59131715359      -1.55708643966      -1.52377078860    
  -1.49140306434      -1.46001315728      -1.42962711880      -1.40026636264    
  -1.37194695230      -1.34467898885      -1.31846611033      -1.29330510933    
  -1.26918567242      -1.24609024190      -1.22399399800      -1.20286495820    
  -1.18266418883      -1.16334612371      -1.14485898399      -1.12714529308    
  -1.11014248056      -1.09378356811      -1.07799793029      -1.06271212171    
  -1.04785076091      -1.03333745951      -1.01909578329      -1.00505022990    
 -0.991127205556     -0.977255981935     -0.963369612658     -0.949405788673    
 -0.935307611964     -0.921024268417     -0.906511583041     -0.891732443918    
 -0.876657085461     -0.861263226127     -0.845536060681     -0.829468112109    
 -0.813058952801     -0.796314808708     -0.779248063381     -0.761876681007    
 -0.744223568903     -0.726315900088     -0.708184415951     -0.689862727606    
 -0.671386632460     -0.652793460120     -0.634121459060     -0.615409232774    
 -0.596695231465     -0.578017302851     -0.559412303544     -0.540915770524    
 -0.522561650766     -0.504382085846     -0.486407247539     -0.468665219818    
 -0.451181922337     -0.433981070404     -0.417084166476     -0.400510518411    
 -0.384277280005     -0.368399509665     -0.352890243486     -0.337760579406    
 -0.323019769458     -0.308675317636     -0.294733081166     -0.281197373381    
 -0.268071066679     -0.255355694356     -0.243051550324     -0.231157785980    
 -0.219672503629     -0.208592846095     -0.197915082204     -0.187634688020    
 -0.177746423740     -0.168244406244     -0.159122177399     -0.150372768176    
 -0.141988758755     -0.133962334740     -0.126285339709     -0.118949324216    
 -0.111945591506     -0.105265240064     -0.988992032217E-01 -0.928382859711E-01
 -0.870731991807E-01 -0.815945913413E-01 -0.763930780181E-01 -0.714592691261E-01
 -0.667837941803E-01 -0.623573256088E-01 -0.581706002718E-01 -0.542144392765E-01
 -0.504797661643E-01 -0.469576235747E-01 -0.436391884586E-01 -0.405157859122E-01
 -0.375789016988E-01 -0.348201935206E-01 -0.322315010897E-01 -0.298048550743E-01
 -0.275324849542E-01 -0.254068258207E-01 -0.234205242039E-01 -0.215664429447E-01
 -0.198376651498E-01 -0.182274973154E-01 -0.167294715780E-01 -0.153373472438E-01
 -0.140451115216E-01 -0.128469796035E-01 -0.117373940547E-01 -0.107110235776E-01
 -0.976276132278E-02 -0.888772183441E-02 -0.808127813517E-02 -0.733895371289E-02
 -0.666541625210E-02 -0.674894514776E-02 -0.683379292613E-02 -0.691973485166E-02
 -0.700675910278E-02 -0.709489456406E-02 -0.718413818728E-02 -0.727450416645E-02
 -0.736600667634E-02 -0.745866004775E-02 -0.755247877862E-02 -0.764747755014E-02
 -0.774367122062E-02 -0.784107483034E-02 -0.793970360678E-02 -0.803957296594E-02
 -0.814069851353E-02 -0.824309605900E-02 -0.834678159904E-02 -0.845177134102E-02
 -0.855808169186E-02 -0.866572925662E-02 -0.877473085737E-02 -0.888510352738E-02
 -0.899686451305E-02 -0.911003127635E-02 -0.922462150183E-02 -0.934065309787E-02
 -0.945814418972E-02 -0.957711313561E-02 -0.969757852644E-02 -0.981955918513E-02
 -0.994307417369E-02 -0.100681427871E-01 -0.101947845663E-01 -0.103230193012E-01
 -0.104528670303E-01 -0.105843480438E-01 -0.107174828890E-01 -0.108522923585E-01
 -0.109887975262E-01 -0.111270197155E-01 -0.112669805252E-01 -0.114087018239E-01
 -0.115522057618E-01 -0.116975147566E-01 -0.118446515110E-01 -0.119936390164E-01
 -0.121445005520E-01 -0.122972596962E-01 -0.124519403182E-01 -0.126085665752E-01
 -0.127671629569E-01 -0.129277542261E-01 -0.130903654880E-01 -0.132550221451E-01
 -0.134217499314E-01 -0.135905748954E-01 -0.137615234184E-01 -0.139346222097E-01
 -0.141098983087E-01 -0.142873791156E-01 -0.144670923531E-01 -0.146490661007E-01
 -0.148333288004E-01 -0.150199092400E-01 -0.152088365752E-01 -0.154001403204E-01
 -0.155938503734E-01 -0.157899969989E-01 -0.159886108444E-01 -0.161897229455E-01
 -0.163933647171E-01 -0.165995679931E-01 -0.168083649894E-01 -0.170197883230E-01
 -0.172338710433E-01 -0.174506465848E-01 -0.176701488274E-01 -0.178924120684E-01
 -0.181174710466E-01 -0.183453609125E-01 -0.185761172708E-01 -0.188097761921E-01
 -0.190463741818E-01 -0.192859482094E-01 -0.195285357151E-01 -0.197741745889E-01
 -0.200229032087E-01 -0.202747604591E-01 -0.205297856817E-01 -0.207880187308E-01
 -0.210494999470E-01 -0.213142702023E-01 -0.215823708498E-01 -0.218538437873E-01
 -0.221287314384E-01 -0.224070767442E-01 -0.226889231964E-01 -0.229743148570E-01
 -0.232632962909E-01 -0.235559126704E-01 -0.238522097029E-01 -0.241522337022E-01
 -0.244560315404E-01 -0.247636506813E-01 -0.250751391968E-01 -0.253905457487E-01
 -0.257099196287E-01 -0.260333107436E-01 -0.263607696137E-01 -0.266923473966E-01
 -0.270280959267E-01 -0.273680676673E-01 -0.277123156997E-01 -0.280608938631E-01
 -0.284138565801E-01 -0.287712590440E-01 -0.291331570600E-01 -0.294996071955E-01
 -0.298706666946E-01 -0.302463935780E-01 -0.306268464877E-01 -0.310120849330E-01
 -0.314021690808E-01 -0.317971598713E-01 -0.321971190401E-01 -0.326021090583E-01
 -0.330121932475E-01 -0.334274356458E-01 -0.338479011641E-01 -0.342736554932E-01
 -0.347047651387E-01 -0.351412974715E-01 -0.355833207149E-01 -0.360309039082E-01
 -0.364841170143E-01 -0.369430308512E-01 -0.374077171100E-01 -0.378782484038E-01
 -0.383546982322E-01 -0.388371410952E-01 -0.393256523269E-01 -0.398203082669E-01
 -0.403211862047E-01 -0.408283644279E-01 -0.413419221694E-01 -0.418619396567E-01
 -0.423884981768E-01
