 Raios
  0.663380087988E-06  0.133510447027E-05  0.201527810513E-05  0.270400727111E-05
  0.340139958352E-05  0.410756401134E-05  0.482261089420E-05  0.554665195962E-05
  0.627980034049E-05  0.702217059275E-05  0.777387871325E-05  0.853504215791E-05
  0.930577986008E-05  0.100862122491E-04  0.108764612691E-04  0.116766503981E-04
  0.124869046673E-04  0.133073506805E-04  0.141381166341E-04  0.149793323371E-04
  0.158311292310E-04  0.166936404108E-04  0.175670006458E-04  0.184513464001E-04
  0.193468158546E-04  0.202535489283E-04  0.211716873000E-04  0.221013744308E-04
  0.230427555860E-04  0.239959778585E-04  0.249611901911E-04  0.259385434004E-04
  0.269281901995E-04  0.279302852230E-04  0.289449850502E-04  0.299724482300E-04
  0.310128353056E-04  0.320663088396E-04  0.331330334394E-04  0.342131757829E-04
  0.353069046446E-04  0.364143909217E-04  0.375358076612E-04  0.386713300869E-04
  0.398211356264E-04  0.409854039392E-04  0.421643169445E-04  0.433580588499E-04
  0.445668161800E-04  0.457907778057E-04  0.470301349733E-04  0.482850813350E-04
  0.495558129787E-04  0.508425284588E-04  0.521454288272E-04  0.534647176648E-04
  0.548006011130E-04  0.561532879065E-04  0.575229894053E-04  0.589099196280E-04
  0.603142952853E-04  0.617363358137E-04  0.631762634100E-04  0.646343030658E-04
  0.661106826028E-04  0.676056327082E-04  0.691193869711E-04  0.706521819186E-04
  0.722042570531E-04  0.737758548895E-04  0.753672209931E-04  0.769786040181E-04
  0.786102557464E-04  0.802624311269E-04  0.819353883153E-04  0.836293887147E-04
  0.853446970160E-04  0.870815812396E-04  0.888403127773E-04  0.906211664344E-04
  0.924244204730E-04  0.942503566551E-04  0.960992602869E-04  0.979714202635E-04
  0.998671291137E-04  0.101786683046E-03  0.103730381994E-03  0.105698529665E-03
  0.107691433586E-03  0.109709405153E-03  0.111752759677E-03  0.113821816437E-03
  0.115916898728E-03  0.118038333909E-03  0.120186453460E-03  0.122361593029E-03
  0.124564092485E-03  0.126794295974E-03  0.129052551970E-03  0.131339213329E-03
  0.133654637347E-03  0.135999185814E-03  0.138373225070E-03  0.140777126064E-03
  0.143211264411E-03  0.145676020448E-03  0.148171779300E-03  0.150698930934E-03
  0.153257870222E-03  0.155848997003E-03  0.158472716148E-03  0.161129437616E-03
  0.163819576527E-03  0.166543553220E-03  0.169301793321E-03  0.172094727812E-03
  0.174922793095E-03  0.177786431059E-03  0.180686089155E-03  0.183622220459E-03
  0.186595283749E-03  0.189605743571E-03  0.192654070317E-03  0.195740740292E-03
  0.198866235796E-03  0.202031045194E-03  0.205235662994E-03  0.208480589923E-03
  0.211766333009E-03  0.215093405655E-03  0.218462327722E-03  0.221873625613E-03
  0.225327832349E-03  0.228825487657E-03  0.232367138053E-03  0.235953336926E-03
  0.239584644629E-03  0.243261628559E-03  0.246984863253E-03  0.250754930475E-03
  0.254572419305E-03  0.258437926233E-03  0.262352055252E-03  0.266315417953E-03
  0.270328633621E-03  0.274392329327E-03  0.278507140032E-03  0.282673708685E-03
  0.286892686319E-03  0.291164732160E-03  0.295490513721E-03  0.299870706917E-03
  0.304305996160E-03  0.308797074475E-03  0.313344643600E-03  0.317949414103E-03
  0.322612105488E-03  0.327333446312E-03  0.332114174292E-03  0.336955036427E-03
  0.341856789112E-03  0.346820198256E-03  0.351846039401E-03  0.356935097845E-03
  0.362088168765E-03  0.367306057337E-03  0.372589578868E-03  0.377939558918E-03
  0.383356833433E-03  0.388842248873E-03  0.394396662345E-03  0.400020941739E-03
  0.405715965857E-03  0.411482624561E-03  0.417321818902E-03  0.423234461266E-03
  0.429221475515E-03  0.435283797133E-03  0.441422373370E-03  0.447638163390E-03
  0.453932138424E-03  0.460305281918E-03  0.466758589689E-03  0.473293070078E-03
  0.479909744113E-03  0.486609645661E-03  0.493393821596E-03  0.500263331959E-03
  0.507219250126E-03  0.514262662972E-03  0.521394671045E-03  0.528616388737E-03
  0.535928944454E-03  0.543333480799E-03  0.550831154746E-03  0.558423137821E-03
  0.566110616287E-03  0.573894791329E-03  0.581776879239E-03  0.589758111610E-03
  0.597839735525E-03  0.606023013756E-03  0.614309224955E-03  0.622699663860E-03
  0.631195641494E-03  0.639798485371E-03  0.648509539703E-03  0.657330165610E-03
  0.666261741332E-03  0.675305662447E-03  0.684463342085E-03  0.693736211153E-03
  0.703125718555E-03  0.712633331420E-03  0.722260535334E-03  0.732008834565E-03
  0.741879752306E-03  0.751874830908E-03  0.761995632121E-03  0.772243737342E-03
  0.782620747857E-03  0.793128285097E-03  0.803767990885E-03  0.814541527696E-03
  0.825450578918E-03  0.836496849112E-03  0.847682064280E-03  0.859007972136E-03
  0.870476342374E-03  0.882088966952E-03  0.893847660365E-03  0.905754259934E-03
  0.917810626088E-03  0.930018642660E-03  0.942380217176E-03  0.954897281159E-03
  0.967571790424E-03  0.980405725390E-03  0.993401091385E-03  0.100655991896E-02
  0.101988426421E-02  0.103337620910E-02  0.104703786175E-02  0.106087135685E-02
  0.107487885589E-02  0.108906254758E-02  0.110342464814E-02  0.111796740170E-02
  0.113269308057E-02  0.114760398568E-02  0.116270244689E-02  0.117799082337E-02
  0.119347150394E-02  0.120914690751E-02  0.122501948338E-02  0.124109171167E-02
  0.125736610371E-02  0.127384520240E-02  0.129053158264E-02  0.130742785170E-02
  0.132453664967E-02  0.134186064982E-02  0.135940255906E-02  0.137716511836E-02
  0.139515110316E-02  0.141336332379E-02  0.143180462595E-02  0.145047789114E-02
  0.146938603710E-02  0.148853201825E-02  0.150791882619E-02  0.152754949016E-02
  0.154742707749E-02  0.156755469408E-02  0.158793548493E-02  0.160857263456E-02
  0.162946936758E-02  0.165062894915E-02  0.167205468549E-02  0.169374992441E-02
  0.171571805584E-02  0.173796251235E-02  0.176048676968E-02  0.178329434729E-02
  0.180638880891E-02  0.182977376309E-02  0.185345286379E-02  0.187742981091E-02
  0.190170835089E-02  0.192629227732E-02  0.195118543147E-02  0.197639170295E-02
  0.200191503030E-02  0.202775940159E-02  0.205392885505E-02  0.208042747971E-02
  0.210725941603E-02  0.213442885657E-02  0.216194004659E-02  0.218979728479E-02
  0.221800492391E-02  0.224656737145E-02  0.227548909035E-02  0.230477459970E-02
  0.233442847540E-02  0.236445535094E-02  0.239485991808E-02  0.242564692759E-02
  0.245682119001E-02  0.248838757638E-02  0.252035101902E-02  0.255271651226E-02
  0.258548911330E-02  0.261867394290E-02  0.265227618628E-02  0.268630109385E-02
  0.272075398207E-02  0.275564023428E-02  0.279096530152E-02  0.282673470340E-02
  0.286295402898E-02  0.289962893758E-02  0.293676515975E-02  0.297436849808E-02
  0.301244482819E-02  0.305100009957E-02  0.309004033656E-02  0.312957163928E-02
  0.316960018457E-02  0.321013222698E-02  0.325117409973E-02  0.329273221568E-02
  0.333481306838E-02  0.337742323304E-02  0.342056936760E-02  0.346425821372E-02
  0.350849659788E-02  0.355329143240E-02  0.359864971658E-02  0.364457853774E-02
  0.369108507235E-02  0.373817658715E-02  0.378586044029E-02  0.383414408247E-02
  0.388303505810E-02  0.393254100650E-02  0.398266966307E-02  0.403342886051E-02
  0.408482653007E-02  0.413687070271E-02  0.418956951047E-02  0.424293118762E-02
  0.429696407204E-02  0.435167660648E-02  0.440707733988E-02  0.446317492873E-02
  0.451997813837E-02  0.457749584444E-02  0.463573703418E-02  0.469471080791E-02
  0.475442638039E-02  0.481489308231E-02  0.487612036171E-02  0.493811778547E-02
  0.500089504083E-02  0.506446193684E-02  0.512882840598E-02  0.519400450564E-02
  0.526000041970E-02  0.532682646017E-02  0.539449306875E-02  0.546301081849E-02
  0.553239041543E-02  0.560264270026E-02  0.567377865005E-02  0.574580937994E-02
  0.581874614488E-02  0.589260034138E-02  0.596738350931E-02  0.604310733369E-02
  0.611978364653E-02  0.619742442866E-02  0.627604181160E-02  0.635564807948E-02
  0.643625567094E-02  0.651787718109E-02  0.660052536345E-02  0.668421313197E-02
  0.676895356302E-02  0.685475989748E-02  0.694164554276E-02  0.702962407492E-02
  0.711870924079E-02  0.720891496009E-02  0.730025532767E-02  0.739274461563E-02
  0.748639727562E-02  0.758122794105E-02  0.767725142941E-02  0.777448274457E-02
  0.787293707911E-02  0.797262981673E-02  0.807357653462E-02  0.817579300591E-02
  0.827929520213E-02  0.838409929571E-02  0.849022166250E-02  0.859767888434E-02
  0.870648775164E-02  0.881666526600E-02  0.892822864288E-02  0.904119531430E-02
  0.915558293152E-02  0.927140936784E-02  0.938869272137E-02  0.950745131788E-02
  0.962770371365E-02  0.974946869835E-02  0.987276529800E-02  0.999761277796E-02
  0.101240306459E-01  0.102520386549E-01  0.103816568064E-01  0.105129053535E-01
  0.106458048041E-01  0.107803759241E-01  0.109166397403E-01  0.110546175443E-01
  0.111943308955E-01  0.113358016243E-01  0.114790518358E-01  0.116241039131E-01
  0.117709805210E-01  0.119197046092E-01  0.120702994160E-01  0.122227884724E-01
  0.123771956050E-01  0.125335449402E-01  0.126918609080E-01  0.128521682454E-01
  0.130144920010E-01  0.131788575381E-01  0.133452905390E-01  0.135138170095E-01
  0.136844632819E-01  0.138572560203E-01  0.140322222237E-01  0.142093892310E-01
  0.143887847250E-01  0.145704367365E-01  0.147543736490E-01  0.149406242030E-01
  0.151292175006E-01  0.153201830099E-01  0.155135505696E-01  0.157093503937E-01
  0.159076130765E-01  0.161083695968E-01  0.163116513232E-01  0.165174900190E-01
  0.167259178469E-01  0.169369673741E-01  0.171506715775E-01  0.173670638490E-01
  0.175861780001E-01  0.178080482679E-01  0.180327093202E-01  0.182601962606E-01
  0.184905446345E-01  0.187237904342E-01  0.189599701049E-01  0.191991205502E-01
  0.194412791377E-01  0.196864837054E-01  0.199347725667E-01  0.201861845175E-01
  0.204407588414E-01  0.206985353160E-01  0.209595542195E-01  0.212238563367E-01
  0.214914829652E-01  0.217624759223E-01  0.220368775512E-01  0.223147307276E-01
  0.225960788668E-01  0.228809659300E-01  0.231694364312E-01  0.234615354447E-01
  0.237573086114E-01  0.240568021466E-01  0.243600628467E-01  0.246671380968E-01
  0.249780758781E-01  0.252929247752E-01  0.256117339839E-01  0.259345533188E-01
  0.262614332210E-01  0.265924247663E-01  0.269275796726E-01  0.272669503087E-01
  0.276105897020E-01  0.279585515466E-01  0.283108902125E-01  0.286676607532E-01
  0.290289189148E-01  0.293947211448E-01  0.297651246003E-01  0.301401871578E-01
  0.305199674215E-01  0.309045247328E-01  0.312939191796E-01  0.316882116056E-01
  0.320874636198E-01  0.324917376061E-01  0.329010967331E-01  0.333156049641E-01
  0.337353270668E-01  0.341603286236E-01  0.345906760419E-01  0.350264365643E-01
  0.354676782794E-01  0.359144701320E-01  0.363668819342E-01  0.368249843764E-01
  0.372888490379E-01  0.377585483987E-01  0.382341558500E-01  0.387157457067E-01
  0.392033932180E-01  0.396971745799E-01  0.401971669467E-01  0.407034484433E-01
  0.412160981772E-01  0.417351962509E-01  0.422608237746E-01  0.427930628786E-01
  0.433319967264E-01  0.438777095274E-01  0.444302865505E-01  0.449898141369E-01
  0.455563797140E-01  0.461300718087E-01  0.467109800616E-01  0.472991952408E-01
  0.478948092561E-01  0.484979151735E-01  0.491086072294E-01  0.497269808457E-01
  0.503531326446E-01  0.509871604636E-01  0.516291633708E-01  0.522792416804E-01
  0.529374969686E-01  0.536040320890E-01  0.542789511891E-01  0.549623597264E-01
  0.556543644848E-01  0.563550735916E-01  0.570645965339E-01  0.577830441762E-01
  0.585105287773E-01  0.592471640083E-01  0.599930649698E-01  0.607483482104E-01
  0.615131317446E-01  0.622875350714E-01  0.630716791930E-01  0.638656866334E-01
  0.646696814579E-01  0.654837892924E-01  0.663081373428E-01  0.671428544152E-01
  0.679880709358E-01  0.688439189715E-01  0.697105322503E-01  0.705880461821E-01
  0.714765978805E-01  0.723763261833E-01  0.732873716750E-01  0.742098767082E-01
  0.751439854263E-01  0.760898437856E-01  0.770475995785E-01  0.780174024562E-01
  0.789994039524E-01  0.799937575069E-01  0.810006184893E-01  0.820201442238E-01
  0.830524940134E-01  0.840978291648E-01  0.851563130137E-01  0.862281109504E-01
  0.873133904455E-01  0.884123210762E-01  0.895250745525E-01  0.906518247445E-01
  0.917927477092E-01  0.929480217182E-01  0.941178272852E-01  0.953023471949E-01
  0.965017665309E-01  0.977162727049E-01  0.989460554859E-01  0.100191307030    
  0.101452221910      0.102728997148      0.104021832240      0.105330929196    
  0.106656492565      0.107998729468      0.109357849633      0.110734065426    
  0.112127591882      0.113538646742      0.114967450489      0.116414226373    
  0.117879200459      0.119362601649      0.120864661730      0.122385615401    
  0.123925700313      0.125485157109      0.127064229457      0.128663164090    
  0.130282210845      0.131921622701      0.133581655819      0.135262569584    
  0.136964626640      0.138688092939      0.140433237776      0.142200333832    
  0.143989657220      0.145801487526      0.147636107851      0.149493804860    
  0.151374868820      0.153279593652      0.155208276973      0.157161220144    
  0.159138728315      0.161141110478      0.163168679507      0.165221752216    
  0.167300649399      0.169405695891      0.171537220607      0.173695556604    
  0.175881041126      0.178094015659      0.180334825984      0.182603822234    
  0.184901358943      0.187227795107      0.189583494235      0.191968824410    
  0.194384158345      0.196829873441      0.199306351846      0.201813980515    
  0.204353151269      0.206924260859      0.209527711027      0.212163908567    
  0.214833265389      0.217536198588      0.220273130500      0.223044488778    
  0.225850706451      0.228692221998      0.231569479410      0.234482928265    
  0.237433023796      0.240420226960      0.243445004514      0.246507829086    
  0.249609179249      0.252749539594      0.255929400810      0.259149259756    
  0.262409619542      0.265710989605      0.269053885792      0.272438830436    
  0.275866352442      0.279336987368      0.282851277508      0.286409771975    
  0.290013026793      0.293661604976      0.297356076624      0.301097019004    
  0.304885016647      0.308720661434      0.312604552694      0.316537297291    
  0.320519509726      0.324551812227      0.328634834850      0.332769215575    
  0.336955600407      0.341194643478      0.345487007147      0.349833362105    
  0.354234387477      0.358690770934      0.363203208795      0.367772406136    
  0.372399076905      0.377083944027      0.381827739524      0.386631204623    
  0.391495089874      0.396420155271      0.401407170364      0.406456914384    
  0.411570176365      0.416747755264      0.421990460089      0.427299110022    
  0.432674534550      0.438117573596      0.443629077645      0.449209907880    
  0.454860936318      0.460583045943      0.466377130847      0.472244096367    
  0.478184859229      0.484200347688      0.490291501678      0.496459272952    
  0.502704625239      0.509028534387      0.515431988520      0.521915988190    
  0.528481546536      0.535129689439      0.541861455686      0.548677897128    
  0.555580078849      0.562569079327      0.569645990610      0.576811918478    
  0.584067982623      0.591415316819      0.598855069102      0.606388401949    
  0.614016492458      0.621740532533      0.629561729073      0.637481304154    
  0.645500495226      0.653620555305      0.661842753166      0.670168373544    
  0.678598717335      0.687135101796      0.695778860756      0.704531344819    
  0.713393921579      0.722367975831      0.731454909790      0.740656143307    
  0.749973114094      0.759407277946      0.768960108972      0.778633099819    
  0.788427761913      0.798345625690      0.808388240835      0.818557176529    
  0.828854021687      0.839280385213      0.849837896248      0.860528204423    
  0.871352980122      0.882313914737      0.893412720938      0.904651132934    
  0.916030906751      0.927553820501      0.939221674664      0.951036292364    
  0.962999519661      0.975113225833      0.987379303671      0.999799669775    
   1.01237626485       1.02511105402       1.03800602712       1.05106319901    
   1.06428460990       1.07767232567       1.09122843818       1.10495506559    
   1.11885435272       1.13292847135       1.14717962061       1.16161002725    
   1.17622194607       1.19101766020       1.20599948150       1.22116975092    
   1.23653083884       1.25208514545       1.26783510116       1.28378316692    
   1.29993183465       1.31628362762       1.33284110082       1.34960684140    
   1.36658346904       1.38377363636       1.40118002937       1.41880536785    
   1.43665240579       1.45472393184       1.47302276970       1.49155177861    
   1.51031385375       1.52931192675       1.54854896610       1.56802797760    
   1.58775200492       1.60772412995       1.62794747339       1.64842519517    
   1.66916049499       1.69015661277       1.71141682920       1.73294446623    
   1.75474288760       1.77681549936       1.79916575039       1.82179713298    
   1.84471318331       1.86791748208       1.89141365499       1.91520537337    
   1.93929635473       1.96369036333       1.98839121079       2.01340275665    
   2.03872890904       2.06437362521       2.09034091219       2.11663482744    
   2.14325947943       2.17021902831       2.19751768657       2.22515971968    
   2.25314944676       2.28149124127       2.31018953167       2.33924880213    
   2.36867359321       2.39846850259       2.42863818581       2.45918735692    
   2.49012078929       2.52144331635       2.55315983230       2.58527529291    
   2.61779471628       2.65072318364       2.68406584013       2.71782789561    
   2.75201462547       2.78663137146       2.82168354251       2.85717661559    
   2.89311613657       2.92950772108       2.96635705537       3.00366989722    
   3.04145207685       3.07970949779       3.11844813784       3.15767405001    
   3.19739336341       3.23761228427       3.27833709687       3.31957416456    
   3.36132993070       3.40361091973       3.44642373812       3.48977507548    
   3.53367170554       3.57812048723       3.62312836576       3.66870237372    
   3.71484963212       3.76157735158       3.80889283339       3.85680347070    
   3.90531674964       3.95444025051       4.00418164895       4.05454871716    
   4.10554932510       4.15719144171       4.20948313618       4.26243257920    
   4.31604804423       4.37033790878       4.42531065576       4.48097487478    
   4.53733926347       4.59441262890       4.65220388889       4.71072207345    
   4.76997632615       4.82997590560       4.89073018685       4.95224866288    
   5.01454094609       5.07761676975       5.14148598962       5.20615858536    
   5.27164466222       5.33795445252       5.40509831731       5.47308674795    
   5.54193036777       5.61163993372       5.68222633807       5.75370061008    
   5.82607391777       5.89935756959       5.97356301628       6.04870185259    
   6.12478581911       6.20182680411       6.27983684541       6.35882813223    
   6.43881300713       6.51980396790       6.60181366954       6.68485492625    
   6.76894071337       6.85408416950       6.94029859846       7.02759747144    
   7.11599442906       7.20550328353       7.29613802078       7.38791280269    
   7.48084196925       7.57494004082       7.67022172043       7.76670189602    
   7.86439564283       7.96331822570       8.06348510149       8.16491192147    
   8.26761453378       8.37160898593       8.47691152726       8.58353861150    
   8.69150689935       8.80083326108       8.91153477915       9.02362875091    
   9.13713269125       9.25206433541       9.36844164168       9.48628279426    
   9.60560620607       9.72643052163       9.84877461999       9.97265761766    
   10.0980988716       10.2251179823       10.3537347967       10.4839694115    
   10.6158421761       10.7493736958       10.8845848353       11.0214967216    
   11.1601307474       11.3005085746       11.4426521375       11.5865836463    
   11.7323255905       11.8799007428       12.0293321620       12.1806431971    
   12.3338574906       12.4889989828       12.6460919146       12.8051608323    
   12.9662305907       13.1293263572       13.2944736160       13.4616981715    
   13.6310261530       13.8024840183       13.9760985580       14.1518968998    
   14.3299065126       14.5101552106       14.6926711582       14.8774828737    
   15.0646192344       15.2541094808       15.4459832211       15.6402704360    
   15.8370014831       16.0362071022       16.2379184195       16.4421669528    
   16.6489846164       16.8584037260       17.0704570037       17.2851775833    
   17.5025990153       17.7227552722       17.9456807540       18.1714102931    
   18.3999791602       18.6314230698       18.8657781854       19.1030811255    
   19.3433689691       19.5866792617       19.8330500210       20.0825197430    
   20.3351274077       20.5909124858       20.8499149441       21.1121752522    
   21.3777343889       21.6466338483       21.9189156466       22.1946223283    
   22.4737969731       22.7564832026       23.0427251872       23.3325676527    
   23.6260558876       23.9232357501       24.2241536750       24.5288566815    
   24.8373923800       25.1498089798       25.4661552967       25.7864807604    
   26.1108354225       26.4392699639       26.7718357033       27.1085846047    
   27.4495692859       27.7948430263       28.1444597758       28.4984741626    
   28.8569415022       29.2199178059       29.5874597894       29.9596248820    
   30.3364712351       30.7180577318       31.1044439958       31.4956904007    
   31.8918580795       32.2930089343       32.6992056456       33.1105116827    
   33.5269913127       33.9487096116       34.3757324737       34.8081266222    
   35.2459596195       35.6892998780       36.1382166704       36.5927801409    
   37.0530613161       37.5191321156       37.9910653642       38.4689348022    
   38.9528150978       39.4427818583       39.9389116419       40.4412819699    
   40.9499713388       41.4650592323       41.9866261338       42.5147535394    
   43.0495239699       43.5910209844       44.1393291929       44.6945342695    
   45.2567229664       45.8259831265       46.4024036979       46.9860747476    
   47.5770874752       48.1755342279       48.7815085140       49.3951050183    
   50.0164196165       50.6455493902       51.2825926424       51.9276489122    
   52.5808189910       53.2422049380       53.9119100962       54.5900391081    
   55.2766979330       55.9719938627       56.6760355385       57.3889329684    
   58.1107975441       58.8417420584       59.5818807228       60.3313291856    
   61.0902045495       61.8586253904       62.6367117756       63.4245852828    
   64.2223690186       65.0301876385       65.8481673658       66.6764360114    
   67.5151229941       68.3643593603       69.2242778050       70.0950126922    
   70.9767000759       71.8694777217       72.7734851279       73.6888635474    
   74.6157560100       75.5543073445       76.5046642015       77.4669750762    
   78.4413903315       79.4280622220       80.4271449170       81.4387945253    
   82.4631691191       83.5004287591       84.5507355193       85.6142535121    
   86.6911489145       87.7815899935       88.8857471328       90.0037928591    
   91.1359018695       92.2822510581       93.4430195445       94.6183887010    
   95.8085421815       97.0136659499       98.2339483092       99.4695799311    
   100.720753885       101.987665671       103.270513244       104.569497054    
   105.884820069       107.216687810       108.565308386       109.930892520    
   111.313653587       112.713807648       114.131573479       115.567172609    
   117.020829352       118.492770847       119.983227086    
Down potential follows (l on next line)
 1
  -93.9665683258      -94.0817515987      -93.9200384380      -94.0281881991    
  -93.9902415858      -94.0014287531      -93.9905900662      -93.9957169405    
  -93.9933365049      -93.9928937462      -93.9921808744      -93.9914846721    
  -93.9907824390      -93.9900858342      -93.9893891617      -93.9886948085    
  -93.9880018339      -93.9873105208      -93.9866207759      -93.9859326214    
  -93.9852460599      -93.9845611075      -93.9838777857      -93.9831961232    
  -93.9825161558      -93.9818379260      -93.9811614835      -93.9804868852    
  -93.9798141953      -93.9791434856      -93.9784748353      -93.9778083316    
  -93.9771440697      -93.9764821528      -93.9758226923      -93.9751658082    
  -93.9745116291      -93.9738602922      -93.9732119434      -93.9725667377    
  -93.9719248390      -93.9712864205      -93.9706516641      -93.9700207611    
  -93.9693939120      -93.9687713260      -93.9681532216      -93.9675398261    
  -93.9669313754      -93.9663281141      -93.9657302948      -93.9651381782    
  -93.9645520325      -93.9639721332      -93.9633987623      -93.9628322079    
  -93.9622727637      -93.9617207281      -93.9611764035      -93.9606400954    
  -93.9601121115      -93.9595927604      -93.9590823510      -93.9585811907    
  -93.9580895844      -93.9576078328      -93.9571362315      -93.9566750684    
  -93.9562246228      -93.9557851634      -93.9553569460      -93.9549402122    
  -93.9545351867      -93.9541420754      -93.9537610635      -93.9533923128    
  -93.9530359595      -93.9526921120      -93.9523608486      -93.9520422150    
  -93.9517362220      -93.9514428431      -93.9511620125      -93.9508936229    
  -93.9506375230      -93.9503935160      -93.9501613577      -93.9499407545    
  -93.9497313623      -93.9495327849      -93.9493445733      -93.9491662242    
  -93.9489971802      -93.9488368292      -93.9486845042      -93.9485394839    
  -93.9484009932      -93.9482682042      -93.9481402373      -93.9480161631    
  -93.9478950042      -93.9477757372      -93.9476572955      -93.9475385722    
  -93.9474184228      -93.9472956690      -93.9471691020      -93.9470374864    
  -93.9468995639      -93.9467540578      -93.9465996767      -93.9464351192    
  -93.9462590779      -93.9460702436      -93.9458673099      -93.9456489769    
  -93.9454139557      -93.9451609720      -93.9448887701      -93.9445961162    
  -93.9442818020      -93.9439446477      -93.9435835048      -93.9431972586    
  -93.9427848308      -93.9423451813      -93.9418773098      -93.9413802573    
  -93.9408531075      -93.9402949870      -93.9397050666      -93.9390825609    
  -93.9384267288      -93.9377368727      -93.9370123388      -93.9362525158    
  -93.9354568341      -93.9346247650      -93.9337558193      -93.9328495457    
  -93.9319055298      -93.9309233921      -93.9299027866      -93.9288433985    
  -93.9277449431      -93.9266071635      -93.9254298288      -93.9242127321    
  -93.9229556888      -93.9216585348      -93.9203211241      -93.9189433277    
  -93.9175250311      -93.9160661333      -93.9145665444      -93.9130261843    
  -93.9114449812      -93.9098228700      -93.9081597908      -93.9064556874    
  -93.9047105065      -93.9029241959      -93.9010967035      -93.8992279764    
  -93.8973179598      -93.8953665957      -93.8933738225      -93.8913395739    
  -93.8892637781      -93.8871463571      -93.8849872263      -93.8827862936    
  -93.8805434586      -93.8782586131      -93.8759316392      -93.8735624104    
  -93.8711507899      -93.8686966310      -93.8661997769      -93.8636600599    
  -93.8610773015      -93.8584513121      -93.8557818909      -93.8530688257    
  -93.8503118926      -93.8475108562      -93.8446654692      -93.8417754726    
  -93.8388405953      -93.8358605544      -93.8328350548      -93.8297637894    
  -93.8266464393      -93.8234826731      -93.8202721476      -93.8170145074    
  -93.8137093850      -93.8103564009      -93.8069551635      -93.8035052690    
  -93.8000063018      -93.7964578342      -93.7928594264      -93.7892106268    
  -93.7855109717      -93.7817599855      -93.7779571806      -93.7741020577    
  -93.7701941054      -93.7662328005      -93.7622176078      -93.7581479806    
  -93.7540233598      -93.7498431749      -93.7456068434      -93.7413137707    
  -93.7369633507      -93.7325549652      -93.7280879840      -93.7235617654    
  -93.7189756553      -93.7143289879      -93.7096210852      -93.7048512576    
  -93.7000188029      -93.6951230072      -93.6901631443      -93.6851384757    
  -93.6800482510      -93.6748917073      -93.6696680692      -93.6643765491    
  -93.6590163468      -93.6535866498      -93.6480866326      -93.6425154573    
  -93.6368722732      -93.6311562165      -93.6253664107      -93.6195019662    
  -93.6135619802      -93.6075455369      -93.6014517068      -93.5952795474    
  -93.5890281022      -93.5826964015      -93.5762834617      -93.5697882850    
  -93.5632098602      -93.5565471615      -93.5497991490      -93.5429647686    
  -93.5360429515      -93.5290326143      -93.5219326590      -93.5147419723    
  -93.5074594264      -93.5000838777      -93.4926141678      -93.4850491225    
  -93.4773875520      -93.4696282506      -93.4617699969      -93.4538115531    
  -93.4457516652      -93.4375890628      -93.4293224588      -93.4209505494    
  -93.4124720137      -93.4038855136      -93.3951896939      -93.3863831817    
  -93.3774645865      -93.3684324998      -93.3592854952      -93.3500221279    
  -93.3406409347      -93.3311404337      -93.3215191242      -93.3117754865    
  -93.3019079816      -93.2919150510      -93.2817951166      -93.2715465805    
  -93.2611678246      -93.2506572106      -93.2400130796      -93.2292337522    
  -93.2183175279      -93.2072626850      -93.1960674806      -93.1847301502    
  -93.1732489072      -93.1616219434      -93.1498474281      -93.1379235081    
  -93.1258483074      -93.1136199273      -93.1012364458      -93.0886959173    
  -93.0759963729      -93.0631358196      -93.0501122402      -93.0369235933    
  -93.0235678130      -93.0100428083      -92.9963464632      -92.9824766366    
  -92.9684311617      -92.9542078457      -92.9398044702      -92.9252187901    
  -92.9104485341      -92.8954914039      -92.8803450744      -92.8650071932    
  -92.8494753803      -92.8337472280      -92.8178203008      -92.8016921349    
  -92.7853602379      -92.7688220889      -92.7520751381      -92.7351168064    
  -92.7179444853      -92.7005555368      -92.6829472930      -92.6651170558    
  -92.6470620968      -92.6287796573      -92.6102669474      -92.5915211464    
  -92.5725394026      -92.5533188324      -92.5338565208      -92.5141495210    
  -92.4941948540      -92.4739895084      -92.4535304405      -92.4328145738    
  -92.4118387989      -92.3905999734      -92.3690949214      -92.3473204338    
  -92.3252732677      -92.3029501464      -92.2803477592      -92.2574627612    
  -92.2342917734      -92.2108313820      -92.1870781387      -92.1630285604    
  -92.1386791293      -92.1140262923      -92.0890664611      -92.0637960122    
  -92.0382112869      -92.0123085905      -91.9860841932      -91.9595343291    
  -91.9326551967      -91.9054429585      -91.8778937414      -91.8500036359    
  -91.8217686965      -91.7931849419      -91.7642483544      -91.7349548801    
  -91.7053004292      -91.6752808756      -91.6448920567      -91.6141297742    
  -91.5829897934      -91.5514678434      -91.5195596174      -91.4872607725    
  -91.4545669296      -91.4214736741      -91.3879765551      -91.3540710862    
  -91.3197527455      -91.2850169751      -91.2498591821      -91.2142747380    
  -91.1782589795      -91.1418072078      -91.1049146896      -91.0675766569    
  -91.0297883070      -90.9915448030      -90.9528412738      -90.9136728145    
  -90.8740344865      -90.8339213175      -90.7933283023      -90.7522504023    
  -90.7106825465      -90.6686196311      -90.6260565204      -90.5829880464    
  -90.5394090096      -90.4953141790      -90.4506982926      -90.4055560576    
  -90.3598821504      -90.3136712175      -90.2669178754      -90.2196167108    
  -90.1717622813      -90.1233491156      -90.0743717133      -90.0248245462    
  -89.9747020576      -89.9239986633      -89.8727087514      -89.8208266832    
  -89.7683467929      -89.7152633881      -89.6615707504      -89.6072631351    
  -89.5523347719      -89.4967798650      -89.4405925935      -89.3837671113    
  -89.3262975477      -89.2681780072      -89.2094025701      -89.1499652925    
  -89.0898602065      -89.0290813202      -88.9676226179      -88.9054780604    
  -88.8426415847      -88.7791071045      -88.7148685099      -88.6499196674    
  -88.5842544203      -88.5178665882      -88.4507499671      -88.3828983295    
  -88.3143054240      -88.2449649754      -88.1748706845      -88.1040162278    
  -88.0323952572      -87.9600014003      -87.8868282594      -87.8128694118    
  -87.7381184093      -87.6625687778      -87.5862140170      -87.5090476002    
  -87.4310629737      -87.3522535566      -87.2726127401      -87.1921338877    
  -87.1108103340      -87.0286353850      -86.9456023172      -86.8617043776    
  -86.7769347827      -86.6912867190      -86.6047533417      -86.5173277751    
  -86.4290031118      -86.3397724126      -86.2496287066      -86.1585649900    
  -86.0665742272      -85.9736493497      -85.8797832564      -85.7849688136    
  -85.6891988553      -85.5924661825      -85.4947635643      -85.3960837377    
  -85.2964194076      -85.1957632478      -85.0941079010      -84.9914459790    
  -84.8877700638      -84.7830727079      -84.6773464344      -84.5705837383    
  -84.4627770865      -84.3539189184      -84.2440016464      -84.1330176566    
  -84.0209593086      -83.9078189356      -83.7935888450      -83.6782613176    
  -83.5618286071      -83.4442829397      -83.3256165128      -83.2058214936    
  -83.0848900174      -82.9628141850      -82.8395860605      -82.7151976680    
  -82.5896409880      -82.4629079535      -82.3349904457      -82.2058802894    
  -82.0755692481      -81.9440490192      -81.8113112292      -81.6773474295    
  -81.5421490928      -81.4057076106      -81.2680142920      -81.1290603651    
  -80.9888369804      -80.8473352186      -80.7045461017      -80.5604606095    
  -80.4150697030      -80.2683643534      -80.1203355811      -79.9709745028    
  -79.8202723896      -79.6682207361      -79.5148113422      -79.3600364071    
  -79.2038886362      -79.0463613615      -78.8874486729      -78.7271455606    
  -78.5654480657      -78.4023534357      -78.2378602810      -78.0719687287    
  -77.9046805644      -77.7359993610      -77.5659305782      -77.3944816377    
  -77.2216619561      -77.0474829223      -76.8719578373      -76.6951017878    
  -76.5169314538      -76.3374648623      -76.1567210747      -75.9747198210    
  -75.7914810857      -75.6070246557      -75.4213696450      -75.2345340085    
  -75.0465340635      -74.8573840314      -74.6670956181      -74.4756776435    
  -74.2831357348      -74.0894720886      -73.8946853112      -73.6987703383    
  -73.5017184356      -73.3035172794      -73.1041511136      -72.9036009790    
  -72.7018450094      -72.4988587879      -72.2946157540      -72.0890876520    
  -71.8822450094      -71.6740576295      -71.4644950862      -71.2535272027    
  -71.0411244998      -70.8272586009      -70.6119025805      -70.3950312508    
  -70.1766213808      -69.9566518500      -69.7351037390      -69.5119603660    
  -69.2872072759      -69.0608321937      -68.8328249504      -68.6031773913    
  -68.3718832722      -68.1389381518      -67.9043392813      -67.6680854965    
  -67.4301771111      -67.1906158137      -66.9494045669      -66.7065475088    
  -66.4620498559      -66.2159178079      -65.9681584529      -65.7187796739    
  -65.4677900573      -65.2151988023      -64.9610156324      -64.7052507106    
  -64.4479145572      -64.1890179714      -63.9285719583      -63.6665876597    
  -63.4030762910      -63.1380490835      -62.8715172330      -62.6034918540    
  -62.3339839410      -62.0630043356      -61.7905637005      -61.5166724996    
  -61.2413409850      -60.9645791902      -60.6863969288      -60.4068038003    
  -60.1258092000      -59.8434223355      -59.5596522468      -59.2745078310    
  -58.9879978706      -58.7001310643      -58.4109160604      -58.1203614912    
  -57.8284760088      -57.5352683210      -57.2407472283      -56.9449216611    
  -56.6478007184      -56.3493937105      -56.0497102064      -55.7487600912    
  -55.4465536378      -55.1431015983      -54.8384153247      -54.5325069267    
  -54.2253894778      -53.9170772807      -53.6075862040      -53.2969341004    
  -52.9851413153      -52.6722312896      -52.3582312587      -52.0431730258    
  -51.7270938134      -51.4100371385      -51.0920536503      -50.7732019257    
  -50.4535490901      -50.1331711917      -49.8121532609      -49.4905889360    
  -49.1685795900      -48.8462328895      -48.5236607467      -48.2009766684    
  -47.8782925345      -47.5557148960      -47.2333409392      -46.9112543070    
  -46.5895210430      -46.2681859839      -45.9472699688      -45.6267682572    
  -45.3066505136      -44.9868626111      -44.6673303245      -44.3479647340    
  -44.0286688943      -43.7093450965      -43.3899019270      -43.0702603483    
  -42.7503581957      -42.4301527516      -42.1096213710      -41.7887604011    
  -41.4675828305      -41.1461151797      -40.8243941318      -40.5024633160    
  -40.1803705324      -39.8581655831      -39.5358987581      -39.2136199406    
  -38.8913782360      -38.5692219995      -38.2471991258      -37.9253574744    
  -37.6037453205      -37.2824117492      -36.9614069349      -36.6407822743    
  -36.3205903656      -36.0008848386      -35.6817200574      -35.3631507214    
  -35.0452313927      -34.7280159804      -34.4115572067      -34.0959060776    
  -33.7811113770      -33.4672191987      -33.1542725255      -32.8423108651    
  -32.5313699466      -32.2214814805      -31.9126729859      -31.6049676848    
  -31.2983844640      -30.9929379061      -30.6886383880      -30.3854922474    
  -30.0835020154      -29.7826667151      -29.4829822209      -29.1844416761    
  -28.8870359614      -28.5907542060      -28.2955843272      -28.0015135856    
  -27.7085291317      -27.4166185210      -27.1257701656      -26.8359736870    
  -26.5472201277      -26.2595019820      -25.9728129941      -25.6871476920    
  -25.4025006144      -25.1188652069      -24.8362324164      -24.5545889985    
  -24.2739156429      -23.9941850774      -23.7153603856      -23.4373939059    
  -23.1602271509      -22.8837923333      -22.6080161894      -22.3328268082    
  -22.0581641282      -21.7839945281      -21.5103294556      -21.2372472657    
  -20.9649163753      -20.6936165730      -20.4237540886      -20.1558651515    
  -19.8906026635      -19.6287016283      -19.3709213557      -19.1179662511    
  -18.8703920996      -18.6285107173      -18.3923114658      -18.1614210358    
  -17.9351197731      -17.7124213291      -17.4922041970      -17.2733657101    
  -17.0549606459      -16.8362929612      -16.6169471795      -16.3967660335    
  -16.1757939930      -15.9542089431      -15.7322590797      -15.5102140426    
  -15.2883323843      -15.0668432982      -14.8459389506      -14.6257738011    
  -14.4064680560      -14.1881132520      -13.9707786716      -13.7545177699    
  -13.5393741083      -13.3253864862      -13.1125931048      -12.9010347032    
  -12.6907566918      -12.4818103734      -12.2742533858      -12.0681495248    
  -11.8635681068      -11.6605830249      -11.4592716288      -11.2597135358    
  -11.0619894530      -10.8661800693      -10.6723650516      -10.4806221661    
  -10.2910265307      -10.1036499980      -9.91856066062      -9.73582246777    
  -9.55549494218      -9.37763298311      -9.20228674424      -9.02950157491    
  -8.85931801431      -8.69177183131      -8.52689409677      -8.36471129605    
  -8.20524545074      -8.04851426477      -7.89453130980      -7.74330617739    
  -7.59484467964      -7.44914903282      -7.30621803974      -7.16604732658    
  -7.02862950141      -6.89395435170      -6.76200905271      -6.63277833851    
  -6.50624468810      -6.38238849642      -6.26118823987      -6.14262063271    
  -6.02666077464      -5.91328228865      -5.80245745017      -5.69415730269    
  -5.58835177346      -5.48500976453      -5.38409924075      -5.28558732976    
  -5.18944037677      -5.09562401296      -5.00410322361      -4.91484239443    
  -4.82780536362      -4.74295546551      -4.66025557225      -4.57966813268    
  -4.50115520949      -4.42467851509      -4.35019944694      -4.27767912249    
  -4.20707841420      -4.13835798469      -4.07147832214      -4.00639977593    
  -3.94308259225      -3.88148694963      -3.82157299416      -3.76330087392    
  -3.70663077262      -3.65152294199      -3.59793773277      -3.54583562416    
  -3.49517725151      -3.44592343234      -3.39803519060      -3.35147377940    
  -3.30620070240      -3.26217773402      -3.21936693896      -3.17773069136    
  -3.13723169409      -3.09783299866      -3.05949802626      -3.02219059057    
  -2.98587492283      -2.95051569985      -2.91607807542      -2.88252771591    
  -2.84983084034      -2.81795426577      -2.78686545820      -2.75653258963    
  -2.72692460149      -2.69801127463      -2.66976330607      -2.64215239215    
  -2.61515131793      -2.58873405200      -2.56287584586      -2.53755333635    
  -2.51274464964      -2.48842950439      -2.46458931158      -2.44120726812    
  -2.41826844082      -2.39575983708      -2.37367045857      -2.35199133384    
  -2.33071552621      -2.30983811311      -2.28935613374      -2.26926850241    
  -2.24957588548      -2.23028054079      -2.21138612008      -2.19289743351    
  -2.17482018129      -2.15716065410      -2.13992540362      -2.12312089403    
  -2.10675313624      -2.09082731359      -2.07534740521      -2.06031581419    
  -2.04573301127      -2.03159719833      -2.01790400151      -2.00464620118    
  -1.99181350564      -1.97939237522      -1.96736590294      -1.95571375671    
  -1.94441218762      -1.93343410747      -1.92274923750      -1.91232432910    
  -1.90212345541      -1.89210837115      -1.88223893610      -1.87247359568    
  -1.86276991020      -1.85308512218      -1.84337674994      -1.83360319363    
  -1.82372433940      -1.81370214654      -1.80350120264      -1.79308923245    
  -1.78243754741      -1.77152142463      -1.76032040660      -1.74881851535    
  -1.73700437802      -1.72487126358      -1.71241703343      -1.69964401120    
  -1.68655877942      -1.67317191242      -1.65949765616      -1.64555356645    
  -1.63136011717      -1.61694028986      -1.60231915546      -1.58752345784    
  -1.57258120779      -1.55752129453      -1.54237312061      -1.52716626454    
  -1.51193017423      -1.49669389308      -1.48148581957      -1.46633350001    
  -1.45126345387      -1.43630102990      -1.42147029130      -1.40679392760    
  -1.39229319096      -1.37798785412      -1.36389618773      -1.35003495446    
  -1.33641941750      -1.32306336137      -1.30997912274      -1.29717762979    
  -1.28466844794      -1.27245983093      -1.26055877561      -1.24897107947    
  -1.23770139994      -1.22675331451      -1.21612938120      -1.20583119864    
  -1.19585946533      -1.18621403788      -1.17689398769      -1.16789765608    
  -1.15922270764      -1.15086618170      -1.14282454180      -1.13509372328    
  -1.12766917884      -1.12054592215      -1.11371856958      -1.10718138000    
  -1.10092829280      -1.09495296409      -1.08924880125      -1.08380899578    
  -1.07862655455      -1.07369432951      -1.06900504598      -1.06455132938    
  -1.06032573065      -1.05632075029      -1.05252886107      -1.04894252952    
  -1.04555423608      -1.04235649409      -1.03934186762      -1.03650298805    
  -1.03383256958      -1.03132342360      -1.02896847194      -1.02676075913    
  -1.02469346344      -1.02275990712      -1.02095356543      -1.01926807479    
  -1.01769723997      -1.01623504031      -1.01487563506      -1.01361336784    
  -1.01244277027      -1.01135856471      -1.01035566637      -1.00942918452    
  -1.00857442285      -1.00778688078      -1.00706224852      -1.00639641911    
  -1.00621861146      -1.00629681682      -1.00637600993      -1.00645621491    
  -1.00653742395      -1.00661965585      -1.00670292168      -1.00678723472    
  -1.00687260815      -1.00695905537      -1.00704658989      -1.00713522542    
  -1.00722497581      -1.00731585511      -1.00740787750      -1.00750105739    
  -1.00759540933      -1.00769094806      -1.00778768852      -1.00788564583    
  -1.00798483528      -1.00808527238      -1.00818697283      -1.00828995250    
  -1.00839422751      -1.00849981413      -1.00860672886      -1.00871498842    
  -1.00882460971      -1.00893560988      -1.00904800625      -1.00916181639    
  -1.00927705809      -1.00939374935      -1.00951190841      -1.00963155372    
  -1.00975270399      -1.00987537814      -1.00999959534      -1.01012537500    
  -1.01025273678      -1.01038170057      -1.01051228652      -1.01064451504    
  -1.01077840679      -1.01091398270      -1.01105126393      -1.01119027196    
  -1.01133102849      -1.01147355552      -1.01161787532      -1.01176401043    
  -1.01191198370      -1.01206181825      -1.01221353748      -1.01236716511    
  -1.01252272513      -1.01268024185      -1.01283973990      -1.01300124418    
  -1.01316477994      -1.01333037272      -1.01349804840      -1.01366783319    
  -1.01383975360      -1.01401383650      -1.01419010910      -1.01436859894    
  -1.01454933390      -1.01473234223      -1.01491765252      -1.01510529372    
  -1.01529529516      -1.01548768653      -1.01568249787      -1.01587975965    
  -1.01607950267      -1.01628175816      -1.01648655770      -1.01669393330    
  -1.01690391737      -1.01711654271      -1.01733184255      -1.01754985052    
  -1.01777060070      -1.01799412758      -1.01822046608      -1.01844965156    
  -1.01868171985      -1.01891670719      -1.01915465031      -1.01939558638    
  -1.01963955306      -1.01988658847      -1.02013673119      -1.02039002032    
  -1.02064649544      -1.02090619662      -1.02116916444      -1.02143543998    
  -1.02170506486      -1.02197808120      -1.02225453167      -1.02253445945    
  -1.02281790830      -1.02310492249      -1.02339554687      -1.02368982686    
  -1.02398780843      -1.02428953815      -1.02459506316      -1.02490443122    
  -1.02521769063      -1.02553489036      -1.02585607998      -1.02618130967    
  -1.02651063024      -1.02684409315      -1.02718175051      -1.02752365507    
  -1.02786986028      -1.02822042020      -1.02857538962      -1.02893482401    
  -1.02929877953      -1.02966731305      -1.03004048213      -1.03041834512    
  -1.03080096104      -1.03118838967      -1.03158069156      -1.03197792799    
  -1.03238016104      -1.03278745357      -1.03319986919      -1.03361747238    
  -1.03404032836      -1.03446850322      -1.03490206385      -1.03534107801    
  -1.03578561428      -1.03623574213      -1.03669153188      -1.03715305478    
  -1.03762038292      -1.03809358931      -1.03857274792      -1.03905793359    
  -1.03954922216      -1.04004669037      -1.04055041595      -1.04106047763    
  -1.04157695509      -1.04209992905      -1.04262948120    
Up potential follows (l on next line)
 1
  -93.9665683258      -94.0817515987      -93.9200384380      -94.0281881991    
  -93.9902415858      -94.0014287531      -93.9905900662      -93.9957169405    
  -93.9933365049      -93.9928937462      -93.9921808744      -93.9914846721    
  -93.9907824390      -93.9900858342      -93.9893891617      -93.9886948085    
  -93.9880018339      -93.9873105208      -93.9866207759      -93.9859326214    
  -93.9852460599      -93.9845611075      -93.9838777857      -93.9831961232    
  -93.9825161558      -93.9818379260      -93.9811614835      -93.9804868852    
  -93.9798141953      -93.9791434856      -93.9784748353      -93.9778083316    
  -93.9771440697      -93.9764821528      -93.9758226923      -93.9751658082    
  -93.9745116291      -93.9738602922      -93.9732119434      -93.9725667377    
  -93.9719248390      -93.9712864205      -93.9706516641      -93.9700207611    
  -93.9693939120      -93.9687713260      -93.9681532216      -93.9675398261    
  -93.9669313754      -93.9663281141      -93.9657302948      -93.9651381782    
  -93.9645520325      -93.9639721332      -93.9633987623      -93.9628322079    
  -93.9622727637      -93.9617207281      -93.9611764035      -93.9606400954    
  -93.9601121115      -93.9595927604      -93.9590823510      -93.9585811907    
  -93.9580895844      -93.9576078328      -93.9571362315      -93.9566750684    
  -93.9562246228      -93.9557851634      -93.9553569460      -93.9549402122    
  -93.9545351867      -93.9541420754      -93.9537610635      -93.9533923128    
  -93.9530359595      -93.9526921120      -93.9523608486      -93.9520422150    
  -93.9517362220      -93.9514428431      -93.9511620125      -93.9508936229    
  -93.9506375230      -93.9503935160      -93.9501613577      -93.9499407545    
  -93.9497313623      -93.9495327849      -93.9493445733      -93.9491662242    
  -93.9489971802      -93.9488368292      -93.9486845042      -93.9485394839    
  -93.9484009932      -93.9482682042      -93.9481402373      -93.9480161631    
  -93.9478950042      -93.9477757372      -93.9476572955      -93.9475385722    
  -93.9474184228      -93.9472956690      -93.9471691020      -93.9470374864    
  -93.9468995639      -93.9467540578      -93.9465996767      -93.9464351192    
  -93.9462590779      -93.9460702436      -93.9458673099      -93.9456489769    
  -93.9454139557      -93.9451609720      -93.9448887701      -93.9445961162    
  -93.9442818020      -93.9439446477      -93.9435835048      -93.9431972586    
  -93.9427848308      -93.9423451813      -93.9418773098      -93.9413802573    
  -93.9408531075      -93.9402949870      -93.9397050666      -93.9390825609    
  -93.9384267288      -93.9377368727      -93.9370123388      -93.9362525158    
  -93.9354568341      -93.9346247650      -93.9337558193      -93.9328495457    
  -93.9319055298      -93.9309233921      -93.9299027866      -93.9288433985    
  -93.9277449431      -93.9266071635      -93.9254298288      -93.9242127321    
  -93.9229556888      -93.9216585348      -93.9203211241      -93.9189433277    
  -93.9175250311      -93.9160661333      -93.9145665444      -93.9130261843    
  -93.9114449812      -93.9098228700      -93.9081597908      -93.9064556874    
  -93.9047105065      -93.9029241959      -93.9010967035      -93.8992279764    
  -93.8973179598      -93.8953665957      -93.8933738225      -93.8913395739    
  -93.8892637781      -93.8871463571      -93.8849872263      -93.8827862936    
  -93.8805434586      -93.8782586131      -93.8759316392      -93.8735624104    
  -93.8711507899      -93.8686966310      -93.8661997769      -93.8636600599    
  -93.8610773015      -93.8584513121      -93.8557818909      -93.8530688257    
  -93.8503118926      -93.8475108562      -93.8446654692      -93.8417754726    
  -93.8388405953      -93.8358605544      -93.8328350548      -93.8297637894    
  -93.8266464393      -93.8234826731      -93.8202721476      -93.8170145074    
  -93.8137093850      -93.8103564009      -93.8069551635      -93.8035052690    
  -93.8000063018      -93.7964578342      -93.7928594264      -93.7892106268    
  -93.7855109717      -93.7817599855      -93.7779571806      -93.7741020577    
  -93.7701941054      -93.7662328005      -93.7622176078      -93.7581479806    
  -93.7540233598      -93.7498431749      -93.7456068434      -93.7413137707    
  -93.7369633507      -93.7325549652      -93.7280879840      -93.7235617654    
  -93.7189756553      -93.7143289879      -93.7096210852      -93.7048512576    
  -93.7000188029      -93.6951230072      -93.6901631443      -93.6851384757    
  -93.6800482510      -93.6748917073      -93.6696680692      -93.6643765491    
  -93.6590163468      -93.6535866498      -93.6480866326      -93.6425154573    
  -93.6368722732      -93.6311562165      -93.6253664107      -93.6195019662    
  -93.6135619802      -93.6075455369      -93.6014517068      -93.5952795474    
  -93.5890281022      -93.5826964015      -93.5762834617      -93.5697882850    
  -93.5632098602      -93.5565471615      -93.5497991490      -93.5429647686    
  -93.5360429515      -93.5290326143      -93.5219326590      -93.5147419723    
  -93.5074594264      -93.5000838777      -93.4926141678      -93.4850491225    
  -93.4773875520      -93.4696282506      -93.4617699969      -93.4538115531    
  -93.4457516652      -93.4375890628      -93.4293224588      -93.4209505494    
  -93.4124720137      -93.4038855136      -93.3951896939      -93.3863831817    
  -93.3774645865      -93.3684324998      -93.3592854952      -93.3500221279    
  -93.3406409347      -93.3311404337      -93.3215191242      -93.3117754865    
  -93.3019079816      -93.2919150510      -93.2817951166      -93.2715465805    
  -93.2611678246      -93.2506572106      -93.2400130796      -93.2292337522    
  -93.2183175279      -93.2072626850      -93.1960674806      -93.1847301502    
  -93.1732489072      -93.1616219434      -93.1498474281      -93.1379235081    
  -93.1258483074      -93.1136199273      -93.1012364458      -93.0886959173    
  -93.0759963729      -93.0631358196      -93.0501122402      -93.0369235933    
  -93.0235678130      -93.0100428083      -92.9963464632      -92.9824766366    
  -92.9684311617      -92.9542078457      -92.9398044702      -92.9252187901    
  -92.9104485341      -92.8954914039      -92.8803450744      -92.8650071932    
  -92.8494753803      -92.8337472280      -92.8178203008      -92.8016921349    
  -92.7853602379      -92.7688220889      -92.7520751381      -92.7351168064    
  -92.7179444853      -92.7005555368      -92.6829472930      -92.6651170558    
  -92.6470620968      -92.6287796573      -92.6102669474      -92.5915211464    
  -92.5725394026      -92.5533188324      -92.5338565208      -92.5141495210    
  -92.4941948540      -92.4739895084      -92.4535304405      -92.4328145738    
  -92.4118387989      -92.3905999734      -92.3690949214      -92.3473204338    
  -92.3252732677      -92.3029501464      -92.2803477592      -92.2574627612    
  -92.2342917734      -92.2108313820      -92.1870781387      -92.1630285604    
  -92.1386791293      -92.1140262923      -92.0890664611      -92.0637960122    
  -92.0382112869      -92.0123085905      -91.9860841932      -91.9595343291    
  -91.9326551967      -91.9054429585      -91.8778937414      -91.8500036359    
  -91.8217686965      -91.7931849419      -91.7642483544      -91.7349548801    
  -91.7053004292      -91.6752808756      -91.6448920567      -91.6141297742    
  -91.5829897934      -91.5514678434      -91.5195596174      -91.4872607725    
  -91.4545669296      -91.4214736741      -91.3879765551      -91.3540710862    
  -91.3197527455      -91.2850169751      -91.2498591821      -91.2142747380    
  -91.1782589795      -91.1418072078      -91.1049146896      -91.0675766569    
  -91.0297883070      -90.9915448030      -90.9528412738      -90.9136728145    
  -90.8740344865      -90.8339213175      -90.7933283023      -90.7522504023    
  -90.7106825465      -90.6686196311      -90.6260565204      -90.5829880464    
  -90.5394090096      -90.4953141790      -90.4506982926      -90.4055560576    
  -90.3598821504      -90.3136712175      -90.2669178754      -90.2196167108    
  -90.1717622813      -90.1233491156      -90.0743717133      -90.0248245462    
  -89.9747020576      -89.9239986633      -89.8727087514      -89.8208266832    
  -89.7683467929      -89.7152633881      -89.6615707504      -89.6072631351    
  -89.5523347719      -89.4967798650      -89.4405925935      -89.3837671113    
  -89.3262975477      -89.2681780072      -89.2094025701      -89.1499652925    
  -89.0898602065      -89.0290813202      -88.9676226179      -88.9054780604    
  -88.8426415847      -88.7791071045      -88.7148685099      -88.6499196674    
  -88.5842544203      -88.5178665882      -88.4507499671      -88.3828983295    
  -88.3143054240      -88.2449649754      -88.1748706845      -88.1040162278    
  -88.0323952572      -87.9600014003      -87.8868282594      -87.8128694118    
  -87.7381184093      -87.6625687778      -87.5862140170      -87.5090476002    
  -87.4310629737      -87.3522535566      -87.2726127401      -87.1921338877    
  -87.1108103340      -87.0286353850      -86.9456023172      -86.8617043776    
  -86.7769347827      -86.6912867190      -86.6047533417      -86.5173277751    
  -86.4290031118      -86.3397724126      -86.2496287066      -86.1585649900    
  -86.0665742272      -85.9736493497      -85.8797832564      -85.7849688136    
  -85.6891988553      -85.5924661825      -85.4947635643      -85.3960837377    
  -85.2964194076      -85.1957632478      -85.0941079010      -84.9914459790    
  -84.8877700638      -84.7830727079      -84.6773464344      -84.5705837383    
  -84.4627770865      -84.3539189184      -84.2440016464      -84.1330176566    
  -84.0209593086      -83.9078189356      -83.7935888450      -83.6782613176    
  -83.5618286071      -83.4442829397      -83.3256165128      -83.2058214936    
  -83.0848900174      -82.9628141850      -82.8395860605      -82.7151976680    
  -82.5896409880      -82.4629079535      -82.3349904457      -82.2058802894    
  -82.0755692481      -81.9440490192      -81.8113112292      -81.6773474295    
  -81.5421490928      -81.4057076106      -81.2680142920      -81.1290603651    
  -80.9888369804      -80.8473352186      -80.7045461017      -80.5604606095    
  -80.4150697030      -80.2683643534      -80.1203355811      -79.9709745028    
  -79.8202723896      -79.6682207361      -79.5148113422      -79.3600364071    
  -79.2038886362      -79.0463613615      -78.8874486729      -78.7271455606    
  -78.5654480657      -78.4023534357      -78.2378602810      -78.0719687287    
  -77.9046805644      -77.7359993610      -77.5659305782      -77.3944816377    
  -77.2216619561      -77.0474829223      -76.8719578373      -76.6951017878    
  -76.5169314538      -76.3374648623      -76.1567210747      -75.9747198210    
  -75.7914810857      -75.6070246557      -75.4213696450      -75.2345340085    
  -75.0465340635      -74.8573840314      -74.6670956181      -74.4756776435    
  -74.2831357348      -74.0894720886      -73.8946853112      -73.6987703383    
  -73.5017184356      -73.3035172794      -73.1041511136      -72.9036009790    
  -72.7018450094      -72.4988587879      -72.2946157540      -72.0890876520    
  -71.8822450094      -71.6740576295      -71.4644950862      -71.2535272027    
  -71.0411244998      -70.8272586009      -70.6119025805      -70.3950312508    
  -70.1766213808      -69.9566518500      -69.7351037390      -69.5119603660    
  -69.2872072759      -69.0608321937      -68.8328249504      -68.6031773913    
  -68.3718832722      -68.1389381518      -67.9043392813      -67.6680854965    
  -67.4301771111      -67.1906158137      -66.9494045669      -66.7065475088    
  -66.4620498559      -66.2159178079      -65.9681584529      -65.7187796739    
  -65.4677900573      -65.2151988023      -64.9610156324      -64.7052507106    
  -64.4479145572      -64.1890179714      -63.9285719583      -63.6665876597    
  -63.4030762910      -63.1380490835      -62.8715172330      -62.6034918540    
  -62.3339839410      -62.0630043356      -61.7905637005      -61.5166724996    
  -61.2413409850      -60.9645791902      -60.6863969288      -60.4068038003    
  -60.1258092000      -59.8434223355      -59.5596522468      -59.2745078310    
  -58.9879978706      -58.7001310643      -58.4109160604      -58.1203614912    
  -57.8284760088      -57.5352683210      -57.2407472283      -56.9449216611    
  -56.6478007184      -56.3493937105      -56.0497102064      -55.7487600912    
  -55.4465536378      -55.1431015983      -54.8384153247      -54.5325069267    
  -54.2253894778      -53.9170772807      -53.6075862040      -53.2969341004    
  -52.9851413153      -52.6722312896      -52.3582312587      -52.0431730258    
  -51.7270938134      -51.4100371385      -51.0920536503      -50.7732019257    
  -50.4535490901      -50.1331711917      -49.8121532609      -49.4905889360    
  -49.1685795900      -48.8462328895      -48.5236607467      -48.2009766684    
  -47.8782925345      -47.5557148960      -47.2333409392      -46.9112543070    
  -46.5895210430      -46.2681859839      -45.9472699688      -45.6267682572    
  -45.3066505136      -44.9868626111      -44.6673303245      -44.3479647340    
  -44.0286688943      -43.7093450965      -43.3899019270      -43.0702603483    
  -42.7503581957      -42.4301527516      -42.1096213710      -41.7887604011    
  -41.4675828305      -41.1461151797      -40.8243941318      -40.5024633160    
  -40.1803705324      -39.8581655831      -39.5358987581      -39.2136199406    
  -38.8913782360      -38.5692219995      -38.2471991258      -37.9253574744    
  -37.6037453205      -37.2824117492      -36.9614069349      -36.6407822743    
  -36.3205903656      -36.0008848386      -35.6817200574      -35.3631507214    
  -35.0452313927      -34.7280159804      -34.4115572067      -34.0959060776    
  -33.7811113770      -33.4672191987      -33.1542725255      -32.8423108651    
  -32.5313699466      -32.2214814805      -31.9126729859      -31.6049676848    
  -31.2983844640      -30.9929379061      -30.6886383880      -30.3854922474    
  -30.0835020154      -29.7826667151      -29.4829822209      -29.1844416761    
  -28.8870359614      -28.5907542060      -28.2955843272      -28.0015135856    
  -27.7085291317      -27.4166185210      -27.1257701656      -26.8359736870    
  -26.5472201277      -26.2595019820      -25.9728129941      -25.6871476920    
  -25.4025006144      -25.1188652069      -24.8362324164      -24.5545889985    
  -24.2739156429      -23.9941850774      -23.7153603856      -23.4373939059    
  -23.1602271509      -22.8837923333      -22.6080161894      -22.3328268082    
  -22.0581641282      -21.7839945281      -21.5103294556      -21.2372472657    
  -20.9649163753      -20.6936165730      -20.4237540886      -20.1558651515    
  -19.8906026635      -19.6287016283      -19.3709213557      -19.1179662511    
  -18.8703920996      -18.6285107173      -18.3923114658      -18.1614210358    
  -17.9351197731      -17.7124213291      -17.4922041970      -17.2733657101    
  -17.0549606459      -16.8362929612      -16.6169471795      -16.3967660335    
  -16.1757939930      -15.9542089431      -15.7322590797      -15.5102140426    
  -15.2883323843      -15.0668432982      -14.8459389506      -14.6257738011    
  -14.4064680560      -14.1881132520      -13.9707786716      -13.7545177699    
  -13.5393741083      -13.3253864862      -13.1125931048      -12.9010347032    
  -12.6907566918      -12.4818103734      -12.2742533858      -12.0681495248    
  -11.8635681068      -11.6605830249      -11.4592716288      -11.2597135358    
  -11.0619894530      -10.8661800693      -10.6723650516      -10.4806221661    
  -10.2910265307      -10.1036499980      -9.91856066062      -9.73582246777    
  -9.55549494218      -9.37763298311      -9.20228674424      -9.02950157491    
  -8.85931801431      -8.69177183131      -8.52689409677      -8.36471129605    
  -8.20524545074      -8.04851426477      -7.89453130980      -7.74330617739    
  -7.59484467964      -7.44914903282      -7.30621803974      -7.16604732658    
  -7.02862950141      -6.89395435170      -6.76200905271      -6.63277833851    
  -6.50624468810      -6.38238849642      -6.26118823987      -6.14262063271    
  -6.02666077464      -5.91328228865      -5.80245745017      -5.69415730269    
  -5.58835177346      -5.48500976453      -5.38409924075      -5.28558732976    
  -5.18944037677      -5.09562401296      -5.00410322361      -4.91484239443    
  -4.82780536362      -4.74295546551      -4.66025557225      -4.57966813268    
  -4.50115520949      -4.42467851509      -4.35019944694      -4.27767912249    
  -4.20707841420      -4.13835798469      -4.07147832214      -4.00639977593    
  -3.94308259225      -3.88148694963      -3.82157299416      -3.76330087392    
  -3.70663077262      -3.65152294199      -3.59793773277      -3.54583562416    
  -3.49517725151      -3.44592343234      -3.39803519060      -3.35147377940    
  -3.30620070240      -3.26217773402      -3.21936693896      -3.17773069136    
  -3.13723169409      -3.09783299866      -3.05949802626      -3.02219059057    
  -2.98587492283      -2.95051569985      -2.91607807542      -2.88252771591    
  -2.84983084034      -2.81795426577      -2.78686545820      -2.75653258963    
  -2.72692460149      -2.69801127463      -2.66976330607      -2.64215239215    
  -2.61515131793      -2.58873405200      -2.56287584586      -2.53755333635    
  -2.51274464964      -2.48842950439      -2.46458931158      -2.44120726812    
  -2.41826844082      -2.39575983708      -2.37367045857      -2.35199133384    
  -2.33071552621      -2.30983811311      -2.28935613374      -2.26926850241    
  -2.24957588548      -2.23028054079      -2.21138612008      -2.19289743351    
  -2.17482018129      -2.15716065410      -2.13992540362      -2.12312089403    
  -2.10675313624      -2.09082731359      -2.07534740521      -2.06031581419    
  -2.04573301127      -2.03159719833      -2.01790400151      -2.00464620118    
  -1.99181350564      -1.97939237522      -1.96736590294      -1.95571375671    
  -1.94441218762      -1.93343410747      -1.92274923750      -1.91232432910    
  -1.90212345541      -1.89210837115      -1.88223893610      -1.87247359568    
  -1.86276991020      -1.85308512218      -1.84337674994      -1.83360319363    
  -1.82372433940      -1.81370214654      -1.80350120264      -1.79308923245    
  -1.78243754741      -1.77152142463      -1.76032040660      -1.74881851535    
  -1.73700437802      -1.72487126358      -1.71241703343      -1.69964401120    
  -1.68655877942      -1.67317191242      -1.65949765616      -1.64555356645    
  -1.63136011717      -1.61694028986      -1.60231915546      -1.58752345784    
  -1.57258120779      -1.55752129453      -1.54237312061      -1.52716626454    
  -1.51193017423      -1.49669389308      -1.48148581957      -1.46633350001    
  -1.45126345387      -1.43630102990      -1.42147029130      -1.40679392760    
  -1.39229319096      -1.37798785412      -1.36389618773      -1.35003495446    
  -1.33641941750      -1.32306336137      -1.30997912274      -1.29717762979    
  -1.28466844794      -1.27245983093      -1.26055877561      -1.24897107947    
  -1.23770139994      -1.22675331451      -1.21612938120      -1.20583119864    
  -1.19585946533      -1.18621403788      -1.17689398769      -1.16789765608    
  -1.15922270764      -1.15086618170      -1.14282454180      -1.13509372328    
  -1.12766917884      -1.12054592215      -1.11371856958      -1.10718138000    
  -1.10092829280      -1.09495296409      -1.08924880125      -1.08380899578    
  -1.07862655455      -1.07369432951      -1.06900504598      -1.06455132938    
  -1.06032573065      -1.05632075029      -1.05252886107      -1.04894252952    
  -1.04555423608      -1.04235649409      -1.03934186762      -1.03650298805    
  -1.03383256958      -1.03132342360      -1.02896847194      -1.02676075913    
  -1.02469346344      -1.02275990712      -1.02095356543      -1.01926807479    
  -1.01769723997      -1.01623504031      -1.01487563506      -1.01361336784    
  -1.01244277027      -1.01135856471      -1.01035566637      -1.00942918452    
  -1.00857442285      -1.00778688078      -1.00706224852      -1.00639641911    
  -1.00621861146      -1.00629681682      -1.00637600993      -1.00645621491    
  -1.00653742395      -1.00661965585      -1.00670292168      -1.00678723472    
  -1.00687260815      -1.00695905537      -1.00704658989      -1.00713522542    
  -1.00722497581      -1.00731585511      -1.00740787750      -1.00750105739    
  -1.00759540933      -1.00769094806      -1.00778768852      -1.00788564583    
  -1.00798483528      -1.00808527238      -1.00818697283      -1.00828995250    
  -1.00839422751      -1.00849981413      -1.00860672886      -1.00871498842    
  -1.00882460971      -1.00893560988      -1.00904800625      -1.00916181639    
  -1.00927705809      -1.00939374935      -1.00951190841      -1.00963155372    
  -1.00975270399      -1.00987537814      -1.00999959534      -1.01012537500    
  -1.01025273678      -1.01038170057      -1.01051228652      -1.01064451504    
  -1.01077840679      -1.01091398270      -1.01105126393      -1.01119027196    
  -1.01133102849      -1.01147355552      -1.01161787532      -1.01176401043    
  -1.01191198370      -1.01206181825      -1.01221353748      -1.01236716511    
  -1.01252272513      -1.01268024185      -1.01283973990      -1.01300124418    
  -1.01316477994      -1.01333037272      -1.01349804840      -1.01366783319    
  -1.01383975360      -1.01401383650      -1.01419010910      -1.01436859894    
  -1.01454933390      -1.01473234223      -1.01491765252      -1.01510529372    
  -1.01529529516      -1.01548768653      -1.01568249787      -1.01587975965    
  -1.01607950267      -1.01628175816      -1.01648655770      -1.01669393330    
  -1.01690391737      -1.01711654271      -1.01733184255      -1.01754985052    
  -1.01777060070      -1.01799412758      -1.01822046608      -1.01844965156    
  -1.01868171985      -1.01891670719      -1.01915465031      -1.01939558638    
  -1.01963955306      -1.01988658847      -1.02013673119      -1.02039002032    
  -1.02064649544      -1.02090619662      -1.02116916444      -1.02143543998    
  -1.02170506486      -1.02197808120      -1.02225453167      -1.02253445945    
  -1.02281790830      -1.02310492249      -1.02339554687      -1.02368982686    
  -1.02398780843      -1.02428953815      -1.02459506316      -1.02490443122    
  -1.02521769063      -1.02553489036      -1.02585607998      -1.02618130967    
  -1.02651063024      -1.02684409315      -1.02718175051      -1.02752365507    
  -1.02786986028      -1.02822042020      -1.02857538962      -1.02893482401    
  -1.02929877953      -1.02966731305      -1.03004048213      -1.03041834512    
  -1.03080096104      -1.03118838967      -1.03158069156      -1.03197792799    
  -1.03238016104      -1.03278745357      -1.03319986919      -1.03361747238    
  -1.03404032836      -1.03446850322      -1.03490206385      -1.03534107801    
  -1.03578561428      -1.03623574213      -1.03669153188      -1.03715305478    
  -1.03762038292      -1.03809358931      -1.03857274792      -1.03905793359    
  -1.03954922216      -1.04004669037      -1.04055041595      -1.04106047763    
  -1.04157695509      -1.04209992905      -1.04262948120    
