 Raios
  0.311788641354E-05  0.627499101025E-05  0.947180709413E-05  0.127088341742E-04
  0.159865780426E-04  0.193055508533E-04  0.226662712027E-04  0.260692642102E-04
  0.295150616003E-04  0.330042017859E-04  0.365372299523E-04  0.401146981422E-04
  0.437371653424E-04  0.474051975707E-04  0.511193679647E-04  0.548802568709E-04
  0.586884519361E-04  0.625445481983E-04  0.664491481805E-04  0.704028619843E-04
  0.744063073857E-04  0.784601099310E-04  0.825649030352E-04  0.867213280805E-04
  0.909300345168E-04  0.951916799631E-04  0.995069303102E-04  0.103876459825E-03
  0.108300951254E-03  0.112781095935E-03  0.117317593898E-03  0.121911153982E-03
  0.126562493938E-03  0.131272340548E-03  0.136041429736E-03  0.140870506681E-03
  0.145760325936E-03  0.150711651546E-03  0.155725257165E-03  0.160801926180E-03
  0.165942451829E-03  0.171147637332E-03  0.176418296008E-03  0.181755251409E-03
  0.187159337444E-03  0.192631398514E-03  0.198172289639E-03  0.203782876595E-03
  0.209464036046E-03  0.215216655687E-03  0.221041634375E-03  0.226939882275E-03
  0.232912321000E-03  0.238959883756E-03  0.245083515488E-03  0.251284173024E-03
  0.257562825231E-03  0.263920453161E-03  0.270358050205E-03  0.276876622252E-03
  0.283477187841E-03  0.290160778324E-03  0.296928438027E-03  0.303781224409E-03
  0.310720208233E-03  0.317746473729E-03  0.324861118764E-03  0.332065255018E-03
  0.339360008150E-03  0.346746517981E-03  0.354225938667E-03  0.361799438885E-03
  0.369468202008E-03  0.377233426296E-03  0.385096325082E-03  0.393058126959E-03
  0.401120075975E-03  0.409283431826E-03  0.417549470053E-03  0.425919482242E-03
  0.434394776223E-03  0.442976676279E-03  0.451666523349E-03  0.460465675239E-03
  0.469375506834E-03  0.478397410315E-03  0.487532795371E-03  0.496783089426E-03
  0.506149737856E-03  0.515634204219E-03  0.525237970483E-03  0.534962537256E-03
  0.544809424020E-03  0.554780169373E-03  0.564876331263E-03  0.575099487235E-03
  0.585451234680E-03  0.595933191079E-03  0.606546994257E-03  0.617294302645E-03
  0.628176795531E-03  0.639196173326E-03  0.650354157831E-03  0.661652492503E-03
  0.673092942730E-03  0.684677296106E-03  0.696407362710E-03  0.708284975388E-03
  0.720311990041E-03  0.732490285916E-03  0.744821765894E-03  0.757308356797E-03
  0.769952009678E-03  0.782754700133E-03  0.795718428611E-03  0.808845220719E-03
  0.822137127545E-03  0.835596225977E-03  0.849224619027E-03  0.863024436158E-03
  0.876997833620E-03  0.891146994785E-03  0.905474130488E-03  0.919981479373E-03
  0.934671308243E-03  0.949545912414E-03  0.964607616072E-03  0.979858772640E-03
  0.995301765142E-03  0.101093900658E-02  0.102677294030E-02  0.104280604038E-02
  0.105904081204E-02  0.107547979199E-02  0.109212554885E-02  0.110898068355E-02
  0.112604782975E-02  0.114332965423E-02  0.116082885729E-02  0.117854817323E-02
  0.119649037073E-02  0.121465825329E-02  0.123305465968E-02  0.125168246438E-02
  0.127054457802E-02  0.128964394784E-02  0.130898355815E-02  0.132856643082E-02
  0.134839562570E-02  0.136847424115E-02  0.138880541449E-02  0.140939232251E-02
  0.143023818195E-02  0.145134625003E-02  0.147271982492E-02  0.149436224628E-02
  0.151627689580E-02  0.153846719766E-02  0.156093661917E-02  0.158368867121E-02
  0.160672690883E-02  0.163005493180E-02  0.165367638518E-02  0.167759495987E-02
  0.170181439319E-02  0.172633846948E-02  0.175117102068E-02  0.177631592691E-02
  0.180177711713E-02  0.182755856970E-02  0.185366431302E-02  0.188009842617E-02
  0.190686503953E-02  0.193396833544E-02  0.196141254884E-02  0.198920196795E-02
  0.201734093492E-02  0.204583384653E-02  0.207468515484E-02  0.210389936793E-02
  0.213348105059E-02  0.216343482502E-02  0.219376537154E-02  0.222447742937E-02
  0.225557579733E-02  0.228706533461E-02  0.231895096150E-02  0.235123766021E-02
  0.238393047559E-02  0.241703451597E-02  0.245055495391E-02  0.248449702706E-02
  0.251886603893E-02  0.255366735976E-02  0.258890642730E-02  0.262458874776E-02
  0.266071989655E-02  0.269730551924E-02  0.273435133242E-02  0.277186312457E-02
  0.280984675697E-02  0.284830816465E-02  0.288725335729E-02  0.292668842014E-02
  0.296661951502E-02  0.300705288124E-02  0.304799483660E-02  0.308945177837E-02
  0.313143018426E-02  0.317393661350E-02  0.321697770780E-02  0.326056019242E-02
  0.330469087721E-02  0.334937665768E-02  0.339462451607E-02  0.344044152246E-02
  0.348683483584E-02  0.353381170527E-02  0.358137947097E-02  0.362954556551E-02
  0.367831751493E-02  0.372770293996E-02  0.377770955716E-02  0.382834518017E-02
  0.387961772091E-02  0.393153519083E-02  0.398410570212E-02  0.403733746904E-02
  0.409123880916E-02  0.414581814467E-02  0.420108400372E-02  0.425704502169E-02
  0.431370994261E-02  0.437108762050E-02  0.442918702073E-02  0.448801722145E-02
  0.454758741499E-02  0.460790690933E-02  0.466898512951E-02  0.473083161912E-02
  0.479345604180E-02  0.485686818275E-02  0.492107795024E-02  0.498609537718E-02
  0.505193062267E-02  0.511859397361E-02  0.518609584627E-02  0.525444678797E-02
  0.532365747868E-02  0.539373873271E-02  0.546470150040E-02  0.553655686982E-02
  0.560931606852E-02  0.568299046528E-02  0.575759157186E-02  0.583313104486E-02
  0.590962068745E-02  0.598707245130E-02  0.606549843841E-02  0.614491090300E-02
  0.622532225343E-02  0.630674505414E-02  0.638919202759E-02  0.647267605631E-02
  0.655721018483E-02  0.664280762180E-02  0.672948174198E-02  0.681724608838E-02
  0.690611437435E-02  0.699610048576E-02  0.708721848311E-02  0.717948260377E-02
  0.727290726420E-02  0.736750706219E-02  0.746329677917E-02  0.756029138245E-02
  0.765850602765E-02  0.775795606101E-02  0.785865702179E-02  0.796062464472E-02
  0.806387486246E-02  0.816842380806E-02  0.827428781751E-02  0.838148343227E-02
  0.849002740188E-02  0.859993668654E-02  0.871122845982E-02  0.882392011127E-02
  0.893802924921E-02  0.905357370340E-02  0.917057152791E-02  0.928904100389E-02
  0.940900064243E-02  0.953046918747E-02  0.965346561872E-02  0.977800915461E-02
  0.990411925534E-02  0.100318156259E-01  0.101611182190E-01  0.102920472385E-01
  0.104246231424E-01  0.105588666458E-01  0.106947987247E-01  0.108324406186E-01
  0.109718138344E-01  0.111129401494E-01  0.112558416150E-01  0.114005405597E-01
  0.115470595931E-01  0.116954216090E-01  0.118456497894E-01  0.119977676076E-01
  0.121517988325E-01  0.123077675317E-01  0.124656980755E-01  0.126256151411E-01
  0.127875437158E-01  0.129515091011E-01  0.131175369171E-01  0.132856531060E-01
  0.134558839362E-01  0.136282560066E-01  0.138027962508E-01  0.139795319410E-01
  0.141584906925E-01  0.143397004680E-01  0.145231895818E-01  0.147089867046E-01
  0.148971208675E-01  0.150876214668E-01  0.152805182687E-01  0.154758414137E-01
  0.156736214214E-01  0.158738891953E-01  0.160766760277E-01  0.162820136045E-01
  0.164899340100E-01  0.167004697323E-01  0.169136536679E-01  0.171295191274E-01
  0.173480998400E-01  0.175694299596E-01  0.177935440694E-01  0.180204771876E-01
  0.182502647731E-01  0.184829427305E-01  0.187185474164E-01  0.189571156444E-01
  0.191986846913E-01  0.194432923028E-01  0.196909766992E-01  0.199417765818E-01
  0.201957311386E-01  0.204528800504E-01  0.207132634974E-01  0.209769221650E-01
  0.212438972503E-01  0.215142304689E-01  0.217879640607E-01  0.220651407972E-01
  0.223458039878E-01  0.226299974869E-01  0.229177657000E-01  0.232091535917E-01
  0.235042066919E-01  0.238029711032E-01  0.241054935081E-01  0.244118211765E-01
  0.247220019726E-01  0.250360843628E-01  0.253541174231E-01  0.256761508469E-01
  0.260022349525E-01  0.263324206912E-01  0.266667596553E-01  0.270053040857E-01
  0.273481068809E-01  0.276952216045E-01  0.280467024937E-01  0.284026044684E-01
  0.287629831387E-01  0.291278948147E-01  0.294973965145E-01  0.298715459736E-01
  0.302504016534E-01  0.306340227511E-01  0.310224692082E-01  0.314158017202E-01
  0.318140817462E-01  0.322173715182E-01  0.326257340510E-01  0.330392331521E-01
  0.334579334317E-01  0.338819003124E-01  0.343112000400E-01  0.347458996934E-01
  0.351860671954E-01  0.356317713229E-01  0.360830817182E-01  0.365400688995E-01
  0.370028042718E-01  0.374713601386E-01  0.379458097127E-01  0.384262271278E-01
  0.389126874500E-01  0.394052666898E-01  0.399040418138E-01  0.404090907564E-01
  0.409204924327E-01  0.414383267502E-01  0.419626746215E-01  0.424936179772E-01
  0.430312397781E-01  0.435756240288E-01  0.441268557904E-01  0.446850211941E-01
  0.452502074542E-01  0.458225028822E-01  0.464019969006E-01  0.469887800564E-01
  0.475829440357E-01  0.481845816779E-01  0.487937869899E-01  0.494106551615E-01
  0.500352825794E-01  0.506677668431E-01  0.513082067794E-01  0.519567024584E-01
  0.526133552089E-01  0.532782676342E-01  0.539515436283E-01  0.546332883917E-01
  0.553236084487E-01  0.560226116630E-01  0.567304072554E-01  0.574471058204E-01
  0.581728193435E-01  0.589076612190E-01  0.596517462674E-01  0.604051907536E-01
  0.611681124047E-01  0.619406304288E-01  0.627228655335E-01  0.635149399445E-01
  0.643169774251E-01  0.651291032953E-01  0.659514444514E-01  0.667841293859E-01
  0.676272882075E-01  0.684810526614E-01  0.693455561502E-01  0.702209337542E-01
  0.711073222530E-01  0.720048601465E-01  0.729136876770E-01  0.738339468505E-01
  0.747657814594E-01  0.757093371048E-01  0.766647612192E-01  0.776322030895E-01
  0.786118138804E-01  0.796037466583E-01  0.806081564145E-01  0.816252000901E-01
  0.826550366004E-01  0.836978268593E-01  0.847537338049E-01  0.858229224248E-01
  0.869055597820E-01  0.880018150408E-01  0.891118594932E-01  0.902358665859E-01
  0.913740119474E-01  0.925264734152E-01  0.936934310637E-01  0.948750672324E-01
  0.960715665544E-01  0.972831159852E-01  0.985099048317E-01  0.997521247823E-01
  0.101009969936      0.102283636835      0.103573324491      0.104879234420    
  0.106201570674      0.107540539871      0.108896351227      0.110269216590    
  0.111659350474      0.113066970089      0.114492295380      0.115935549055    
  0.117396956627      0.118876746444      0.120375149724      0.121892400598    
  0.123428736139      0.124984396402      0.126559624461      0.128154666451    
  0.129769771599      0.131405192269      0.133061183999      0.134738005540    
  0.136435918900      0.138155189380      0.139896085622      0.141658879642    
  0.143443846881      0.145251266244      0.147081420144      0.148934594546    
  0.150811079013      0.152711166749      0.154635154646      0.156583343331    
  0.158556037214      0.160553544531      0.162576177397      0.164624251852    
  0.166698087913      0.168798009620      0.170924345091      0.173077426569    
  0.175257590478      0.177465177474      0.179700532495      0.181964004821    
  0.184255948125      0.186576720526      0.188926684650      0.191306207684    
  0.193715661433      0.196155422379      0.198625871741      0.201127395529    
  0.203660384614      0.206225234779      0.208822346788      0.211452126444    
  0.214114984656      0.216811337501      0.219541606289      0.222306217632    
  0.225105603504      0.227940201315      0.230810453978      0.233716809975    
  0.236659723430      0.239639654179      0.242657067843      0.245712435898    
  0.248806235752      0.251938950818      0.255111070589      0.258323090714    
  0.261575513079      0.264868845881      0.268203603710      0.271580307628    
  0.274999485254      0.278461670839      0.281967405358      0.285517236589    
  0.289111719200      0.292751414836      0.296436892207      0.300168727177    
  0.303947502852      0.307773809674      0.311648245511      0.315571415751    
  0.319543933398      0.323566419166      0.327639501576      0.331763817056    
  0.335940010038      0.340168733061      0.344450646872      0.348786420529    
  0.353176731504      0.357622265792      0.362123718019      0.366681791544    
  0.371297198576      0.375970660282      0.380702906900      0.385494677852    
  0.390346721863      0.395259797074      0.400234671164      0.405272121467    
  0.410372935094      0.415537909058      0.420767850397      0.426063576299    
  0.431425914233      0.436855702075      0.442353788241      0.447921031816    
  0.453558302695      0.459266481713      0.465046460784      0.470899143041    
  0.476825442979      0.482826286593      0.488902611528      0.495055367222    
  0.501285515055      0.507594028500      0.513981893277      0.520450107500    
  0.526999681843      0.533631639690      0.540347017296      0.547146863955    
  0.554032242155      0.561004227752      0.568063910131      0.575212392383    
  0.582450791472      0.589780238414      0.597201878449      0.604716871224    
  0.612326390971      0.620031626693      0.627833782349      0.635734077043    
  0.643733745210      0.651834036815      0.660036217546      0.668341569010    
  0.676751388935      0.685266991372      0.693889706902      0.702620882841    
  0.711461883454      0.720414090164      0.729478901773      0.738657734675    
  0.747952023083      0.757363219246      0.766892793684      0.776542235413    
  0.786313052177      0.796206770686      0.806224936854      0.816369116039    
  0.826640893291      0.837041873595      0.847573682126      0.858237964500    
  0.869036387033      0.879970637001      0.891042422902      0.902253474726    
  0.913605544221      0.925100405173      0.936739853676      0.948525708418    
  0.960459810963      0.972544026038      0.984780241827      0.997170370264    
   1.00971634733       1.02242013336       1.03528371335       1.04830909726    
   1.06149832032       1.07485344339       1.08837655323       1.10206976285    
   1.11593521184       1.12997506671       1.14419152122       1.15858679670    
   1.17316314247       1.18792283609       1.20286818381       1.21800152085    
   1.23332521185       1.24884165114       1.26455326322       1.28046250305    
   1.29657185648       1.31288384063       1.32940100429       1.34612592828    
   1.36306122593       1.38020954339       1.39757356013       1.41515598932    
   1.43295957824       1.45098710874       1.46924139766       1.48772529727    
   1.50644169571       1.52539351747       1.54458372379       1.56401531320    
   1.58369132191       1.60361482435       1.62378893359       1.64421680189    
   1.66490162114       1.68584662339       1.70705508133       1.72853030884    
   1.75027566145       1.77229453693       1.79459037576       1.81716666173    
   1.84002692241       1.86317472977       1.88661370071       1.91034749761    
   1.93437982892       1.95871444974       1.98335516242       2.00830581710    
   2.03357031239       2.05915259590       2.08505666493       2.11128656704    
   2.13784640069       2.16474031593       2.19197251498       2.21954725293    
   2.24746883838       2.27574163414       2.30437005789       2.33335858288    
   2.36271173862       2.39243411162       2.42253034604       2.45300514449    
   2.48386326872       2.51510954036       2.54674884172       2.57878611650    
   2.61122637059       2.64407467284       2.67733615587       2.71101601685    
   2.74511951833       2.77965198905       2.81461882478       2.85002548916    
   2.88587751455       2.92218050291       2.95894012664       2.99616212952    
   3.03385232756       3.07201660993       3.11066093988       3.14979135566    
   3.18941397147       3.22953497844       3.27016064555       3.31129732065    
   3.35295143142       3.39512948641       3.43783807601       3.48108387354    
   3.52487363624       3.56921420635       3.61411251217       3.65957556915    
   3.70561048099       3.75222444074       3.79942473193       3.84721872969    
   3.89561390193       3.94461781050       3.99423811236       4.04448256079    
   4.09535900657       4.14687539927       4.19903978841       4.25186032479    
   4.30534526173       4.35950295635       4.41434187092       4.46987057411    
   4.52609774241       4.58303216142       4.64068272725       4.69905844794    
   4.75816844480       4.81802195389       4.87862832745       4.93999703534    
   5.00213766654       5.06505993067       5.12877365944       5.19328880827    
   5.25861545776       5.32476381536       5.39174421686       5.45956712810    
   5.52824314654       5.59778300295       5.66819756307       5.73949782933    
   5.81169494253       5.88480018362       5.95882497544       6.03378088452    
   6.10967962287       6.18653304982       6.26435317388       6.34315215459    
   6.42294230447       6.50373609088       6.58554613802       6.66838522887    
   6.75226630722       6.83720247964       6.92320701759       7.01029335945    
   7.09847511265       7.18776605575       7.27818014065       7.36973149474    
   7.46243442310       7.55630341076       7.65135312492       7.74759841731    
   7.84505432644       7.94373608001       8.04365909723       8.14483899128    
   8.24729157172       8.35103284699       8.45607902685       8.56244652500    
   8.67015196157       8.77921216576       8.88964417844       9.00146525483    
   9.11469286722       9.22934470765       9.34543869069       9.46299295627    
   9.58202587249       9.70255603848       9.82460228731       9.94818368898    
   10.0733195533       10.2000294331       10.3283331269       10.4582506825    
   10.5898023998       10.7230088340       10.8578907989       10.9944693700    
   11.1327658881       11.2728019622       11.4145994733       11.5581805775    
   11.7035677097       11.8507835869       11.9998512118       12.1507938767    
   12.3036351665       12.4583989631       12.6151094486       12.7737911094    
   12.9344687397       13.0971674459       13.2619126498       13.4287300933    
   13.5976458419       13.7686862891       13.9418781602       14.1172485169    
   14.2948247612       14.4746346396       14.6567062479       14.8410680350    
   15.0277488080       15.2167777360       15.4081843553       15.6019985734    
   15.7982506743       15.9969713227       16.1981915692       16.4019428548    
   16.6082570160       16.8171662900       17.0287033191       17.2429011565    
   17.4597932710       17.6794135524       17.9017963169       18.1269763123    
   18.3549887233       18.5858691774       18.8196537501       19.0563789706    
   19.2960818280       19.5387997760       19.7845707401       20.0334331223    
   20.2854258079       20.5405881713       20.7989600821       21.0605819114    
   21.3254945383       21.5937393558       21.8653582778       22.1403937452    
   22.4188887329       22.7008867563       22.9864318782       23.2755687155    
   23.5683424466       23.8647988178       24.1649841512       24.4689453512    
   24.7767299124       25.0883859269       25.4039620914       25.7235077154    
   26.0470727285       26.3747076885       26.7064637889       27.0423928674    
   27.3825474135       27.7269805771       28.0757461765       28.4288987072    
   28.7864933498       29.1485859793       29.5152331734       29.8864922215    
   30.2624211335       30.6430786491       31.0285242468       31.4188181534    
   31.8140213528       32.2141955966       32.6194034127       33.0297081157    
   33.4451738166       33.8658654326       34.2918486977       34.7231901727    
   35.1599572555       35.6022181919       36.0500420860       36.5034989113    
   36.9626595213       37.4275956608       37.8983799770       38.3750860309    
   38.8577883088       39.3465622339       39.8414841781       40.3426314741    
   40.8500824270       41.3639163271       41.8842134620       42.4110551293    
   42.9445236489       43.4847023764       44.0316757159       44.5855291330    
   45.1463491685       45.7142234517       46.2892407140       46.8714908030    
   47.4610646966       48.0580545169       48.6625535446       49.2746562341    
   49.8944582276       50.5220563705       51.1575487261       51.8010345916    
   52.4526145129       53.1123903006       53.7804650461       54.4569431374    
   55.1419302756       55.8355334913       56.5378611614       57.2490230261    
   57.9691302059       58.6982952190       59.4366319988       60.1842559120    
   60.9412837764       61.7078338791       62.4840259951       63.2699814060    
   64.0658229190       64.8716748859       65.6876632227       66.5139154292    
   67.3505606091       68.1977294899       69.0555544433       69.9241695064    
   70.8037104019       71.6943145600       72.5961211393       73.5092710490    
   74.4339069705       75.3701733802       76.3182165716       77.2781846783    
   78.2502276973       79.2344975123       80.2311479175       81.2403346415    
   82.2622153719       83.2969497794       84.3446995436       85.4056283774    
   86.4799020531       87.5676884282       88.6691574715       89.7844812898    
   90.9138341547       92.0573925299       93.2153350987       94.3878427919    
   95.5750988164       96.7772886833       97.9946002371       99.2272236853    
   100.475351628       101.739179087       103.018903539       104.314724943    
   105.626845773       106.955471052       108.300808380       109.663067968    
   111.042462672       112.439208025       113.853522273       115.285626403    
   116.735744186       118.204102205       119.690929895    
Down potential follows (l on next line)
 1
  -19.9695547174      -20.0750642754      -19.9275165822      -20.0266987957    
  -19.9927078021      -20.0030636154      -19.9938118090      -19.9990854565    
  -19.9975316186      -19.9979472928      -19.9981095791      -19.9984280534    
  -19.9987983005      -19.9992737905      -19.9998273249      -20.0004682122    
  -20.0011894408      -20.0019890595      -20.0028624750      -20.0038050379    
  -20.0048113191      -20.0058754361      -20.0069910596      -20.0081515415    
  -20.0093500059      -20.0105794571      -20.0118328798      -20.0131033364    
  -20.0143840563      -20.0156685163      -20.0169505097      -20.0182242039    
  -20.0194841860      -20.0207254955      -20.0219436465      -20.0231346381    
  -20.0242949556      -20.0254215629      -20.0265118879      -20.0275638017    
  -20.0285755935      -20.0295459420      -20.0304738846      -20.0313587855    
  -20.0322003030      -20.0329983578      -20.0337531013      -20.0344648858    
  -20.0351342365      -20.0357618250      -20.0363484449      -20.0368949897    
  -20.0374024326      -20.0378718088      -20.0383041989      -20.0387007153    
  -20.0390624897      -20.0393906622      -20.0396863724      -20.0399507516    
  -20.0401849159      -20.0403899612      -20.0405669587      -20.0407169509    
  -20.0408409494      -20.0409399324      -20.0410148431      -20.0410665890    
  -20.0410960410      -20.0411040330      -20.0410913625      -20.0410587903    
  -20.0410070413      -20.0409368050      -20.0408487367      -20.0407434577    
  -20.0406215570      -20.0404835919      -20.0403300895      -20.0401615472    
  -20.0399784343      -20.0397811930      -20.0395702398      -20.0393459658    
  -20.0391087387      -20.0388589034      -20.0385967829      -20.0383226798    
  -20.0380368767      -20.0377396374      -20.0374312080      -20.0371118172    
  -20.0367816776      -20.0364409865      -20.0360899261      -20.0357286649    
  -20.0353573579      -20.0349761473      -20.0345851636      -20.0341845253    
  -20.0337743402      -20.0333547057      -20.0329257092      -20.0324874285    
  -20.0320399324      -20.0315832813      -20.0311175270      -20.0306427137    
  -20.0301588780      -20.0296660493      -20.0291642502      -20.0286534967    
  -20.0281337985      -20.0276051592      -20.0270675766      -20.0265210431    
  -20.0259655456      -20.0254010659      -20.0248275809      -20.0242450627    
  -20.0236534787      -20.0230527922      -20.0224429618      -20.0218239422    
  -20.0211956841      -20.0205581342      -20.0199112354      -20.0192549270    
  -20.0185891448      -20.0179138212      -20.0172288848      -20.0165342614    
  -20.0158298734      -20.0151156398      -20.0143914770      -20.0136572980    
  -20.0129130129      -20.0121585290      -20.0113937507      -20.0106185795    
  -20.0098329142      -20.0090366508      -20.0082296828      -20.0074119007    
  -20.0065831926      -20.0057434439      -20.0048925374      -20.0040303532    
  -20.0031567691      -20.0022716602      -20.0013748990      -20.0004663557    
  -19.9995458977      -19.9986133902      -19.9976686956      -19.9967116740    
  -19.9957421830      -19.9947600776      -19.9937652103      -19.9927574313    
  -19.9917365879      -19.9907025254      -19.9896550861      -19.9885941101    
  -19.9875194347      -19.9864308949      -19.9853283230      -19.9842115487    
  -19.9830803992      -19.9819346989      -19.9807742698      -19.9795989311    
  -19.9784084994      -19.9772027886      -19.9759816100      -19.9747447719    
  -19.9734920801      -19.9722233376      -19.9709383443      -19.9696368978    
  -19.9683187924      -19.9669838196      -19.9656317683      -19.9642624240    
  -19.9628755695      -19.9614709847      -19.9600484462      -19.9586077277    
  -19.9571485998      -19.9556708300      -19.9541741824      -19.9526584183    
  -19.9511232955      -19.9495685685      -19.9479939886      -19.9463993038    
  -19.9447842586      -19.9431485941      -19.9414920481      -19.9398143546    
  -19.9381152443      -19.9363944442      -19.9346516778      -19.9328866646    
  -19.9310991208      -19.9292887585      -19.9274552863      -19.9255984086    
  -19.9237178262      -19.9218132357      -19.9198843299      -19.9179307975    
  -19.9159523230      -19.9139485869      -19.9119192654      -19.9098640303    
  -19.9077825496      -19.9056744863      -19.9035394994      -19.9013772433    
  -19.8991873680      -19.8969695187      -19.8947233361      -19.8924484562    
  -19.8901445102      -19.8878111245      -19.8854479206      -19.8830545153    
  -19.8806305199      -19.8781755412      -19.8756891804      -19.8731710339    
  -19.8706206926      -19.8680377422      -19.8654217629      -19.8627723295    
  -19.8600890115      -19.8573713724      -19.8546189705      -19.8518313579    
  -19.8490080812      -19.8461486812      -19.8432526925      -19.8403196438    
  -19.8373490579      -19.8343404511      -19.8312933336      -19.8282072095    
  -19.8250815762      -19.8219159248      -19.8187097397      -19.8154624989    
  -19.8121736735      -19.8088427280      -19.8054691198      -19.8020522995    
  -19.7985917106      -19.7950867897      -19.7915369658      -19.7879416610    
  -19.7843002897      -19.7806122591      -19.7768769688      -19.7730938107    
  -19.7692621689      -19.7653814199      -19.7614509322      -19.7574700663    
  -19.7534381747      -19.7493546014      -19.7452186827      -19.7410297461    
  -19.7367871107      -19.7324900874      -19.7281379779      -19.7237300757    
  -19.7192656652      -19.7147440219      -19.7101644123      -19.7055260939    
  -19.7008283148      -19.6960703139      -19.6912513207      -19.6863705552    
  -19.6814272278      -19.6764205392      -19.6713496802      -19.6662138319    
  -19.6610121653      -19.6557438413      -19.6504080108      -19.6450038140    
  -19.6395303813      -19.6339868321      -19.6283722754      -19.6226858098    
  -19.6169265227      -19.6110934909      -19.6051857803      -19.5992024454    
  -19.5931425299      -19.5870050661      -19.5807890750      -19.5744935662    
  -19.5681175377      -19.5616599760      -19.5551198558      -19.5484961400    
  -19.5417877798      -19.5349937141      -19.5281128702      -19.5211441629    
  -19.5140864950      -19.5069387568      -19.4996998265      -19.4923685697    
  -19.4849438395      -19.4774244763      -19.4698093081      -19.4620971500    
  -19.4542868043      -19.4463770604      -19.4383666950      -19.4302544716    
  -19.4220391408      -19.4137194400      -19.4052940936      -19.3967618129    
  -19.3881212957      -19.3793712269      -19.3705102778      -19.3615371066    
  -19.3524503581      -19.3432486638      -19.3339306418      -19.3244948967    
  -19.3149400198      -19.3052645891      -19.2954671692      -19.2855463111    
  -19.2755005526      -19.2653284182      -19.2550284190      -19.2445990528    
  -19.2340388043      -19.2233461448      -19.2125195326      -19.2015574127    
  -19.1904582174      -19.1792203657      -19.1678422640      -19.1563223057    
  -19.1446588717      -19.1328503302      -19.1208950369      -19.1087913353    
  -19.0965375564      -19.0841320195      -19.0715730316      -19.0588588882    
  -19.0459878729      -19.0329582582      -19.0197683051      -19.0064162636    
  -18.9929003730      -18.9792188617      -18.9653699479      -18.9513518395    
  -18.9371627348      -18.9228008220      -18.9082642803      -18.8935512796    
  -18.8786599809      -18.8635885371      -18.8483350925      -18.8328977839    
  -18.8172747402      -18.8014640837      -18.7854639294      -18.7692723862    
  -18.7528875569      -18.7363075387      -18.7195304238      -18.7025542993    
  -18.6853772484      -18.6679973500      -18.6504126799      -18.6326213111    
  -18.6146213138      -18.5964107566      -18.5779877066      -18.5593502301    
  -18.5404963928      -18.5214242610      -18.5021319015      -18.4826173825    
  -18.4628787742      -18.4429141493      -18.4227215836      -18.4022991565    
  -18.3816449521      -18.3607570590      -18.3396335719      -18.3182725913    
  -18.2966722250      -18.2748305882      -18.2527458042      -18.2304160053    
  -18.2078393334      -18.1850139405      -18.1619379896      -18.1386096553    
  -18.1150271243      -18.0911885963      -18.0670922847      -18.0427364169    
  -18.0181192355      -17.9932389985      -17.9680939802      -17.9426824718    
  -17.9170027821      -17.8910532379      -17.8648321847      -17.8383379875    
  -17.8115690314      -17.7845237216      -17.7572004846      -17.7295977686    
  -17.7017140436      -17.6735478025      -17.6450975610      -17.6163618584    
  -17.5873392579      -17.5580283469      -17.5284277374      -17.4985360664    
  -17.4683519961      -17.4378742139      -17.4071014331      -17.3760323927    
  -17.3446658575      -17.3130006185      -17.2810354924      -17.2487693222    
  -17.2162009765      -17.1833293499      -17.1501533626      -17.1166719600    
  -17.0828841129      -17.0487888167      -17.0143850911      -16.9796719800    
  -16.9446485506      -16.9093138929      -16.8736671194      -16.8377073640    
  -16.8014337817      -16.7648455473      -16.7279418550      -16.6907219176    
  -16.6531849651      -16.6153302439      -16.5771570160      -16.5386645578    
  -16.4998521587      -16.4607191205      -16.4212647559      -16.3814883871    
  -16.3413893451      -16.3009669682      -16.2602206008      -16.2191495920    
  -16.1777532948      -16.1360310647      -16.0939822585      -16.0516062333    
  -16.0089023453      -15.9658699492      -15.9225083970      -15.8788170371    
  -15.8347952140      -15.7904422677      -15.7457575330      -15.7007403395    
  -15.6553900116      -15.6097058685      -15.5636872248      -15.5173333909    
  -15.4706436739      -15.4236173790      -15.3762538105      -15.3285522740    
  -15.2805120784      -15.2321325381      -15.1834129759      -15.1343527262    
  -15.0849511388      -15.0352075820      -14.9851214477      -14.9346921555    
  -14.8839191580      -14.8328019458      -14.7813400533      -14.7295330642    
  -14.6773806180      -14.6248824159      -14.5720382268      -14.5188478939    
  -14.4653113401      -14.4114285743      -14.3571996962      -14.3026249010    
  -14.2477044835      -14.1924388402      -14.1368284713      -14.0808739802    
  -14.0245760715      -13.9679355467      -13.9109532973      -13.8536302949    
  -13.7959675776      -13.7379662333      -13.6796273775      -13.6209521274    
  -13.5619415697      -13.5025967236      -13.4429184965      -13.3829076335    
  -13.3225646596      -13.2618898143      -13.2008829786      -13.1395435937    
  -13.0778705725      -13.0158622032      -12.9535160460      -12.8908288248    
  -12.8277963130      -12.7644132201      -12.7006730782      -12.6365681301    
  -12.5720892347      -12.5072257847      -12.4419656494      -12.3762951541    
  -12.3101991049      -12.2436608743      -12.1766625618      -12.1091852477    
  -12.0412093566      -11.9727151492      -11.9036833593      -11.8340959877    
  -11.7639372636      -11.6931947705      -11.6218607273      -11.5499333978    
  -11.4774185862      -11.4043311565      -11.3306964947      -11.2565518140    
  -11.1819471888      -11.1069461964      -11.0316260454      -10.9560770844    
  -10.8804016082      -10.8047119146      -10.7291276127      -10.6537722335    
  -10.5787692486      -10.5042376529      -10.4302873136      -10.3570143208    
  -10.2844966024      -10.2127900777      -10.1419256196      -10.0719070776    
  -10.0027105701      -9.93428518488      -9.86655513296      -9.79942328092    
  -9.73277585773      -9.66648800908      -9.60042977687      -9.53447203457    
  -9.46849192085      -9.40237738608      -9.33603058430      -9.26936998744    
  -9.20233124162      -9.13486690633      -9.06694530020      -8.99854871743    
  -8.92967127991      -8.86031666086      -8.79049586870      -8.72022522543    
  -8.64952462189      -8.57841608702      -8.50692267421      -8.43506764349    
  -8.36287390422      -8.29036367546      -8.21755832032      -8.14447831228    
  -8.07114329638      -7.99757221328      -7.92378346004      -7.84979506716    
  -7.77562487603      -7.70129070588      -7.62681050237      -7.55220246355    
  -7.47748514084      -7.40267751481      -7.32779904659      -7.25286970694    
  -7.17790998524      -7.10294088131      -7.02798388267      -6.95306093018    
  -6.87819437443      -6.80340692537      -6.72872159699      -6.65416164909    
  -6.57975052720      -6.50551180221      -6.43146911029      -6.35764609404    
  -6.28406634522      -6.21075334957      -6.13773043380      -6.06502071500    
  -5.99264705240      -5.92063200164      -5.84899777131      -5.77776618193    
  -5.70695862695      -5.63659603607      -5.56669884048      -5.49728694005    
  -5.42837967240      -5.35999578375      -5.29215340154      -5.22487000867    
  -5.15816241942      -5.09204675703      -5.02653843281      -4.96165212693    
  -4.89740177078      -4.83380053098      -4.77086079503      -4.70859415860    
  -4.64701141462      -4.58612254400      -4.52593670824      -4.46646224386    
  -4.40770665868      -4.34967663014      -4.29237800560      -4.23581580472    
  -4.17999422403      -4.12491664379      -4.07058563707      -4.01700298142    
  -3.96416967288      -3.91208594279      -3.86075127723      -3.81016443935    
  -3.76032349465      -3.71122583951      -3.66286823268      -3.61524683011    
  -3.56835722386      -3.52219448383      -3.47675320344      -3.43202754932    
  -3.38801131451      -3.34469797569      -3.30208075419      -3.26015268073    
  -3.21890666379      -3.17833556134      -3.13843225561      -3.09918973056    
  -3.06060115130      -3.02265994500      -2.98535988232      -2.94869515843    
  -2.91266047246      -2.87725110408      -2.84246298588      -2.80829276973    
  -2.77473788570      -2.74179659160      -2.70946801131      -2.67775216013    
  -2.64664995528      -2.61616320991      -2.58629460899      -2.55704766589    
  -2.52842665848      -2.50043654409      -2.47308285316      -2.44637156144    
  -2.42030894168      -2.39490139566      -2.37015526824      -2.34607664564    
  -2.32267114024      -2.29994366516      -2.27789820175      -2.25653756381    
  -2.23586316224      -2.21587477440      -2.19657032215      -2.17794566281    
  -2.15999439710      -2.14270769795      -2.12607416401      -2.11007970130    
  -2.09470743611      -2.07993766205      -2.06574782340      -2.05211253701    
  -2.03900365383      -2.02639036109      -2.01423932542      -2.00251487646    
  -1.99117923005      -1.98019274914      -1.96951424004      -1.95910128087    
  -1.94891057801      -1.93889834616      -1.92902070634      -1.91923409607    
  -1.90949568504      -1.89976378933      -1.88999827716      -1.88016095877    
  -1.87021595341      -1.86013002665      -1.84987289183      -1.83941747013    
  -1.82874010475      -1.81782072573      -1.80664296317      -1.79519420774    
  -1.78346561876      -1.77145208135      -1.75915211524      -1.74656773891    
  -1.73370429358      -1.72057023230      -1.70717687986      -1.69353816949    
  -1.67967036256      -1.66559175714      -1.65132239132      -1.63688374663    
  -1.62229845631      -1.60759002286      -1.59278254838      -1.57790048076    
  -1.56296837796      -1.54801069215      -1.53305157472      -1.51811470279    
  -1.50322312717      -1.48839914160      -1.47366417233      -1.45903868739    
  -1.44454212405      -1.43019283342      -1.41600804047      -1.40200381830    
  -1.38819507484      -1.37459555076      -1.36121782698      -1.34807334051    
  -1.33517240730      -1.32252425086      -1.31013703573      -1.29801790456    
  -1.28617301814      -1.27460759753      -1.26332596746      -1.25233160074    
  -1.24162716274      -1.23121455598      -1.22109496406      -1.21126889490    
  -1.20173622305      -1.19249623070      -1.18354764751      -1.17488868893    
  -1.16651709320      -1.15843015673      -1.15062476803      -1.14309744021    
  -1.13584434188      -1.12886132671      -1.12214396161      -1.11568755353    
  -1.10948717493      -1.10353768815      -1.09783376850      -1.09236992625    
  -1.08714052761      -1.08213981465      -1.07736192426      -1.07280090625    
  -1.06845074053      -1.06430535345      -1.06035863343      -1.05660444569    
  -1.05303664636      -1.04964909586      -1.04643567152      -1.04339027961    
  -1.04050686668      -1.03777943027      -1.03520202902      -1.03276879207    
  -1.03047392799      -1.02831173302      -1.02627659872      -1.02436301912    
  -1.02256559718      -1.02087905079      -1.01929821814      -1.01781806258    
  -1.01643367690      -1.01514028711      -1.01393325571      -1.01280808438    
  -1.01176041624      -1.01078603762      -1.00988087930      -1.00904101734    
  -1.00826267350      -1.00754221515      -1.00687615485      -1.00626114950    
  -1.00569399920      -1.00517164559      -1.00469117020      -1.00424979191    
  -1.00384486527      -1.00362402974      -1.00366962097      -1.00371578127    
  -1.00376250655      -1.00380982813      -1.00385775494      -1.00390628109    
  -1.00395541808      -1.00400517277      -1.00405555313      -1.00410656709    
  -1.00415822264      -1.00421052788      -1.00426349101      -1.00431712029    
  -1.00437142413      -1.00442641101      -1.00448208954      -1.00453846840    
  -1.00459555643      -1.00465336252      -1.00471189573      -1.00477116519    
  -1.00483118017      -1.00489195005      -1.00495348431      -1.00501579258    
  -1.00507888459      -1.00514277020      -1.00520745940      -1.00527296228    
  -1.00533928909      -1.00540645019      -1.00547445607      -1.00554331735    
  -1.00561304481      -1.00568364933      -1.00575514195      -1.00582753383    
  -1.00590083629      -1.00597506078      -1.00605021890      -1.00612632239    
  -1.00620338315      -1.00628141321      -1.00636042477      -1.00644043017    
  -1.00652144192      -1.00660347267      -1.00668653524      -1.00677064260    
  -1.00685580791      -1.00694204447      -1.00702936574      -1.00711778539    
  -1.00720731721      -1.00729797521      -1.00738977355      -1.00748272656    
  -1.00757684879      -1.00767215492      -1.00776865986      -1.00786637867    
  -1.00796532665      -1.00806551923      -1.00816697208      -1.00826970105    
  -1.00837372219      -1.00847905176      -1.00858570621      -1.00869370220    
  -1.00880305662      -1.00891378655      -1.00902590929      -1.00913944236    
  -1.00925440350      -1.00937081068      -1.00948868207      -1.00960803611    
  -1.00972889143      -1.00985126693      -1.00997518172      -1.01010065517    
  -1.01022770688      -1.01035635670      -1.01048662474      -1.01061853135    
  -1.01075209714      -1.01088734298      -1.01102429000      -1.01116295961    
  -1.01130337346      -1.01144555351      -1.01158952195      -1.01173530130    
  -1.01188291433      -1.01203238410      -1.01218373397      -1.01233698758    
  -1.01249216889      -1.01264930214      -1.01280841188      -1.01296952298    
  -1.01313266060      -1.01329785024      -1.01346511772      -1.01363448915    
  -1.01380599102      -1.01397965012      -1.01415549358      -1.01433354888    
  -1.01451384384      -1.01469640662      -1.01488126577      -1.01506845016    
  -1.01525798904      -1.01544991202      -1.01564424910      -1.01584103063    
  -1.01604028738      -1.01624205046      -1.01644635142      -1.01665322216    
  -1.01686269501      -1.01707480271      -1.01728957840      -1.01750705563    
  -1.01772726839      -1.01795025108      -1.01817603856      -1.01840466608    
  -1.01863616939      -1.01887058465      -1.01910794850      -1.01934829801    
  -1.01959167074      -1.01983810473      -1.02008763848      -1.02034031098    
  -1.02059616170      -1.02085523063      -1.02111755824      -1.02138318553    
  -1.02165215401      -1.02192450568      -1.02220028312      -1.02247952942    
  -1.02276228820      -1.02304860364      -1.02333852049      -1.02363208405    
  -1.02392934018      -1.02423033534      -1.02453511654      -1.02484373143    
  -1.02515622820      -1.02547265571      -1.02579306338      -1.02611750129    
  -1.02644602012      -1.02677867121      -1.02711550654      -1.02745657873    
  -1.02780194108      -1.02815164756      -1.02850575280      -1.02886431214    
  -1.02922738160      -1.02959501791      -1.02996727852      -1.03034422158    
  -1.03072590601      -1.03111239144      -1.03150373826      -1.03190000761    
  -1.03230126142      -1.03270756238      -1.03311897397      -1.03353556049    
  -1.03395738702      -1.03438451947      -1.03481702459      -1.03525496996    
  -1.03569842400      -1.03614745600      -1.03660213613      -1.03706253544    
  -1.03752872585      -1.03800078022      -1.03847877230      -1.03896277678    
  -1.03945286929      -1.03994912640      -1.04045162566      -1.04096044558    
  -1.04147566566      -1.04199736642      -1.04252562937    
Up potential follows (l on next line)
 1
  -19.9695547174      -20.0750642754      -19.9275165822      -20.0266987957    
  -19.9927078021      -20.0030636154      -19.9938118090      -19.9990854565    
  -19.9975316186      -19.9979472928      -19.9981095791      -19.9984280534    
  -19.9987983005      -19.9992737905      -19.9998273249      -20.0004682122    
  -20.0011894408      -20.0019890595      -20.0028624750      -20.0038050379    
  -20.0048113191      -20.0058754361      -20.0069910596      -20.0081515415    
  -20.0093500059      -20.0105794571      -20.0118328798      -20.0131033364    
  -20.0143840563      -20.0156685163      -20.0169505097      -20.0182242039    
  -20.0194841860      -20.0207254955      -20.0219436465      -20.0231346381    
  -20.0242949556      -20.0254215629      -20.0265118879      -20.0275638017    
  -20.0285755935      -20.0295459420      -20.0304738846      -20.0313587855    
  -20.0322003030      -20.0329983578      -20.0337531013      -20.0344648858    
  -20.0351342365      -20.0357618250      -20.0363484449      -20.0368949897    
  -20.0374024326      -20.0378718088      -20.0383041989      -20.0387007153    
  -20.0390624897      -20.0393906622      -20.0396863724      -20.0399507516    
  -20.0401849159      -20.0403899612      -20.0405669587      -20.0407169509    
  -20.0408409494      -20.0409399324      -20.0410148431      -20.0410665890    
  -20.0410960410      -20.0411040330      -20.0410913625      -20.0410587903    
  -20.0410070413      -20.0409368050      -20.0408487367      -20.0407434577    
  -20.0406215570      -20.0404835919      -20.0403300895      -20.0401615472    
  -20.0399784343      -20.0397811930      -20.0395702398      -20.0393459658    
  -20.0391087387      -20.0388589034      -20.0385967829      -20.0383226798    
  -20.0380368767      -20.0377396374      -20.0374312080      -20.0371118172    
  -20.0367816776      -20.0364409865      -20.0360899261      -20.0357286649    
  -20.0353573579      -20.0349761473      -20.0345851636      -20.0341845253    
  -20.0337743402      -20.0333547057      -20.0329257092      -20.0324874285    
  -20.0320399324      -20.0315832813      -20.0311175270      -20.0306427137    
  -20.0301588780      -20.0296660493      -20.0291642502      -20.0286534967    
  -20.0281337985      -20.0276051592      -20.0270675766      -20.0265210431    
  -20.0259655456      -20.0254010659      -20.0248275809      -20.0242450627    
  -20.0236534787      -20.0230527922      -20.0224429618      -20.0218239422    
  -20.0211956841      -20.0205581342      -20.0199112354      -20.0192549270    
  -20.0185891448      -20.0179138212      -20.0172288848      -20.0165342614    
  -20.0158298734      -20.0151156398      -20.0143914770      -20.0136572980    
  -20.0129130129      -20.0121585290      -20.0113937507      -20.0106185795    
  -20.0098329142      -20.0090366508      -20.0082296828      -20.0074119007    
  -20.0065831926      -20.0057434439      -20.0048925374      -20.0040303532    
  -20.0031567691      -20.0022716602      -20.0013748990      -20.0004663557    
  -19.9995458977      -19.9986133902      -19.9976686956      -19.9967116740    
  -19.9957421830      -19.9947600776      -19.9937652103      -19.9927574313    
  -19.9917365879      -19.9907025254      -19.9896550861      -19.9885941101    
  -19.9875194347      -19.9864308949      -19.9853283230      -19.9842115487    
  -19.9830803992      -19.9819346989      -19.9807742698      -19.9795989311    
  -19.9784084994      -19.9772027886      -19.9759816100      -19.9747447719    
  -19.9734920801      -19.9722233376      -19.9709383443      -19.9696368978    
  -19.9683187924      -19.9669838196      -19.9656317683      -19.9642624240    
  -19.9628755695      -19.9614709847      -19.9600484462      -19.9586077277    
  -19.9571485998      -19.9556708300      -19.9541741824      -19.9526584183    
  -19.9511232955      -19.9495685685      -19.9479939886      -19.9463993038    
  -19.9447842586      -19.9431485941      -19.9414920481      -19.9398143546    
  -19.9381152443      -19.9363944442      -19.9346516778      -19.9328866646    
  -19.9310991208      -19.9292887585      -19.9274552863      -19.9255984086    
  -19.9237178262      -19.9218132357      -19.9198843299      -19.9179307975    
  -19.9159523230      -19.9139485869      -19.9119192654      -19.9098640303    
  -19.9077825496      -19.9056744863      -19.9035394994      -19.9013772433    
  -19.8991873680      -19.8969695187      -19.8947233361      -19.8924484562    
  -19.8901445102      -19.8878111245      -19.8854479206      -19.8830545153    
  -19.8806305199      -19.8781755412      -19.8756891804      -19.8731710339    
  -19.8706206926      -19.8680377422      -19.8654217629      -19.8627723295    
  -19.8600890115      -19.8573713724      -19.8546189705      -19.8518313579    
  -19.8490080812      -19.8461486812      -19.8432526925      -19.8403196438    
  -19.8373490579      -19.8343404511      -19.8312933336      -19.8282072095    
  -19.8250815762      -19.8219159248      -19.8187097397      -19.8154624989    
  -19.8121736735      -19.8088427280      -19.8054691198      -19.8020522995    
  -19.7985917106      -19.7950867897      -19.7915369658      -19.7879416610    
  -19.7843002897      -19.7806122591      -19.7768769688      -19.7730938107    
  -19.7692621689      -19.7653814199      -19.7614509322      -19.7574700663    
  -19.7534381747      -19.7493546014      -19.7452186827      -19.7410297461    
  -19.7367871107      -19.7324900874      -19.7281379779      -19.7237300757    
  -19.7192656652      -19.7147440219      -19.7101644123      -19.7055260939    
  -19.7008283148      -19.6960703139      -19.6912513207      -19.6863705552    
  -19.6814272278      -19.6764205392      -19.6713496802      -19.6662138319    
  -19.6610121653      -19.6557438413      -19.6504080108      -19.6450038140    
  -19.6395303813      -19.6339868321      -19.6283722754      -19.6226858098    
  -19.6169265227      -19.6110934909      -19.6051857803      -19.5992024454    
  -19.5931425299      -19.5870050661      -19.5807890750      -19.5744935662    
  -19.5681175377      -19.5616599760      -19.5551198558      -19.5484961400    
  -19.5417877798      -19.5349937141      -19.5281128702      -19.5211441629    
  -19.5140864950      -19.5069387568      -19.4996998265      -19.4923685697    
  -19.4849438395      -19.4774244763      -19.4698093081      -19.4620971500    
  -19.4542868043      -19.4463770604      -19.4383666950      -19.4302544716    
  -19.4220391408      -19.4137194400      -19.4052940936      -19.3967618129    
  -19.3881212957      -19.3793712269      -19.3705102778      -19.3615371066    
  -19.3524503581      -19.3432486638      -19.3339306418      -19.3244948967    
  -19.3149400198      -19.3052645891      -19.2954671692      -19.2855463111    
  -19.2755005526      -19.2653284182      -19.2550284190      -19.2445990528    
  -19.2340388043      -19.2233461448      -19.2125195326      -19.2015574127    
  -19.1904582174      -19.1792203657      -19.1678422640      -19.1563223057    
  -19.1446588717      -19.1328503302      -19.1208950369      -19.1087913353    
  -19.0965375564      -19.0841320195      -19.0715730316      -19.0588588882    
  -19.0459878729      -19.0329582582      -19.0197683051      -19.0064162636    
  -18.9929003730      -18.9792188617      -18.9653699479      -18.9513518395    
  -18.9371627348      -18.9228008220      -18.9082642803      -18.8935512796    
  -18.8786599809      -18.8635885371      -18.8483350925      -18.8328977839    
  -18.8172747402      -18.8014640837      -18.7854639294      -18.7692723862    
  -18.7528875569      -18.7363075387      -18.7195304238      -18.7025542993    
  -18.6853772484      -18.6679973500      -18.6504126799      -18.6326213111    
  -18.6146213138      -18.5964107566      -18.5779877066      -18.5593502301    
  -18.5404963928      -18.5214242610      -18.5021319015      -18.4826173825    
  -18.4628787742      -18.4429141493      -18.4227215836      -18.4022991565    
  -18.3816449521      -18.3607570590      -18.3396335719      -18.3182725913    
  -18.2966722250      -18.2748305882      -18.2527458042      -18.2304160053    
  -18.2078393334      -18.1850139405      -18.1619379896      -18.1386096553    
  -18.1150271243      -18.0911885963      -18.0670922847      -18.0427364169    
  -18.0181192355      -17.9932389985      -17.9680939802      -17.9426824718    
  -17.9170027821      -17.8910532379      -17.8648321847      -17.8383379875    
  -17.8115690314      -17.7845237216      -17.7572004846      -17.7295977686    
  -17.7017140436      -17.6735478025      -17.6450975610      -17.6163618584    
  -17.5873392579      -17.5580283469      -17.5284277374      -17.4985360664    
  -17.4683519961      -17.4378742139      -17.4071014331      -17.3760323927    
  -17.3446658575      -17.3130006185      -17.2810354924      -17.2487693222    
  -17.2162009765      -17.1833293499      -17.1501533626      -17.1166719600    
  -17.0828841129      -17.0487888167      -17.0143850911      -16.9796719800    
  -16.9446485506      -16.9093138929      -16.8736671194      -16.8377073640    
  -16.8014337817      -16.7648455473      -16.7279418550      -16.6907219176    
  -16.6531849651      -16.6153302439      -16.5771570160      -16.5386645578    
  -16.4998521587      -16.4607191205      -16.4212647559      -16.3814883871    
  -16.3413893451      -16.3009669682      -16.2602206008      -16.2191495920    
  -16.1777532948      -16.1360310647      -16.0939822585      -16.0516062333    
  -16.0089023453      -15.9658699492      -15.9225083970      -15.8788170371    
  -15.8347952140      -15.7904422677      -15.7457575330      -15.7007403395    
  -15.6553900116      -15.6097058685      -15.5636872248      -15.5173333909    
  -15.4706436739      -15.4236173790      -15.3762538105      -15.3285522740    
  -15.2805120784      -15.2321325381      -15.1834129759      -15.1343527262    
  -15.0849511388      -15.0352075820      -14.9851214477      -14.9346921555    
  -14.8839191580      -14.8328019458      -14.7813400533      -14.7295330642    
  -14.6773806180      -14.6248824159      -14.5720382268      -14.5188478939    
  -14.4653113401      -14.4114285743      -14.3571996962      -14.3026249010    
  -14.2477044835      -14.1924388402      -14.1368284713      -14.0808739802    
  -14.0245760715      -13.9679355467      -13.9109532973      -13.8536302949    
  -13.7959675776      -13.7379662333      -13.6796273775      -13.6209521274    
  -13.5619415697      -13.5025967236      -13.4429184965      -13.3829076335    
  -13.3225646596      -13.2618898143      -13.2008829786      -13.1395435937    
  -13.0778705725      -13.0158622032      -12.9535160460      -12.8908288248    
  -12.8277963130      -12.7644132201      -12.7006730782      -12.6365681301    
  -12.5720892347      -12.5072257847      -12.4419656494      -12.3762951541    
  -12.3101991049      -12.2436608743      -12.1766625618      -12.1091852477    
  -12.0412093566      -11.9727151492      -11.9036833593      -11.8340959877    
  -11.7639372636      -11.6931947705      -11.6218607273      -11.5499333978    
  -11.4774185862      -11.4043311565      -11.3306964947      -11.2565518140    
  -11.1819471888      -11.1069461964      -11.0316260454      -10.9560770844    
  -10.8804016082      -10.8047119146      -10.7291276127      -10.6537722335    
  -10.5787692486      -10.5042376529      -10.4302873136      -10.3570143208    
  -10.2844966024      -10.2127900777      -10.1419256196      -10.0719070776    
  -10.0027105701      -9.93428518488      -9.86655513296      -9.79942328092    
  -9.73277585773      -9.66648800908      -9.60042977687      -9.53447203457    
  -9.46849192085      -9.40237738608      -9.33603058430      -9.26936998744    
  -9.20233124162      -9.13486690633      -9.06694530020      -8.99854871743    
  -8.92967127991      -8.86031666086      -8.79049586870      -8.72022522543    
  -8.64952462189      -8.57841608702      -8.50692267421      -8.43506764349    
  -8.36287390422      -8.29036367546      -8.21755832032      -8.14447831228    
  -8.07114329638      -7.99757221328      -7.92378346004      -7.84979506716    
  -7.77562487603      -7.70129070588      -7.62681050237      -7.55220246355    
  -7.47748514084      -7.40267751481      -7.32779904659      -7.25286970694    
  -7.17790998524      -7.10294088131      -7.02798388267      -6.95306093018    
  -6.87819437443      -6.80340692537      -6.72872159699      -6.65416164909    
  -6.57975052720      -6.50551180221      -6.43146911029      -6.35764609404    
  -6.28406634522      -6.21075334957      -6.13773043380      -6.06502071500    
  -5.99264705240      -5.92063200164      -5.84899777131      -5.77776618193    
  -5.70695862695      -5.63659603607      -5.56669884048      -5.49728694005    
  -5.42837967240      -5.35999578375      -5.29215340154      -5.22487000867    
  -5.15816241942      -5.09204675703      -5.02653843281      -4.96165212693    
  -4.89740177078      -4.83380053098      -4.77086079503      -4.70859415860    
  -4.64701141462      -4.58612254400      -4.52593670824      -4.46646224386    
  -4.40770665868      -4.34967663014      -4.29237800560      -4.23581580472    
  -4.17999422403      -4.12491664379      -4.07058563707      -4.01700298142    
  -3.96416967288      -3.91208594279      -3.86075127723      -3.81016443935    
  -3.76032349465      -3.71122583951      -3.66286823268      -3.61524683011    
  -3.56835722386      -3.52219448383      -3.47675320344      -3.43202754932    
  -3.38801131451      -3.34469797569      -3.30208075419      -3.26015268073    
  -3.21890666379      -3.17833556134      -3.13843225561      -3.09918973056    
  -3.06060115130      -3.02265994500      -2.98535988232      -2.94869515843    
  -2.91266047246      -2.87725110408      -2.84246298588      -2.80829276973    
  -2.77473788570      -2.74179659160      -2.70946801131      -2.67775216013    
  -2.64664995528      -2.61616320991      -2.58629460899      -2.55704766589    
  -2.52842665848      -2.50043654409      -2.47308285316      -2.44637156144    
  -2.42030894168      -2.39490139566      -2.37015526824      -2.34607664564    
  -2.32267114024      -2.29994366516      -2.27789820175      -2.25653756381    
  -2.23586316224      -2.21587477440      -2.19657032215      -2.17794566281    
  -2.15999439710      -2.14270769795      -2.12607416401      -2.11007970130    
  -2.09470743611      -2.07993766205      -2.06574782340      -2.05211253701    
  -2.03900365383      -2.02639036109      -2.01423932542      -2.00251487646    
  -1.99117923005      -1.98019274914      -1.96951424004      -1.95910128087    
  -1.94891057801      -1.93889834616      -1.92902070634      -1.91923409607    
  -1.90949568504      -1.89976378933      -1.88999827716      -1.88016095877    
  -1.87021595341      -1.86013002665      -1.84987289183      -1.83941747013    
  -1.82874010475      -1.81782072573      -1.80664296317      -1.79519420774    
  -1.78346561876      -1.77145208135      -1.75915211524      -1.74656773891    
  -1.73370429358      -1.72057023230      -1.70717687986      -1.69353816949    
  -1.67967036256      -1.66559175714      -1.65132239132      -1.63688374663    
  -1.62229845631      -1.60759002286      -1.59278254838      -1.57790048076    
  -1.56296837796      -1.54801069215      -1.53305157472      -1.51811470279    
  -1.50322312717      -1.48839914160      -1.47366417233      -1.45903868739    
  -1.44454212405      -1.43019283342      -1.41600804047      -1.40200381830    
  -1.38819507484      -1.37459555076      -1.36121782698      -1.34807334051    
  -1.33517240730      -1.32252425086      -1.31013703573      -1.29801790456    
  -1.28617301814      -1.27460759753      -1.26332596746      -1.25233160074    
  -1.24162716274      -1.23121455598      -1.22109496406      -1.21126889490    
  -1.20173622305      -1.19249623070      -1.18354764751      -1.17488868893    
  -1.16651709320      -1.15843015673      -1.15062476803      -1.14309744021    
  -1.13584434188      -1.12886132671      -1.12214396161      -1.11568755353    
  -1.10948717493      -1.10353768815      -1.09783376850      -1.09236992625    
  -1.08714052761      -1.08213981465      -1.07736192426      -1.07280090625    
  -1.06845074053      -1.06430535345      -1.06035863343      -1.05660444569    
  -1.05303664636      -1.04964909586      -1.04643567152      -1.04339027961    
  -1.04050686668      -1.03777943027      -1.03520202902      -1.03276879207    
  -1.03047392799      -1.02831173302      -1.02627659872      -1.02436301912    
  -1.02256559718      -1.02087905079      -1.01929821814      -1.01781806258    
  -1.01643367690      -1.01514028711      -1.01393325571      -1.01280808438    
  -1.01176041624      -1.01078603762      -1.00988087930      -1.00904101734    
  -1.00826267350      -1.00754221515      -1.00687615485      -1.00626114950    
  -1.00569399920      -1.00517164559      -1.00469117020      -1.00424979191    
  -1.00384486527      -1.00362402974      -1.00366962097      -1.00371578127    
  -1.00376250655      -1.00380982813      -1.00385775494      -1.00390628109    
  -1.00395541808      -1.00400517277      -1.00405555313      -1.00410656709    
  -1.00415822264      -1.00421052788      -1.00426349101      -1.00431712029    
  -1.00437142413      -1.00442641101      -1.00448208954      -1.00453846840    
  -1.00459555643      -1.00465336252      -1.00471189573      -1.00477116519    
  -1.00483118017      -1.00489195005      -1.00495348431      -1.00501579258    
  -1.00507888459      -1.00514277020      -1.00520745940      -1.00527296228    
  -1.00533928909      -1.00540645019      -1.00547445607      -1.00554331735    
  -1.00561304481      -1.00568364933      -1.00575514195      -1.00582753383    
  -1.00590083629      -1.00597506078      -1.00605021890      -1.00612632239    
  -1.00620338315      -1.00628141321      -1.00636042477      -1.00644043017    
  -1.00652144192      -1.00660347267      -1.00668653524      -1.00677064260    
  -1.00685580791      -1.00694204447      -1.00702936574      -1.00711778539    
  -1.00720731721      -1.00729797521      -1.00738977355      -1.00748272656    
  -1.00757684879      -1.00767215492      -1.00776865986      -1.00786637867    
  -1.00796532665      -1.00806551923      -1.00816697208      -1.00826970105    
  -1.00837372219      -1.00847905176      -1.00858570621      -1.00869370220    
  -1.00880305662      -1.00891378655      -1.00902590929      -1.00913944236    
  -1.00925440350      -1.00937081068      -1.00948868207      -1.00960803611    
  -1.00972889143      -1.00985126693      -1.00997518172      -1.01010065517    
  -1.01022770688      -1.01035635670      -1.01048662474      -1.01061853135    
  -1.01075209714      -1.01088734298      -1.01102429000      -1.01116295961    
  -1.01130337346      -1.01144555351      -1.01158952195      -1.01173530130    
  -1.01188291433      -1.01203238410      -1.01218373397      -1.01233698758    
  -1.01249216889      -1.01264930214      -1.01280841188      -1.01296952298    
  -1.01313266060      -1.01329785024      -1.01346511772      -1.01363448915    
  -1.01380599102      -1.01397965012      -1.01415549358      -1.01433354888    
  -1.01451384384      -1.01469640662      -1.01488126577      -1.01506845016    
  -1.01525798904      -1.01544991202      -1.01564424910      -1.01584103063    
  -1.01604028738      -1.01624205046      -1.01644635142      -1.01665322216    
  -1.01686269501      -1.01707480271      -1.01728957840      -1.01750705563    
  -1.01772726839      -1.01795025108      -1.01817603856      -1.01840466608    
  -1.01863616939      -1.01887058465      -1.01910794850      -1.01934829801    
  -1.01959167074      -1.01983810473      -1.02008763848      -1.02034031098    
  -1.02059616170      -1.02085523063      -1.02111755824      -1.02138318553    
  -1.02165215401      -1.02192450568      -1.02220028312      -1.02247952942    
  -1.02276228820      -1.02304860364      -1.02333852049      -1.02363208405    
  -1.02392934018      -1.02423033534      -1.02453511654      -1.02484373143    
  -1.02515622820      -1.02547265571      -1.02579306338      -1.02611750129    
  -1.02644602012      -1.02677867121      -1.02711550654      -1.02745657873    
  -1.02780194108      -1.02815164756      -1.02850575280      -1.02886431214    
  -1.02922738160      -1.02959501791      -1.02996727852      -1.03034422158    
  -1.03072590601      -1.03111239144      -1.03150373826      -1.03190000761    
  -1.03230126142      -1.03270756238      -1.03311897397      -1.03353556049    
  -1.03395738702      -1.03438451947      -1.03481702459      -1.03525496996    
  -1.03569842400      -1.03614745600      -1.03660213613      -1.03706253544    
  -1.03752872585      -1.03800078022      -1.03847877230      -1.03896277678    
  -1.03945286929      -1.03994912640      -1.04045162566      -1.04096044558    
  -1.04147566566      -1.04199736642      -1.04252562937    
