 Raios
  0.311788641354E-05  0.627499101025E-05  0.947180709413E-05  0.127088341742E-04
  0.159865780426E-04  0.193055508533E-04  0.226662712027E-04  0.260692642102E-04
  0.295150616003E-04  0.330042017859E-04  0.365372299523E-04  0.401146981422E-04
  0.437371653424E-04  0.474051975707E-04  0.511193679647E-04  0.548802568709E-04
  0.586884519361E-04  0.625445481983E-04  0.664491481805E-04  0.704028619843E-04
  0.744063073857E-04  0.784601099310E-04  0.825649030352E-04  0.867213280805E-04
  0.909300345168E-04  0.951916799631E-04  0.995069303102E-04  0.103876459825E-03
  0.108300951254E-03  0.112781095935E-03  0.117317593898E-03  0.121911153982E-03
  0.126562493938E-03  0.131272340548E-03  0.136041429736E-03  0.140870506681E-03
  0.145760325936E-03  0.150711651546E-03  0.155725257165E-03  0.160801926180E-03
  0.165942451829E-03  0.171147637332E-03  0.176418296008E-03  0.181755251409E-03
  0.187159337444E-03  0.192631398514E-03  0.198172289639E-03  0.203782876595E-03
  0.209464036046E-03  0.215216655687E-03  0.221041634375E-03  0.226939882275E-03
  0.232912321000E-03  0.238959883756E-03  0.245083515488E-03  0.251284173024E-03
  0.257562825231E-03  0.263920453161E-03  0.270358050205E-03  0.276876622252E-03
  0.283477187841E-03  0.290160778324E-03  0.296928438027E-03  0.303781224409E-03
  0.310720208233E-03  0.317746473729E-03  0.324861118764E-03  0.332065255018E-03
  0.339360008150E-03  0.346746517981E-03  0.354225938667E-03  0.361799438885E-03
  0.369468202008E-03  0.377233426296E-03  0.385096325082E-03  0.393058126959E-03
  0.401120075975E-03  0.409283431826E-03  0.417549470053E-03  0.425919482242E-03
  0.434394776223E-03  0.442976676279E-03  0.451666523349E-03  0.460465675239E-03
  0.469375506834E-03  0.478397410315E-03  0.487532795371E-03  0.496783089426E-03
  0.506149737856E-03  0.515634204219E-03  0.525237970483E-03  0.534962537256E-03
  0.544809424020E-03  0.554780169373E-03  0.564876331263E-03  0.575099487235E-03
  0.585451234680E-03  0.595933191079E-03  0.606546994257E-03  0.617294302645E-03
  0.628176795531E-03  0.639196173326E-03  0.650354157831E-03  0.661652492503E-03
  0.673092942730E-03  0.684677296106E-03  0.696407362710E-03  0.708284975388E-03
  0.720311990041E-03  0.732490285916E-03  0.744821765894E-03  0.757308356797E-03
  0.769952009678E-03  0.782754700133E-03  0.795718428611E-03  0.808845220719E-03
  0.822137127545E-03  0.835596225977E-03  0.849224619027E-03  0.863024436158E-03
  0.876997833620E-03  0.891146994785E-03  0.905474130488E-03  0.919981479373E-03
  0.934671308243E-03  0.949545912414E-03  0.964607616072E-03  0.979858772640E-03
  0.995301765142E-03  0.101093900658E-02  0.102677294030E-02  0.104280604038E-02
  0.105904081204E-02  0.107547979199E-02  0.109212554885E-02  0.110898068355E-02
  0.112604782975E-02  0.114332965423E-02  0.116082885729E-02  0.117854817323E-02
  0.119649037073E-02  0.121465825329E-02  0.123305465968E-02  0.125168246438E-02
  0.127054457802E-02  0.128964394784E-02  0.130898355815E-02  0.132856643082E-02
  0.134839562570E-02  0.136847424115E-02  0.138880541449E-02  0.140939232251E-02
  0.143023818195E-02  0.145134625003E-02  0.147271982492E-02  0.149436224628E-02
  0.151627689580E-02  0.153846719766E-02  0.156093661917E-02  0.158368867121E-02
  0.160672690883E-02  0.163005493180E-02  0.165367638518E-02  0.167759495987E-02
  0.170181439319E-02  0.172633846948E-02  0.175117102068E-02  0.177631592691E-02
  0.180177711713E-02  0.182755856970E-02  0.185366431302E-02  0.188009842617E-02
  0.190686503953E-02  0.193396833544E-02  0.196141254884E-02  0.198920196795E-02
  0.201734093492E-02  0.204583384653E-02  0.207468515484E-02  0.210389936793E-02
  0.213348105059E-02  0.216343482502E-02  0.219376537154E-02  0.222447742937E-02
  0.225557579733E-02  0.228706533461E-02  0.231895096150E-02  0.235123766021E-02
  0.238393047559E-02  0.241703451597E-02  0.245055495391E-02  0.248449702706E-02
  0.251886603893E-02  0.255366735976E-02  0.258890642730E-02  0.262458874776E-02
  0.266071989655E-02  0.269730551924E-02  0.273435133242E-02  0.277186312457E-02
  0.280984675697E-02  0.284830816465E-02  0.288725335729E-02  0.292668842014E-02
  0.296661951502E-02  0.300705288124E-02  0.304799483660E-02  0.308945177837E-02
  0.313143018426E-02  0.317393661350E-02  0.321697770780E-02  0.326056019242E-02
  0.330469087721E-02  0.334937665768E-02  0.339462451607E-02  0.344044152246E-02
  0.348683483584E-02  0.353381170527E-02  0.358137947097E-02  0.362954556551E-02
  0.367831751493E-02  0.372770293996E-02  0.377770955716E-02  0.382834518017E-02
  0.387961772091E-02  0.393153519083E-02  0.398410570212E-02  0.403733746904E-02
  0.409123880916E-02  0.414581814467E-02  0.420108400372E-02  0.425704502169E-02
  0.431370994261E-02  0.437108762050E-02  0.442918702073E-02  0.448801722145E-02
  0.454758741499E-02  0.460790690933E-02  0.466898512951E-02  0.473083161912E-02
  0.479345604180E-02  0.485686818275E-02  0.492107795024E-02  0.498609537718E-02
  0.505193062267E-02  0.511859397361E-02  0.518609584627E-02  0.525444678797E-02
  0.532365747868E-02  0.539373873271E-02  0.546470150040E-02  0.553655686982E-02
  0.560931606852E-02  0.568299046528E-02  0.575759157186E-02  0.583313104486E-02
  0.590962068745E-02  0.598707245130E-02  0.606549843841E-02  0.614491090300E-02
  0.622532225343E-02  0.630674505414E-02  0.638919202759E-02  0.647267605631E-02
  0.655721018483E-02  0.664280762180E-02  0.672948174198E-02  0.681724608838E-02
  0.690611437435E-02  0.699610048576E-02  0.708721848311E-02  0.717948260377E-02
  0.727290726420E-02  0.736750706219E-02  0.746329677917E-02  0.756029138245E-02
  0.765850602765E-02  0.775795606101E-02  0.785865702179E-02  0.796062464472E-02
  0.806387486246E-02  0.816842380806E-02  0.827428781751E-02  0.838148343227E-02
  0.849002740188E-02  0.859993668654E-02  0.871122845982E-02  0.882392011127E-02
  0.893802924921E-02  0.905357370340E-02  0.917057152791E-02  0.928904100389E-02
  0.940900064243E-02  0.953046918747E-02  0.965346561872E-02  0.977800915461E-02
  0.990411925534E-02  0.100318156259E-01  0.101611182190E-01  0.102920472385E-01
  0.104246231424E-01  0.105588666458E-01  0.106947987247E-01  0.108324406186E-01
  0.109718138344E-01  0.111129401494E-01  0.112558416150E-01  0.114005405597E-01
  0.115470595931E-01  0.116954216090E-01  0.118456497894E-01  0.119977676076E-01
  0.121517988325E-01  0.123077675317E-01  0.124656980755E-01  0.126256151411E-01
  0.127875437158E-01  0.129515091011E-01  0.131175369171E-01  0.132856531060E-01
  0.134558839362E-01  0.136282560066E-01  0.138027962508E-01  0.139795319410E-01
  0.141584906925E-01  0.143397004680E-01  0.145231895818E-01  0.147089867046E-01
  0.148971208675E-01  0.150876214668E-01  0.152805182687E-01  0.154758414137E-01
  0.156736214214E-01  0.158738891953E-01  0.160766760277E-01  0.162820136045E-01
  0.164899340100E-01  0.167004697323E-01  0.169136536679E-01  0.171295191274E-01
  0.173480998400E-01  0.175694299596E-01  0.177935440694E-01  0.180204771876E-01
  0.182502647731E-01  0.184829427305E-01  0.187185474164E-01  0.189571156444E-01
  0.191986846913E-01  0.194432923028E-01  0.196909766992E-01  0.199417765818E-01
  0.201957311386E-01  0.204528800504E-01  0.207132634974E-01  0.209769221650E-01
  0.212438972503E-01  0.215142304689E-01  0.217879640607E-01  0.220651407972E-01
  0.223458039878E-01  0.226299974869E-01  0.229177657000E-01  0.232091535917E-01
  0.235042066919E-01  0.238029711032E-01  0.241054935081E-01  0.244118211765E-01
  0.247220019726E-01  0.250360843628E-01  0.253541174231E-01  0.256761508469E-01
  0.260022349525E-01  0.263324206912E-01  0.266667596553E-01  0.270053040857E-01
  0.273481068809E-01  0.276952216045E-01  0.280467024937E-01  0.284026044684E-01
  0.287629831387E-01  0.291278948147E-01  0.294973965145E-01  0.298715459736E-01
  0.302504016534E-01  0.306340227511E-01  0.310224692082E-01  0.314158017202E-01
  0.318140817462E-01  0.322173715182E-01  0.326257340510E-01  0.330392331521E-01
  0.334579334317E-01  0.338819003124E-01  0.343112000400E-01  0.347458996934E-01
  0.351860671954E-01  0.356317713229E-01  0.360830817182E-01  0.365400688995E-01
  0.370028042718E-01  0.374713601386E-01  0.379458097127E-01  0.384262271278E-01
  0.389126874500E-01  0.394052666898E-01  0.399040418138E-01  0.404090907564E-01
  0.409204924327E-01  0.414383267502E-01  0.419626746215E-01  0.424936179772E-01
  0.430312397781E-01  0.435756240288E-01  0.441268557904E-01  0.446850211941E-01
  0.452502074542E-01  0.458225028822E-01  0.464019969006E-01  0.469887800564E-01
  0.475829440357E-01  0.481845816779E-01  0.487937869899E-01  0.494106551615E-01
  0.500352825794E-01  0.506677668431E-01  0.513082067794E-01  0.519567024584E-01
  0.526133552089E-01  0.532782676342E-01  0.539515436283E-01  0.546332883917E-01
  0.553236084487E-01  0.560226116630E-01  0.567304072554E-01  0.574471058204E-01
  0.581728193435E-01  0.589076612190E-01  0.596517462674E-01  0.604051907536E-01
  0.611681124047E-01  0.619406304288E-01  0.627228655335E-01  0.635149399445E-01
  0.643169774251E-01  0.651291032953E-01  0.659514444514E-01  0.667841293859E-01
  0.676272882075E-01  0.684810526614E-01  0.693455561502E-01  0.702209337542E-01
  0.711073222530E-01  0.720048601465E-01  0.729136876770E-01  0.738339468505E-01
  0.747657814594E-01  0.757093371048E-01  0.766647612192E-01  0.776322030895E-01
  0.786118138804E-01  0.796037466583E-01  0.806081564145E-01  0.816252000901E-01
  0.826550366004E-01  0.836978268593E-01  0.847537338049E-01  0.858229224248E-01
  0.869055597820E-01  0.880018150408E-01  0.891118594932E-01  0.902358665859E-01
  0.913740119474E-01  0.925264734152E-01  0.936934310637E-01  0.948750672324E-01
  0.960715665544E-01  0.972831159852E-01  0.985099048317E-01  0.997521247823E-01
  0.101009969936      0.102283636835      0.103573324491      0.104879234420    
  0.106201570674      0.107540539871      0.108896351227      0.110269216590    
  0.111659350474      0.113066970089      0.114492295380      0.115935549055    
  0.117396956627      0.118876746444      0.120375149724      0.121892400598    
  0.123428736139      0.124984396402      0.126559624461      0.128154666451    
  0.129769771599      0.131405192269      0.133061183999      0.134738005540    
  0.136435918900      0.138155189380      0.139896085622      0.141658879642    
  0.143443846881      0.145251266244      0.147081420144      0.148934594546    
  0.150811079013      0.152711166749      0.154635154646      0.156583343331    
  0.158556037214      0.160553544531      0.162576177397      0.164624251852    
  0.166698087913      0.168798009620      0.170924345091      0.173077426569    
  0.175257590478      0.177465177474      0.179700532495      0.181964004821    
  0.184255948125      0.186576720526      0.188926684650      0.191306207684    
  0.193715661433      0.196155422379      0.198625871741      0.201127395529    
  0.203660384614      0.206225234779      0.208822346788      0.211452126444    
  0.214114984656      0.216811337501      0.219541606289      0.222306217632    
  0.225105603504      0.227940201315      0.230810453978      0.233716809975    
  0.236659723430      0.239639654179      0.242657067843      0.245712435898    
  0.248806235752      0.251938950818      0.255111070589      0.258323090714    
  0.261575513079      0.264868845881      0.268203603710      0.271580307628    
  0.274999485254      0.278461670839      0.281967405358      0.285517236589    
  0.289111719200      0.292751414836      0.296436892207      0.300168727177    
  0.303947502852      0.307773809674      0.311648245511      0.315571415751    
  0.319543933398      0.323566419166      0.327639501576      0.331763817056    
  0.335940010038      0.340168733061      0.344450646872      0.348786420529    
  0.353176731504      0.357622265792      0.362123718019      0.366681791544    
  0.371297198576      0.375970660282      0.380702906900      0.385494677852    
  0.390346721863      0.395259797074      0.400234671164      0.405272121467    
  0.410372935094      0.415537909058      0.420767850397      0.426063576299    
  0.431425914233      0.436855702075      0.442353788241      0.447921031816    
  0.453558302695      0.459266481713      0.465046460784      0.470899143041    
  0.476825442979      0.482826286593      0.488902611528      0.495055367222    
  0.501285515055      0.507594028500      0.513981893277      0.520450107500    
  0.526999681843      0.533631639690      0.540347017296      0.547146863955    
  0.554032242155      0.561004227752      0.568063910131      0.575212392383    
  0.582450791472      0.589780238414      0.597201878449      0.604716871224    
  0.612326390971      0.620031626693      0.627833782349      0.635734077043    
  0.643733745210      0.651834036815      0.660036217546      0.668341569010    
  0.676751388935      0.685266991372      0.693889706902      0.702620882841    
  0.711461883454      0.720414090164      0.729478901773      0.738657734675    
  0.747952023083      0.757363219246      0.766892793684      0.776542235413    
  0.786313052177      0.796206770686      0.806224936854      0.816369116039    
  0.826640893291      0.837041873595      0.847573682126      0.858237964500    
  0.869036387033      0.879970637001      0.891042422902      0.902253474726    
  0.913605544221      0.925100405173      0.936739853676      0.948525708418    
  0.960459810963      0.972544026038      0.984780241827      0.997170370264    
   1.00971634733       1.02242013336       1.03528371335       1.04830909726    
   1.06149832032       1.07485344339       1.08837655323       1.10206976285    
   1.11593521184       1.12997506671       1.14419152122       1.15858679670    
   1.17316314247       1.18792283609       1.20286818381       1.21800152085    
   1.23332521185       1.24884165114       1.26455326322       1.28046250305    
   1.29657185648       1.31288384063       1.32940100429       1.34612592828    
   1.36306122593       1.38020954339       1.39757356013       1.41515598932    
   1.43295957824       1.45098710874       1.46924139766       1.48772529727    
   1.50644169571       1.52539351747       1.54458372379       1.56401531320    
   1.58369132191       1.60361482435       1.62378893359       1.64421680189    
   1.66490162114       1.68584662339       1.70705508133       1.72853030884    
   1.75027566145       1.77229453693       1.79459037576       1.81716666173    
   1.84002692241       1.86317472977       1.88661370071       1.91034749761    
   1.93437982892       1.95871444974       1.98335516242       2.00830581710    
   2.03357031239       2.05915259590       2.08505666493       2.11128656704    
   2.13784640069       2.16474031593       2.19197251498       2.21954725293    
   2.24746883838       2.27574163414       2.30437005789       2.33335858288    
   2.36271173862       2.39243411162       2.42253034604       2.45300514449    
   2.48386326872       2.51510954036       2.54674884172       2.57878611650    
   2.61122637059       2.64407467284       2.67733615587       2.71101601685    
   2.74511951833       2.77965198905       2.81461882478       2.85002548916    
   2.88587751455       2.92218050291       2.95894012664       2.99616212952    
   3.03385232756       3.07201660993       3.11066093988       3.14979135566    
   3.18941397147       3.22953497844       3.27016064555       3.31129732065    
   3.35295143142       3.39512948641       3.43783807601       3.48108387354    
   3.52487363624       3.56921420635       3.61411251217       3.65957556915    
   3.70561048099       3.75222444074       3.79942473193       3.84721872969    
   3.89561390193       3.94461781050       3.99423811236       4.04448256079    
   4.09535900657       4.14687539927       4.19903978841       4.25186032479    
   4.30534526173       4.35950295635       4.41434187092       4.46987057411    
   4.52609774241       4.58303216142       4.64068272725       4.69905844794    
   4.75816844480       4.81802195389       4.87862832745       4.93999703534    
   5.00213766654       5.06505993067       5.12877365944       5.19328880827    
   5.25861545776       5.32476381536       5.39174421686       5.45956712810    
   5.52824314654       5.59778300295       5.66819756307       5.73949782933    
   5.81169494253       5.88480018362       5.95882497544       6.03378088452    
   6.10967962287       6.18653304982       6.26435317388       6.34315215459    
   6.42294230447       6.50373609088       6.58554613802       6.66838522887    
   6.75226630722       6.83720247964       6.92320701759       7.01029335945    
   7.09847511265       7.18776605575       7.27818014065       7.36973149474    
   7.46243442310       7.55630341076       7.65135312492       7.74759841731    
   7.84505432644       7.94373608001       8.04365909723       8.14483899128    
   8.24729157172       8.35103284699       8.45607902685       8.56244652500    
   8.67015196157       8.77921216576       8.88964417844       9.00146525483    
   9.11469286722       9.22934470765       9.34543869069       9.46299295627    
   9.58202587249       9.70255603848       9.82460228731       9.94818368898    
   10.0733195533       10.2000294331       10.3283331269       10.4582506825    
   10.5898023998       10.7230088340       10.8578907989       10.9944693700    
   11.1327658881       11.2728019622       11.4145994733       11.5581805775    
   11.7035677097       11.8507835869       11.9998512118       12.1507938767    
   12.3036351665       12.4583989631       12.6151094486       12.7737911094    
   12.9344687397       13.0971674459       13.2619126498       13.4287300933    
   13.5976458419       13.7686862891       13.9418781602       14.1172485169    
   14.2948247612       14.4746346396       14.6567062479       14.8410680350    
   15.0277488080       15.2167777360       15.4081843553       15.6019985734    
   15.7982506743       15.9969713227       16.1981915692       16.4019428548    
   16.6082570160       16.8171662900       17.0287033191       17.2429011565    
   17.4597932710       17.6794135524       17.9017963169       18.1269763123    
   18.3549887233       18.5858691774       18.8196537501       19.0563789706    
   19.2960818280       19.5387997760       19.7845707401       20.0334331223    
   20.2854258079       20.5405881713       20.7989600821       21.0605819114    
   21.3254945383       21.5937393558       21.8653582778       22.1403937452    
   22.4188887329       22.7008867563       22.9864318782       23.2755687155    
   23.5683424466       23.8647988178       24.1649841512       24.4689453512    
   24.7767299124       25.0883859269       25.4039620914       25.7235077154    
   26.0470727285       26.3747076885       26.7064637889       27.0423928674    
   27.3825474135       27.7269805771       28.0757461765       28.4288987072    
   28.7864933498       29.1485859793       29.5152331734       29.8864922215    
   30.2624211335       30.6430786491       31.0285242468       31.4188181534    
   31.8140213528       32.2141955966       32.6194034127       33.0297081157    
   33.4451738166       33.8658654326       34.2918486977       34.7231901727    
   35.1599572555       35.6022181919       36.0500420860       36.5034989113    
   36.9626595213       37.4275956608       37.8983799770       38.3750860309    
   38.8577883088       39.3465622339       39.8414841781       40.3426314741    
   40.8500824270       41.3639163271       41.8842134620       42.4110551293    
   42.9445236489       43.4847023764       44.0316757159       44.5855291330    
   45.1463491685       45.7142234517       46.2892407140       46.8714908030    
   47.4610646966       48.0580545169       48.6625535446       49.2746562341    
   49.8944582276       50.5220563705       51.1575487261       51.8010345916    
   52.4526145129       53.1123903006       53.7804650461       54.4569431374    
   55.1419302756       55.8355334913       56.5378611614       57.2490230261    
   57.9691302059       58.6982952190       59.4366319988       60.1842559120    
   60.9412837764       61.7078338791       62.4840259951       63.2699814060    
   64.0658229190       64.8716748859       65.6876632227       66.5139154292    
   67.3505606091       68.1977294899       69.0555544433       69.9241695064    
   70.8037104019       71.6943145600       72.5961211393       73.5092710490    
   74.4339069705       75.3701733802       76.3182165716       77.2781846783    
   78.2502276973       79.2344975123       80.2311479175       81.2403346415    
   82.2622153719       83.2969497794       84.3446995436       85.4056283774    
   86.4799020531       87.5676884282       88.6691574715       89.7844812898    
   90.9138341547       92.0573925299       93.2153350987       94.3878427919    
   95.5750988164       96.7772886833       97.9946002371       99.2272236853    
   100.475351628       101.739179087       103.018903539       104.314724943    
   105.626845773       106.955471052       108.300808380       109.663067968    
   111.042462672       112.439208025       113.853522273       115.285626403    
   116.735744186       118.204102205       119.690929895    
Down potential follows (l on next line)
 1
  -19.9695362226      -20.0750994462      -19.9274709790      -20.0267035199    
  -19.9926921186      -20.0030508321      -19.9937916317      -19.9990655586    
  -19.9975082917      -19.9979216047      -19.9980813286      -19.9983973101    
  -19.9987650484      -19.9992380571      -19.9997891149      -20.0004275385    
  -20.0011463105      -20.0019434788      -20.0028144469      -20.0037545627    
  -20.0047583935      -20.0058200534      -20.0069332091      -20.0080912085    
  -20.0092871717      -20.0105140986      -20.0117649698      -20.0130328434    
  -20.0143109447      -20.0155927467      -20.0168720386      -20.0181429843    
  -20.0194001674      -20.0206386244      -20.0218538663      -20.0230418895    
  -20.0241991770      -20.0253226905      -20.0264098558      -20.0274585424    
  -20.0284670380      -20.0294340199      -20.0303585245      -20.0312399150    
  -20.0320778491      -20.0328722464      -20.0336232580      -20.0343312358    
  -20.0349967045      -20.0356203355      -20.0362029220      -20.0367453574    
  -20.0372486149      -20.0377137292      -20.0381417810      -20.0385338826    
  -20.0388911654      -20.0392147695      -20.0395058344      -20.0397654911    
  -20.0399948558      -20.0401950240      -20.0403670667      -20.0405120263    
  -20.0406309140      -20.0407247077      -20.0407943505      -20.0408407493    
  -20.0408647747      -20.0408672603      -20.0408490031      -20.0408107634    
  -20.0407532656      -20.0406771988      -20.0405832175      -20.0404719427    
  -20.0403439626      -20.0401998339      -20.0400400830      -20.0398652067    
  -20.0396756734      -20.0394719249      -20.0392543764      -20.0390234186    
  -20.0387794183      -20.0385227194      -20.0382536442      -20.0379724943    
  -20.0376795514      -20.0373750783      -20.0370593201      -20.0367325046    
  -20.0363948435      -20.0360465327      -20.0356877537      -20.0353186736    
  -20.0349394465      -20.0345502135      -20.0341511037      -20.0337422347    
  -20.0333237131      -20.0328956348      -20.0324580862      -20.0320111438    
  -20.0315548751      -20.0310893392      -20.0306145866      -20.0301306601    
  -20.0296375951      -20.0291354194      -20.0286241543      -20.0281038144    
  -20.0275744078      -20.0270359368      -20.0264883976      -20.0259317812    
  -20.0253660729      -20.0247912529      -20.0242072966      -20.0236141744    
  -20.0230118522      -20.0224002915      -20.0217794494      -20.0211492789    
  -20.0205097287      -20.0198607441      -20.0192022660      -20.0185342322    
  -20.0178565765      -20.0171692293      -20.0164721176      -20.0157651653    
  -20.0150482927      -20.0143214171      -20.0135844528      -20.0128373108    
  -20.0120798993      -20.0113121235      -20.0105338857      -20.0097450854    
  -20.0089456192      -20.0081353811      -20.0073142622      -20.0064821510    
  -20.0056389332      -20.0047844920      -20.0039187080      -20.0030414590    
  -20.0021526203      -20.0012520647      -20.0003396624      -19.9994152810    
  -19.9984787855      -19.9975300386      -19.9965689002      -19.9955952278    
  -19.9946088764      -19.9936096984      -19.9925975437      -19.9915722596    
  -19.9905336909      -19.9894816800      -19.9884160665      -19.9873366875    
  -19.9862433776      -19.9851359689      -19.9840142906      -19.9828781694    
  -19.9817274297      -19.9805618927      -19.9793813773      -19.9781856997    
  -19.9769746732      -19.9757481085      -19.9745058135      -19.9732475936    
  -19.9719732509      -19.9706825851      -19.9693753928      -19.9680514680    
  -19.9667106015      -19.9653525815      -19.9639771929      -19.9625842178    
  -19.9611734353      -19.9597446215      -19.9582975492      -19.9568319884    
  -19.9553477057      -19.9538444646      -19.9523220255      -19.9507801454    
  -19.9492185781      -19.9476370740      -19.9460353802      -19.9444132405    
  -19.9427703951      -19.9411065808      -19.9394215309      -19.9377149750    
  -19.9359866393      -19.9342362462      -19.9324635145      -19.9306681593    
  -19.9288498918      -19.9270084195      -19.9251434458      -19.9232546706    
  -19.9213417894      -19.9194044940      -19.9174424719      -19.9154554067    
  -19.9134429776      -19.9114048599      -19.9093407243      -19.9072502374    
  -19.9051330613      -19.9029888539      -19.9008172682      -19.8986179530    
  -19.8963905525      -19.8941347060      -19.8918500483      -19.8895362094    
  -19.8871928145      -19.8848194836      -19.8824158322      -19.8799814705    
  -19.8775160038      -19.8750190320      -19.8724901500      -19.8699289474    
  -19.8673350085      -19.8647079122      -19.8620472316      -19.8593525348    
  -19.8566233840      -19.8538593356      -19.8510599406      -19.8482247439    
  -19.8453532845      -19.8424450957      -19.8394997046      -19.8365166320    
  -19.8334953929      -19.8304354958      -19.8273364429      -19.8241977300    
  -19.8210188463      -19.8177992747      -19.8145384911      -19.8112359650    
  -19.8078911587      -19.8045035281      -19.8010725217      -19.7975975811    
  -19.7940781408      -19.7905136279      -19.7869034624      -19.7832470567    
  -19.7795438159      -19.7757931374      -19.7719944109      -19.7681470184    
  -19.7642503341      -19.7603037242      -19.7563065468      -19.7522581521    
  -19.7481578818      -19.7440050696      -19.7397990406      -19.7355391114    
  -19.7312245901      -19.7268547761      -19.7224289600      -19.7179464235    
  -19.7134064394      -19.7088082714      -19.7041511739      -19.6994343923    
  -19.6946571623      -19.6898187106      -19.6849182538      -19.6799549993    
  -19.6749281445      -19.6698368769      -19.6646803742      -19.6594578040    
  -19.6541683236      -19.6488110802      -19.6433852107      -19.6378898413    
  -19.6323240878      -19.6266870553      -19.6209778383      -19.6151955200    
  -19.6093391732      -19.6034078593      -19.5974006286      -19.5913165202    
  -19.5851545618      -19.5789137697      -19.5725931486      -19.5661916917    
  -19.5597083803      -19.5531421840      -19.5464920604      -19.5397569551    
  -19.5329358017      -19.5260275214      -19.5190310234      -19.5119452044    
  -19.5047689487      -19.4975011279      -19.4901406012      -19.4826862150    
  -19.4751368030      -19.4674911861      -19.4597481721      -19.4519065560    
  -19.4439651197      -19.4359226320      -19.4277778483      -19.4195295111    
  -19.4111763493      -19.4027170787      -19.3941504016      -19.3854750067    
  -19.3766895694      -19.3677927514      -19.3587832009      -19.3496595526    
  -19.3404204274      -19.3310644326      -19.3215901617      -19.3119961947    
  -19.3022810978      -19.2924434234      -19.2824817103      -19.2723944836    
  -19.2621802545      -19.2518375208      -19.2413647663      -19.2307604615    
  -19.2200230631      -19.2091510142      -19.1981427445      -19.1869966701    
  -19.1757111939      -19.1642847052      -19.1527155803      -19.1410021821    
  -19.1291428606      -19.1171359526      -19.1049797822      -19.0926726606    
  -19.0802128865      -19.0675987459      -19.0548285126      -19.0419004482    
  -19.0288128020      -19.0155638116      -19.0021517029      -18.9885746903    
  -18.9748309768      -18.9609187542      -18.9468362037      -18.9325814956    
  -18.9181527899      -18.9035482365      -18.8887659752      -18.8738041364    
  -18.8586608410      -18.8433342012      -18.8278223200      -18.8121232925    
  -18.7962352054      -18.7801561379      -18.7638841617      -18.7474173416    
  -18.7307537359      -18.7138913967      -18.6968283700      -18.6795626969    
  -18.6620924134      -18.6444155508      -18.6265301367      -18.6084341951    
  -18.5901257467      -18.5716028099      -18.5528634008      -18.5339055342    
  -18.5147272238      -18.4953264826      -18.4757013240      -18.4558497619    
  -18.4357698113      -18.4154594892      -18.3949168148      -18.3741398104    
  -18.3531265019      -18.3318749192      -18.3103830975      -18.2886490769    
  -18.2666709041      -18.2444466322      -18.2219743220      -18.1992520421    
  -18.1762778700      -18.1530498924      -18.1295662064      -18.1058249194    
  -18.0818241503      -18.0575620303      -18.0330367030      -18.0082463254    
  -17.9831890686      -17.9578631184      -17.9322666758      -17.9063979577    
  -17.8802551978      -17.8538366468      -17.8271405732      -17.8001652639    
  -17.7729090248      -17.7453701813      -17.7175470788      -17.6894380834    
  -17.6610415820      -17.6323559835      -17.6033797183      -17.5741112395    
  -17.5445490232      -17.5146915684      -17.4845373976      -17.4540850575    
  -17.4233331185      -17.3922801756      -17.3609248482      -17.3292657804    
  -17.2973016411      -17.2650311241      -17.2324529480      -17.1995658563    
  -17.1663686172      -17.1328600236      -17.0990388929      -17.0649040667    
  -17.0304544105      -16.9956888136      -16.9606061884      -16.9252054700    
  -16.8894856161      -16.8534456058      -16.8170844396      -16.7804011382    
  -16.7433947422      -16.7060643110      -16.6684089223      -16.6304276709    
  -16.5921196680      -16.5534840400      -16.5145199276      -16.4752264849    
  -16.4356028780      -16.3956482841      -16.3553618901      -16.3147428916    
  -16.2737904919      -16.2325039001      -16.1908823308      -16.1489250021    
  -16.1066311349      -16.0639999515      -16.0210306746      -15.9777225261    
  -15.9340747262      -15.8900864922      -15.8457570379      -15.8010855729    
  -15.7560713013      -15.7107134220      -15.6650111278      -15.6189636053    
  -15.5725700349      -15.5258295908      -15.4787414417      -15.4313047509    
  -15.3835186776      -15.3353823780      -15.2868950064      -15.2380557172    
  -15.1888636669      -15.1393180165      -15.0894179339      -15.0391625976    
  -14.9885511996      -14.9375829495      -14.8862570783      -14.8345728433    
  -14.7825295329      -14.7301264712      -14.6773630241      -14.6242386044    
  -14.5707526781      -14.5169047696      -14.4626944685      -14.4081214347    
  -14.3531854045      -14.2978861959      -14.2422237133      -14.1861979520    
  -14.1298090012      -14.0730570468      -14.0159423718      -13.9584653562    
  -13.9006264740      -13.8424262889      -13.7838654464      -13.7249446636    
  -13.6656647157      -13.6060264176      -13.5460306030      -13.4856780966    
  -13.4249696828      -13.3639060678      -13.3024878356      -13.2407153976    
  -13.1785889351      -13.1161083345      -13.0532731147      -12.9900823479    
  -12.9265345715      -12.8626276946      -12.7983588972      -12.7337245250    
  -12.6687199790      -12.6033396077      -12.5375765988      -12.4714228749    
  -12.4048690067      -12.3379041402      -12.2705159504      -12.2026906328    
  -12.1344129412      -12.0656662872      -11.9964329155      -11.9266941718    
  -11.8564308796      -11.7856238429      -11.7142544901      -11.6423056704    
  -11.5697626091      -11.4966140186      -11.4228533531      -11.3484801783    
  -11.2735016128      -11.1979337786      -11.1218031817      -11.0451479237    
  -10.9680186365      -10.8904790239      -10.8126058984      -10.7344886126    
  -10.6562278135      -10.5779334801      -10.4997222498      -10.4217140904    
  -10.3440284203      -10.2667798328      -10.1900736174      -10.1140013056    
  -10.0386364928      -9.96403119600      -9.89021300573      -9.81718326898    
  -9.74491649905      -9.67336114033      -9.60244172429      -9.53206233904    
  -9.46211121192      -9.39246608786      -9.32299999825      -9.25358697184    
  -9.18410725300      -9.11445166213      -9.04452484609      -8.97424730368    
  -8.90355620618      -8.83240514803      -8.76076304074      -8.68861240161    
  -8.61594729015      -8.54277111729      -8.46909450840      -8.39493334948    
  -8.32030709607      -8.24523738204      -8.16974693211      -8.09385875873    
  -8.01759561015      -7.94097962928      -7.86403218147      -7.78677381128    
  -7.70922429255      -7.63140274080      -7.55332776306      -7.47501762489    
  -7.39649041948      -7.31776422787      -7.23885726273      -7.15978799123    
  -7.08057523452      -7.00123824352      -6.92179675163      -6.84227100597    
  -6.76268177945      -6.68305036621      -6.60339856287      -6.52374863838    
  -6.44412329470      -6.36454562064      -6.28503904079      -6.20562726106    
  -6.12633421246      -6.04718399409      -5.96820081630      -5.88940894471    
  -5.81083264564      -5.73249613330      -5.65442351895      -5.57663876224    
  -5.49916562474      -5.42202762574      -5.34524800018      -5.26884965881    
  -5.19285515038      -5.11728662578      -5.04216580413      -4.96751394067    
  -4.89335179640      -4.81969960935      -4.74657706750      -4.67400328323    
  -4.60199676929      -4.53057541626      -4.45975647145      -4.38955651925    
  -4.31999146292      -4.25107650783      -4.18282614610      -4.11525414269    
  -4.04837352300      -3.98219656186      -3.91673477409      -3.85199890655    
  -3.78799893165      -3.72474404254      -3.66224264979      -3.60050237968    
  -3.53953007416      -3.47933179241      -3.41991281411      -3.36127764439    
  -3.30343002053      -3.24637292039      -3.19010857263      -3.13463846878    
  -3.07996337706      -3.02608335816      -2.97299778318      -2.92070535231    
  -2.86920411700      -2.81849150448      -2.76856434173      -2.71941888363    
  -2.67105084326      -2.62345542321      -2.57662734983      -2.53056090932    
  -2.48524998598      -2.44068810262      -2.39686846304      -2.35378399648    
  -2.31142740407      -2.26979120698      -2.22886779625      -2.18864948408    
  -2.14912855625      -2.11029732537      -2.07214818465      -2.03467366176    
  -1.99786647213      -1.96171957135      -1.92622620579      -1.89137996100    
  -1.85717480690      -1.82360513903      -1.79066581517      -1.75835218610    
  -1.72666012000      -1.69558601935      -1.66512682958      -1.63528003868    
  -1.60604366702      -1.57741624686      -1.54939679097      -1.52198475006    
  -1.49517995899      -1.46898257162      -1.44339298471      -1.41841175122    
  -1.39403948375      -1.37027674904      -1.34712395451      -1.32458122822    
  -1.30264829369      -1.28132434114      -1.26060789686      -1.24049669254    
  -1.22098753638      -1.20207618793      -1.18375723839      -1.16602399840    
  -1.14886839498      -1.13228087941      -1.11625034759      -1.10076407453    
  -1.08580766421      -1.07136501615      -1.05741830980      -1.04394800768    
  -1.03093287813      -1.01835003818      -1.00617501716     -0.994381841031    
 -0.982943137727     -0.971830263054     -0.961013446746     -0.950461957845    
 -0.940144288297     -0.930028353305     -0.920081706631     -0.910271768683    
 -0.900566064861     -0.890932471272     -0.881339464667     -0.871756373101    
 -0.862153623674     -0.852502983542     -0.842777790322     -0.832953168107    
 -0.823006225401     -0.812916231591     -0.802664768916     -0.792235857335    
 -0.781616050275     -0.770794499820     -0.759762990575     -0.748515942098    
 -0.737050380498     -0.725365880400     -0.713464479129     -0.701350565451    
 -0.689030745661     -0.676513690183     -0.663809964032     -0.650931844679    
 -0.637893130856     -0.624708945777     -0.611395538116     -0.597970083849    
 -0.584450491771     -0.570855215204     -0.557203072031     -0.543513074831    
 -0.529804272524     -0.516095604571     -0.502405768434     -0.488753100692    
 -0.475155471915     -0.461630195163     -0.448193947761     -0.434862705828    
 -0.421651690889     -0.408575327819     -0.395647213264     -0.382880093660    
 -0.370285851934     -0.357875501983     -0.345659190033     -0.333646202007    
 -0.321844976091     -0.310263119708     -0.298907430193     -0.287783918492    
 -0.276897835298     -0.266253699076     -0.255855325484     -0.245705857778    
 -0.235807797829     -0.226163037412     -0.216772889522     -0.207638119461    
 -0.198758975521     -0.190135219102     -0.181766154140     -0.173650655752    
 -0.165787198026     -0.158173880902     -0.150808456114     -0.143688352176    
 -0.136810698403     -0.130172347977     -0.123769900068     -0.117599721029    
 -0.111657964694     -0.105940591801     -0.100443388573     -0.951619844900E-01
 -0.900918692818E-01 -0.852284091726E-01 -0.805668624107E-01 -0.761023941102E-01
 -0.718300904351E-01 -0.677449721512E-01 -0.638420075706E-01 -0.601161249102E-01
 -0.565622240876E-01 -0.531751879690E-01 -0.499498930895E-01 -0.468812198584E-01
 -0.439640622640E-01 -0.411933370880E-01 -0.385639926427E-01 -0.360710170361E-01
 -0.337094459777E-01 -0.314743701274E-01 -0.293609419982E-01 -0.273643824164E-01
 -0.254799865453E-01 -0.237031294779E-01 -0.220292714053E-01 -0.204539623629E-01
 -0.189728465645E-01 -0.175816663257E-01 -0.162762655867E-01 -0.150525930370E-01
 -0.139067048544E-01 -0.128347670605E-01 -0.118330575055E-01 -0.108979674886E-01
 -0.100260030252E-01 -0.921378577067E-02 -0.845805361215E-02 -0.775566093671E-02
 -0.710357859573E-02 -0.649889358037E-02 -0.593880836032E-02 -0.542064019326E-02
 -0.494181946413E-02 -0.449988980514E-02 -0.426349835562E-02 -0.431714029387E-02
 -0.437142999251E-02 -0.442640127583E-02 -0.448208644044E-02 -0.453846518761E-02
 -0.459555428583E-02 -0.465336098215E-02 -0.471189463385E-02 -0.477116441573E-02
 -0.483117962382E-02 -0.489194966091E-02 -0.495348404116E-02 -0.501579239299E-02
 -0.507888446238E-02 -0.514277011427E-02 -0.520745933591E-02 -0.527296223889E-02
 -0.533928906074E-02 -0.540645016691E-02 -0.547445605261E-02 -0.554331734496E-02
 -0.561304480427E-02 -0.568364932619E-02 -0.575514194290E-02 -0.582753382567E-02
 -0.590083628587E-02 -0.597506077736E-02 -0.605021889782E-02 -0.612632239092E-02
 -0.620338314803E-02 -0.628141321019E-02 -0.636042476964E-02 -0.644043017217E-02
 -0.652144191874E-02 -0.660347266768E-02 -0.668653523647E-02 -0.677064260363E-02
 -0.685580791129E-02 -0.694204446664E-02 -0.702936574433E-02 -0.711778538850E-02
 -0.720731721493E-02 -0.729797521293E-02 -0.738977354834E-02 -0.748272656455E-02
 -0.757684878579E-02 -0.767215491892E-02 -0.776865985554E-02 -0.786637867484E-02
 -0.796532664550E-02 -0.806551922857E-02 -0.816697207910E-02 -0.826970104932E-02
 -0.837372219107E-02 -0.847905175762E-02 -0.858570620703E-02 -0.869370220422E-02
 -0.880305662395E-02 -0.891378655281E-02 -0.902590929284E-02 -0.913944236320E-02
 -0.925440350392E-02 -0.937081067761E-02 -0.948868207336E-02 -0.960803610883E-02
 -0.972889143327E-02 -0.985126693045E-02 -0.997518172186E-02 -0.101006551695E-01
 -0.102277068789E-01 -0.103563567020E-01 -0.104866247406E-01 -0.106185313497E-01
 -0.107520971393E-01 -0.108873429799E-01 -0.110242900039E-01 -0.111629596091E-01
 -0.113033734635E-01 -0.114455535066E-01 -0.115895219545E-01 -0.117353013025E-01
 -0.118829143290E-01 -0.120323840989E-01 -0.121837339669E-01 -0.123369875821E-01
 -0.124921688902E-01 -0.126493021390E-01 -0.128084118808E-01 -0.129695229767E-01
 -0.131326606008E-01 -0.132978502435E-01 -0.134651177161E-01 -0.136344891546E-01
 -0.138059910235E-01 -0.139796501203E-01 -0.141554935797E-01 -0.143335488774E-01
 -0.145138438352E-01 -0.146964066244E-01 -0.148812657706E-01 -0.150684501586E-01
 -0.152579890365E-01 -0.154499120202E-01 -0.156442490976E-01 -0.158410306345E-01
 -0.160402873783E-01 -0.162420504636E-01 -0.164463514162E-01 -0.166532221581E-01
 -0.168626950138E-01 -0.170748027137E-01 -0.172895784001E-01 -0.175070556318E-01
 -0.177272683904E-01 -0.179502510846E-01 -0.181760385559E-01 -0.184046660836E-01
 -0.186361693919E-01 -0.188705846532E-01 -0.191079484958E-01 -0.193482980076E-01
 -0.195916707444E-01 -0.198381047333E-01 -0.200876384802E-01 -0.203403109751E-01
 -0.205961616986E-01 -0.208552306283E-01 -0.211175582438E-01 -0.213831855346E-01
 -0.216521540056E-01 -0.219245056830E-01 -0.222002831234E-01 -0.224795294164E-01
 -0.227622881955E-01 -0.230486036423E-01 -0.233385204943E-01 -0.236320840510E-01
 -0.239293401829E-01 -0.242303353364E-01 -0.245351165432E-01 -0.248437314252E-01
 -0.251562282052E-01 -0.254726557103E-01 -0.257930633835E-01 -0.261175012892E-01
 -0.264460201211E-01 -0.267786712115E-01 -0.271155065374E-01 -0.274565787299E-01
 -0.278019410831E-01 -0.281516475595E-01 -0.285057528018E-01 -0.288643121397E-01
 -0.292273815988E-01 -0.295950179098E-01 -0.299672785160E-01 -0.303442215844E-01
 -0.307259060134E-01 -0.311123914410E-01 -0.315037382566E-01 -0.319000076095E-01
 -0.323012614170E-01 -0.327075623760E-01 -0.331189739724E-01 -0.335355604890E-01
 -0.339573870197E-01 -0.343845194743E-01 -0.348170245943E-01 -0.352549699586E-01
 -0.356984239977E-01 -0.361474560014E-01 -0.366021361333E-01 -0.370625354362E-01
 -0.375287258502E-01 -0.380007802177E-01 -0.384787722979E-01 -0.389627767784E-01
 -0.394528692856E-01 -0.399491263978E-01 -0.404516256558E-01 -0.409604455771E-01
 -0.414756656642E-01 -0.419973664231E-01 -0.425256293689E-01
Up potential follows (l on next line)
 1
  -19.9695362226      -20.0750994462      -19.9274709790      -20.0267035199    
  -19.9926921186      -20.0030508321      -19.9937916317      -19.9990655586    
  -19.9975082917      -19.9979216047      -19.9980813286      -19.9983973101    
  -19.9987650484      -19.9992380571      -19.9997891149      -20.0004275385    
  -20.0011463105      -20.0019434788      -20.0028144469      -20.0037545627    
  -20.0047583935      -20.0058200534      -20.0069332091      -20.0080912085    
  -20.0092871717      -20.0105140986      -20.0117649698      -20.0130328434    
  -20.0143109447      -20.0155927467      -20.0168720386      -20.0181429843    
  -20.0194001674      -20.0206386244      -20.0218538663      -20.0230418895    
  -20.0241991770      -20.0253226905      -20.0264098558      -20.0274585424    
  -20.0284670380      -20.0294340199      -20.0303585245      -20.0312399150    
  -20.0320778491      -20.0328722464      -20.0336232580      -20.0343312358    
  -20.0349967045      -20.0356203355      -20.0362029220      -20.0367453574    
  -20.0372486149      -20.0377137292      -20.0381417810      -20.0385338826    
  -20.0388911654      -20.0392147695      -20.0395058344      -20.0397654911    
  -20.0399948558      -20.0401950240      -20.0403670667      -20.0405120263    
  -20.0406309140      -20.0407247077      -20.0407943505      -20.0408407493    
  -20.0408647747      -20.0408672603      -20.0408490031      -20.0408107634    
  -20.0407532656      -20.0406771988      -20.0405832175      -20.0404719427    
  -20.0403439626      -20.0401998339      -20.0400400830      -20.0398652067    
  -20.0396756734      -20.0394719249      -20.0392543764      -20.0390234186    
  -20.0387794183      -20.0385227194      -20.0382536442      -20.0379724943    
  -20.0376795514      -20.0373750783      -20.0370593201      -20.0367325046    
  -20.0363948435      -20.0360465327      -20.0356877537      -20.0353186736    
  -20.0349394465      -20.0345502135      -20.0341511037      -20.0337422347    
  -20.0333237131      -20.0328956348      -20.0324580862      -20.0320111438    
  -20.0315548751      -20.0310893392      -20.0306145866      -20.0301306601    
  -20.0296375951      -20.0291354194      -20.0286241543      -20.0281038144    
  -20.0275744078      -20.0270359368      -20.0264883976      -20.0259317812    
  -20.0253660729      -20.0247912529      -20.0242072966      -20.0236141744    
  -20.0230118522      -20.0224002915      -20.0217794494      -20.0211492789    
  -20.0205097287      -20.0198607441      -20.0192022660      -20.0185342322    
  -20.0178565765      -20.0171692293      -20.0164721176      -20.0157651653    
  -20.0150482927      -20.0143214171      -20.0135844528      -20.0128373108    
  -20.0120798993      -20.0113121235      -20.0105338857      -20.0097450854    
  -20.0089456192      -20.0081353811      -20.0073142622      -20.0064821510    
  -20.0056389332      -20.0047844920      -20.0039187080      -20.0030414590    
  -20.0021526203      -20.0012520647      -20.0003396624      -19.9994152810    
  -19.9984787855      -19.9975300386      -19.9965689002      -19.9955952278    
  -19.9946088764      -19.9936096984      -19.9925975437      -19.9915722596    
  -19.9905336909      -19.9894816800      -19.9884160665      -19.9873366875    
  -19.9862433776      -19.9851359689      -19.9840142906      -19.9828781694    
  -19.9817274297      -19.9805618927      -19.9793813773      -19.9781856997    
  -19.9769746732      -19.9757481085      -19.9745058135      -19.9732475936    
  -19.9719732509      -19.9706825851      -19.9693753928      -19.9680514680    
  -19.9667106015      -19.9653525815      -19.9639771929      -19.9625842178    
  -19.9611734353      -19.9597446215      -19.9582975492      -19.9568319884    
  -19.9553477057      -19.9538444646      -19.9523220255      -19.9507801454    
  -19.9492185781      -19.9476370740      -19.9460353802      -19.9444132405    
  -19.9427703951      -19.9411065808      -19.9394215309      -19.9377149750    
  -19.9359866393      -19.9342362462      -19.9324635145      -19.9306681593    
  -19.9288498918      -19.9270084195      -19.9251434458      -19.9232546706    
  -19.9213417894      -19.9194044940      -19.9174424719      -19.9154554067    
  -19.9134429776      -19.9114048599      -19.9093407243      -19.9072502374    
  -19.9051330613      -19.9029888539      -19.9008172682      -19.8986179530    
  -19.8963905525      -19.8941347060      -19.8918500483      -19.8895362094    
  -19.8871928145      -19.8848194836      -19.8824158322      -19.8799814705    
  -19.8775160038      -19.8750190320      -19.8724901500      -19.8699289474    
  -19.8673350085      -19.8647079122      -19.8620472316      -19.8593525348    
  -19.8566233840      -19.8538593356      -19.8510599406      -19.8482247439    
  -19.8453532845      -19.8424450957      -19.8394997046      -19.8365166320    
  -19.8334953929      -19.8304354958      -19.8273364429      -19.8241977300    
  -19.8210188463      -19.8177992747      -19.8145384911      -19.8112359650    
  -19.8078911587      -19.8045035281      -19.8010725217      -19.7975975811    
  -19.7940781408      -19.7905136279      -19.7869034624      -19.7832470567    
  -19.7795438159      -19.7757931374      -19.7719944109      -19.7681470184    
  -19.7642503341      -19.7603037242      -19.7563065468      -19.7522581521    
  -19.7481578818      -19.7440050696      -19.7397990406      -19.7355391114    
  -19.7312245901      -19.7268547761      -19.7224289600      -19.7179464235    
  -19.7134064394      -19.7088082714      -19.7041511739      -19.6994343923    
  -19.6946571623      -19.6898187106      -19.6849182538      -19.6799549993    
  -19.6749281445      -19.6698368769      -19.6646803742      -19.6594578040    
  -19.6541683236      -19.6488110802      -19.6433852107      -19.6378898413    
  -19.6323240878      -19.6266870553      -19.6209778383      -19.6151955200    
  -19.6093391732      -19.6034078593      -19.5974006286      -19.5913165202    
  -19.5851545618      -19.5789137697      -19.5725931486      -19.5661916917    
  -19.5597083803      -19.5531421840      -19.5464920604      -19.5397569551    
  -19.5329358017      -19.5260275214      -19.5190310234      -19.5119452044    
  -19.5047689487      -19.4975011279      -19.4901406012      -19.4826862150    
  -19.4751368030      -19.4674911861      -19.4597481721      -19.4519065560    
  -19.4439651197      -19.4359226320      -19.4277778483      -19.4195295111    
  -19.4111763493      -19.4027170787      -19.3941504016      -19.3854750067    
  -19.3766895694      -19.3677927514      -19.3587832009      -19.3496595526    
  -19.3404204274      -19.3310644326      -19.3215901617      -19.3119961947    
  -19.3022810978      -19.2924434234      -19.2824817103      -19.2723944836    
  -19.2621802545      -19.2518375208      -19.2413647663      -19.2307604615    
  -19.2200230631      -19.2091510142      -19.1981427445      -19.1869966701    
  -19.1757111939      -19.1642847052      -19.1527155803      -19.1410021821    
  -19.1291428606      -19.1171359526      -19.1049797822      -19.0926726606    
  -19.0802128865      -19.0675987459      -19.0548285126      -19.0419004482    
  -19.0288128020      -19.0155638116      -19.0021517029      -18.9885746903    
  -18.9748309768      -18.9609187542      -18.9468362037      -18.9325814956    
  -18.9181527899      -18.9035482365      -18.8887659752      -18.8738041364    
  -18.8586608410      -18.8433342012      -18.8278223200      -18.8121232925    
  -18.7962352054      -18.7801561379      -18.7638841617      -18.7474173416    
  -18.7307537359      -18.7138913967      -18.6968283700      -18.6795626969    
  -18.6620924134      -18.6444155508      -18.6265301367      -18.6084341951    
  -18.5901257467      -18.5716028099      -18.5528634008      -18.5339055342    
  -18.5147272238      -18.4953264826      -18.4757013240      -18.4558497619    
  -18.4357698113      -18.4154594892      -18.3949168148      -18.3741398104    
  -18.3531265019      -18.3318749192      -18.3103830975      -18.2886490769    
  -18.2666709041      -18.2444466322      -18.2219743220      -18.1992520421    
  -18.1762778700      -18.1530498924      -18.1295662064      -18.1058249194    
  -18.0818241503      -18.0575620303      -18.0330367030      -18.0082463254    
  -17.9831890686      -17.9578631184      -17.9322666758      -17.9063979577    
  -17.8802551978      -17.8538366468      -17.8271405732      -17.8001652639    
  -17.7729090248      -17.7453701813      -17.7175470788      -17.6894380834    
  -17.6610415820      -17.6323559835      -17.6033797183      -17.5741112395    
  -17.5445490232      -17.5146915684      -17.4845373976      -17.4540850575    
  -17.4233331185      -17.3922801756      -17.3609248482      -17.3292657804    
  -17.2973016411      -17.2650311241      -17.2324529480      -17.1995658563    
  -17.1663686172      -17.1328600236      -17.0990388929      -17.0649040667    
  -17.0304544105      -16.9956888136      -16.9606061884      -16.9252054700    
  -16.8894856161      -16.8534456058      -16.8170844396      -16.7804011382    
  -16.7433947422      -16.7060643110      -16.6684089223      -16.6304276709    
  -16.5921196680      -16.5534840400      -16.5145199276      -16.4752264849    
  -16.4356028780      -16.3956482841      -16.3553618901      -16.3147428916    
  -16.2737904919      -16.2325039001      -16.1908823308      -16.1489250021    
  -16.1066311349      -16.0639999515      -16.0210306746      -15.9777225261    
  -15.9340747262      -15.8900864922      -15.8457570379      -15.8010855729    
  -15.7560713013      -15.7107134220      -15.6650111278      -15.6189636053    
  -15.5725700349      -15.5258295908      -15.4787414417      -15.4313047509    
  -15.3835186776      -15.3353823780      -15.2868950064      -15.2380557172    
  -15.1888636669      -15.1393180165      -15.0894179339      -15.0391625976    
  -14.9885511996      -14.9375829495      -14.8862570783      -14.8345728433    
  -14.7825295329      -14.7301264712      -14.6773630241      -14.6242386044    
  -14.5707526781      -14.5169047696      -14.4626944685      -14.4081214347    
  -14.3531854045      -14.2978861959      -14.2422237133      -14.1861979520    
  -14.1298090012      -14.0730570468      -14.0159423718      -13.9584653562    
  -13.9006264740      -13.8424262889      -13.7838654464      -13.7249446636    
  -13.6656647157      -13.6060264176      -13.5460306030      -13.4856780966    
  -13.4249696828      -13.3639060678      -13.3024878356      -13.2407153976    
  -13.1785889351      -13.1161083345      -13.0532731147      -12.9900823479    
  -12.9265345715      -12.8626276946      -12.7983588972      -12.7337245250    
  -12.6687199790      -12.6033396077      -12.5375765988      -12.4714228749    
  -12.4048690067      -12.3379041402      -12.2705159504      -12.2026906328    
  -12.1344129412      -12.0656662872      -11.9964329155      -11.9266941718    
  -11.8564308796      -11.7856238429      -11.7142544901      -11.6423056704    
  -11.5697626091      -11.4966140186      -11.4228533531      -11.3484801783    
  -11.2735016128      -11.1979337786      -11.1218031817      -11.0451479237    
  -10.9680186365      -10.8904790239      -10.8126058984      -10.7344886126    
  -10.6562278135      -10.5779334801      -10.4997222498      -10.4217140904    
  -10.3440284203      -10.2667798328      -10.1900736174      -10.1140013056    
  -10.0386364928      -9.96403119600      -9.89021300573      -9.81718326898    
  -9.74491649905      -9.67336114033      -9.60244172429      -9.53206233904    
  -9.46211121192      -9.39246608786      -9.32299999825      -9.25358697184    
  -9.18410725300      -9.11445166213      -9.04452484609      -8.97424730368    
  -8.90355620618      -8.83240514803      -8.76076304074      -8.68861240161    
  -8.61594729015      -8.54277111729      -8.46909450840      -8.39493334948    
  -8.32030709607      -8.24523738204      -8.16974693211      -8.09385875873    
  -8.01759561015      -7.94097962928      -7.86403218147      -7.78677381128    
  -7.70922429255      -7.63140274080      -7.55332776306      -7.47501762489    
  -7.39649041948      -7.31776422787      -7.23885726273      -7.15978799123    
  -7.08057523452      -7.00123824352      -6.92179675163      -6.84227100597    
  -6.76268177945      -6.68305036621      -6.60339856287      -6.52374863838    
  -6.44412329470      -6.36454562064      -6.28503904079      -6.20562726106    
  -6.12633421246      -6.04718399409      -5.96820081630      -5.88940894471    
  -5.81083264564      -5.73249613330      -5.65442351895      -5.57663876224    
  -5.49916562474      -5.42202762574      -5.34524800018      -5.26884965881    
  -5.19285515038      -5.11728662578      -5.04216580413      -4.96751394067    
  -4.89335179640      -4.81969960935      -4.74657706750      -4.67400328323    
  -4.60199676929      -4.53057541626      -4.45975647145      -4.38955651925    
  -4.31999146292      -4.25107650783      -4.18282614610      -4.11525414269    
  -4.04837352300      -3.98219656186      -3.91673477409      -3.85199890655    
  -3.78799893165      -3.72474404254      -3.66224264979      -3.60050237968    
  -3.53953007416      -3.47933179241      -3.41991281411      -3.36127764439    
  -3.30343002053      -3.24637292039      -3.19010857263      -3.13463846878    
  -3.07996337706      -3.02608335816      -2.97299778318      -2.92070535231    
  -2.86920411700      -2.81849150448      -2.76856434173      -2.71941888363    
  -2.67105084326      -2.62345542321      -2.57662734983      -2.53056090932    
  -2.48524998598      -2.44068810262      -2.39686846304      -2.35378399648    
  -2.31142740407      -2.26979120698      -2.22886779625      -2.18864948408    
  -2.14912855625      -2.11029732537      -2.07214818465      -2.03467366176    
  -1.99786647213      -1.96171957135      -1.92622620579      -1.89137996100    
  -1.85717480690      -1.82360513903      -1.79066581517      -1.75835218610    
  -1.72666012000      -1.69558601935      -1.66512682958      -1.63528003868    
  -1.60604366702      -1.57741624686      -1.54939679097      -1.52198475006    
  -1.49517995899      -1.46898257162      -1.44339298471      -1.41841175122    
  -1.39403948375      -1.37027674904      -1.34712395451      -1.32458122822    
  -1.30264829369      -1.28132434114      -1.26060789686      -1.24049669254    
  -1.22098753638      -1.20207618793      -1.18375723839      -1.16602399840    
  -1.14886839498      -1.13228087941      -1.11625034759      -1.10076407453    
  -1.08580766421      -1.07136501615      -1.05741830980      -1.04394800768    
  -1.03093287813      -1.01835003818      -1.00617501716     -0.994381841031    
 -0.982943137727     -0.971830263054     -0.961013446746     -0.950461957845    
 -0.940144288297     -0.930028353305     -0.920081706631     -0.910271768683    
 -0.900566064861     -0.890932471272     -0.881339464667     -0.871756373101    
 -0.862153623674     -0.852502983542     -0.842777790322     -0.832953168107    
 -0.823006225401     -0.812916231591     -0.802664768916     -0.792235857335    
 -0.781616050275     -0.770794499820     -0.759762990575     -0.748515942098    
 -0.737050380498     -0.725365880400     -0.713464479129     -0.701350565451    
 -0.689030745661     -0.676513690183     -0.663809964032     -0.650931844679    
 -0.637893130856     -0.624708945777     -0.611395538116     -0.597970083849    
 -0.584450491771     -0.570855215204     -0.557203072031     -0.543513074831    
 -0.529804272524     -0.516095604571     -0.502405768434     -0.488753100692    
 -0.475155471915     -0.461630195163     -0.448193947761     -0.434862705828    
 -0.421651690889     -0.408575327819     -0.395647213264     -0.382880093660    
 -0.370285851934     -0.357875501983     -0.345659190033     -0.333646202007    
 -0.321844976091     -0.310263119708     -0.298907430193     -0.287783918492    
 -0.276897835298     -0.266253699076     -0.255855325484     -0.245705857778    
 -0.235807797829     -0.226163037412     -0.216772889522     -0.207638119461    
 -0.198758975521     -0.190135219102     -0.181766154140     -0.173650655752    
 -0.165787198026     -0.158173880902     -0.150808456114     -0.143688352176    
 -0.136810698403     -0.130172347977     -0.123769900068     -0.117599721029    
 -0.111657964694     -0.105940591801     -0.100443388573     -0.951619844900E-01
 -0.900918692818E-01 -0.852284091726E-01 -0.805668624107E-01 -0.761023941102E-01
 -0.718300904351E-01 -0.677449721512E-01 -0.638420075706E-01 -0.601161249102E-01
 -0.565622240876E-01 -0.531751879690E-01 -0.499498930895E-01 -0.468812198584E-01
 -0.439640622640E-01 -0.411933370880E-01 -0.385639926427E-01 -0.360710170361E-01
 -0.337094459777E-01 -0.314743701274E-01 -0.293609419982E-01 -0.273643824164E-01
 -0.254799865453E-01 -0.237031294779E-01 -0.220292714053E-01 -0.204539623629E-01
 -0.189728465645E-01 -0.175816663257E-01 -0.162762655867E-01 -0.150525930370E-01
 -0.139067048544E-01 -0.128347670605E-01 -0.118330575055E-01 -0.108979674886E-01
 -0.100260030252E-01 -0.921378577067E-02 -0.845805361215E-02 -0.775566093671E-02
 -0.710357859573E-02 -0.649889358037E-02 -0.593880836032E-02 -0.542064019326E-02
 -0.494181946413E-02 -0.449988980514E-02 -0.426349835562E-02 -0.431714029387E-02
 -0.437142999251E-02 -0.442640127583E-02 -0.448208644044E-02 -0.453846518761E-02
 -0.459555428583E-02 -0.465336098215E-02 -0.471189463385E-02 -0.477116441573E-02
 -0.483117962382E-02 -0.489194966091E-02 -0.495348404116E-02 -0.501579239299E-02
 -0.507888446238E-02 -0.514277011427E-02 -0.520745933591E-02 -0.527296223889E-02
 -0.533928906074E-02 -0.540645016691E-02 -0.547445605261E-02 -0.554331734496E-02
 -0.561304480427E-02 -0.568364932619E-02 -0.575514194290E-02 -0.582753382567E-02
 -0.590083628587E-02 -0.597506077736E-02 -0.605021889782E-02 -0.612632239092E-02
 -0.620338314803E-02 -0.628141321019E-02 -0.636042476964E-02 -0.644043017217E-02
 -0.652144191874E-02 -0.660347266768E-02 -0.668653523647E-02 -0.677064260363E-02
 -0.685580791129E-02 -0.694204446664E-02 -0.702936574433E-02 -0.711778538850E-02
 -0.720731721493E-02 -0.729797521293E-02 -0.738977354834E-02 -0.748272656455E-02
 -0.757684878579E-02 -0.767215491892E-02 -0.776865985554E-02 -0.786637867484E-02
 -0.796532664550E-02 -0.806551922857E-02 -0.816697207910E-02 -0.826970104932E-02
 -0.837372219107E-02 -0.847905175762E-02 -0.858570620703E-02 -0.869370220422E-02
 -0.880305662395E-02 -0.891378655281E-02 -0.902590929284E-02 -0.913944236320E-02
 -0.925440350392E-02 -0.937081067761E-02 -0.948868207336E-02 -0.960803610883E-02
 -0.972889143327E-02 -0.985126693045E-02 -0.997518172186E-02 -0.101006551695E-01
 -0.102277068789E-01 -0.103563567020E-01 -0.104866247406E-01 -0.106185313497E-01
 -0.107520971393E-01 -0.108873429799E-01 -0.110242900039E-01 -0.111629596091E-01
 -0.113033734635E-01 -0.114455535066E-01 -0.115895219545E-01 -0.117353013025E-01
 -0.118829143290E-01 -0.120323840989E-01 -0.121837339669E-01 -0.123369875821E-01
 -0.124921688902E-01 -0.126493021390E-01 -0.128084118808E-01 -0.129695229767E-01
 -0.131326606008E-01 -0.132978502435E-01 -0.134651177161E-01 -0.136344891546E-01
 -0.138059910235E-01 -0.139796501203E-01 -0.141554935797E-01 -0.143335488774E-01
 -0.145138438352E-01 -0.146964066244E-01 -0.148812657706E-01 -0.150684501586E-01
 -0.152579890365E-01 -0.154499120202E-01 -0.156442490976E-01 -0.158410306345E-01
 -0.160402873783E-01 -0.162420504636E-01 -0.164463514162E-01 -0.166532221581E-01
 -0.168626950138E-01 -0.170748027137E-01 -0.172895784001E-01 -0.175070556318E-01
 -0.177272683904E-01 -0.179502510846E-01 -0.181760385559E-01 -0.184046660836E-01
 -0.186361693919E-01 -0.188705846532E-01 -0.191079484958E-01 -0.193482980076E-01
 -0.195916707444E-01 -0.198381047333E-01 -0.200876384802E-01 -0.203403109751E-01
 -0.205961616986E-01 -0.208552306283E-01 -0.211175582438E-01 -0.213831855346E-01
 -0.216521540056E-01 -0.219245056830E-01 -0.222002831234E-01 -0.224795294164E-01
 -0.227622881955E-01 -0.230486036423E-01 -0.233385204943E-01 -0.236320840510E-01
 -0.239293401829E-01 -0.242303353364E-01 -0.245351165432E-01 -0.248437314252E-01
 -0.251562282052E-01 -0.254726557103E-01 -0.257930633835E-01 -0.261175012892E-01
 -0.264460201211E-01 -0.267786712115E-01 -0.271155065374E-01 -0.274565787299E-01
 -0.278019410831E-01 -0.281516475595E-01 -0.285057528018E-01 -0.288643121397E-01
 -0.292273815988E-01 -0.295950179098E-01 -0.299672785160E-01 -0.303442215844E-01
 -0.307259060134E-01 -0.311123914410E-01 -0.315037382566E-01 -0.319000076095E-01
 -0.323012614170E-01 -0.327075623760E-01 -0.331189739724E-01 -0.335355604890E-01
 -0.339573870197E-01 -0.343845194743E-01 -0.348170245943E-01 -0.352549699586E-01
 -0.356984239977E-01 -0.361474560014E-01 -0.366021361333E-01 -0.370625354362E-01
 -0.375287258502E-01 -0.380007802177E-01 -0.384787722979E-01 -0.389627767784E-01
 -0.394528692856E-01 -0.399491263978E-01 -0.404516256558E-01 -0.409604455771E-01
 -0.414756656642E-01 -0.419973664231E-01 -0.425256293689E-01
