 Raios
  0.155894320677E-04  0.313749550512E-04  0.473590354707E-04  0.635441708711E-04
  0.799328902128E-04  0.965277542665E-04  0.113331356014E-03  0.130346321051E-03
  0.147575308002E-03  0.165021008930E-03  0.182686149761E-03  0.200573490711E-03
  0.218685826712E-03  0.237025987854E-03  0.255596839823E-03  0.274401284355E-03
  0.293442259680E-03  0.312722740991E-03  0.332245740902E-03  0.352014309922E-03
  0.372031536928E-03  0.392300549655E-03  0.412824515176E-03  0.433606640402E-03
  0.454650172584E-03  0.475958399816E-03  0.497534651551E-03  0.519382299123E-03
  0.541504756271E-03  0.563905479675E-03  0.586587969492E-03  0.609555769908E-03
  0.632812469689E-03  0.656361702741E-03  0.680207148680E-03  0.704352533405E-03
  0.728801629682E-03  0.753558257731E-03  0.778626285827E-03  0.804009630899E-03
  0.829712259147E-03  0.855738186659E-03  0.882091480039E-03  0.908776257043E-03
  0.935796687221E-03  0.963156992571E-03  0.990861448196E-03  0.101891438297E-02
  0.104732018023E-02  0.107608327843E-02  0.110520817187E-02  0.113469941137E-02
  0.116456160500E-02  0.119479941878E-02  0.122541757744E-02  0.125642086512E-02
  0.128781412616E-02  0.131960226580E-02  0.135179025102E-02  0.138438311126E-02
  0.141738593920E-02  0.145080389162E-02  0.148464219014E-02  0.151890612205E-02
  0.155360104117E-02  0.158873236864E-02  0.162430559382E-02  0.166032627509E-02
  0.169680004075E-02  0.173373258990E-02  0.177112969334E-02  0.180899719442E-02
  0.184734101004E-02  0.188616713148E-02  0.192548162541E-02  0.196529063480E-02
  0.200560037988E-02  0.204641715913E-02  0.208774735027E-02  0.212959741121E-02
  0.217197388112E-02  0.221488338139E-02  0.225833261674E-02  0.230232837619E-02
  0.234687753417E-02  0.239198705157E-02  0.243766397686E-02  0.248391544713E-02
  0.253074868928E-02  0.257817102110E-02  0.262618985242E-02  0.267481268628E-02
  0.272404712010E-02  0.277390084686E-02  0.282438165631E-02  0.287549743618E-02
  0.292725617340E-02  0.297966595539E-02  0.303273497129E-02  0.308647151323E-02
  0.314088397766E-02  0.319598086663E-02  0.325177078915E-02  0.330826246251E-02
  0.336546471365E-02  0.342338648053E-02  0.348203681355E-02  0.354142487694E-02
  0.360155995021E-02  0.366245142958E-02  0.372410882947E-02  0.378654178398E-02
  0.384976004839E-02  0.391377350067E-02  0.397859214305E-02  0.404422610359E-02
  0.411068563772E-02  0.417798112988E-02  0.424612309513E-02  0.431512218079E-02
  0.438498916810E-02  0.445573497392E-02  0.452737065244E-02  0.459990739686E-02
  0.467335654122E-02  0.474772956207E-02  0.482303808036E-02  0.489929386320E-02
  0.497650882571E-02  0.505469503288E-02  0.513386470148E-02  0.521403020191E-02
  0.529520406020E-02  0.537739895994E-02  0.546062774424E-02  0.554490341777E-02
  0.563023914877E-02  0.571664827114E-02  0.580414428646E-02  0.589274086617E-02
  0.598245185366E-02  0.607329126646E-02  0.616527329842E-02  0.625841232191E-02
  0.635272289009E-02  0.644821973918E-02  0.654491779076E-02  0.664283215409E-02
  0.674197812850E-02  0.684237120575E-02  0.694402707245E-02  0.704696161255E-02
  0.715119090977E-02  0.725673125015E-02  0.736359912459E-02  0.747181123141E-02
  0.758138447898E-02  0.769233598832E-02  0.780468309585E-02  0.791844335603E-02
  0.803363454413E-02  0.815027465901E-02  0.826838192592E-02  0.838797479936E-02
  0.850907196597E-02  0.863169234741E-02  0.875585510339E-02  0.888157963457E-02
  0.900888558567E-02  0.913779284852E-02  0.926832156512E-02  0.940049213086E-02
  0.953432519765E-02  0.966984167719E-02  0.980706274420E-02  0.994600983975E-02
  0.100867046746E-01  0.102291692326E-01  0.103734257742E-01  0.105194968397E-01
  0.106674052530E-01  0.108171741251E-01  0.109688268577E-01  0.111223871468E-01
  0.112778789866E-01  0.114353266730E-01  0.115947548075E-01  0.117561883010E-01
  0.119196523780E-01  0.120851725798E-01  0.122527747696E-01  0.124224851353E-01
  0.125943301947E-01  0.127683367988E-01  0.129445321365E-01  0.131229437388E-01
  0.133035994827E-01  0.134865275962E-01  0.136717566621E-01  0.138593156228E-01
  0.140492337848E-01  0.142415408233E-01  0.144362667864E-01  0.146334421007E-01
  0.148330975751E-01  0.150352644062E-01  0.152399741830E-01  0.154472588918E-01
  0.156571509213E-01  0.158696830675E-01  0.160848885390E-01  0.163028009621E-01
  0.165234543860E-01  0.167468832884E-01  0.169731225803E-01  0.172022076123E-01
  0.174341741792E-01  0.176690585263E-01  0.179068973548E-01  0.181477278275E-01
  0.183915875746E-01  0.186385146998E-01  0.188885477858E-01  0.191417259008E-01
  0.193980886046E-01  0.196576759541E-01  0.199205285106E-01  0.201866873452E-01
  0.204561940458E-01  0.207290907234E-01  0.210054200186E-01  0.212852251084E-01
  0.215685497131E-01  0.218554381025E-01  0.221459351036E-01  0.224400861072E-01
  0.227379370750E-01  0.230395345467E-01  0.233449256476E-01  0.236541580956E-01
  0.239672802090E-01  0.242843409137E-01  0.246053897512E-01  0.249304768859E-01
  0.252596531133E-01  0.255929698680E-01  0.259304792314E-01  0.262722339399E-01
  0.266182873934E-01  0.269686936636E-01  0.273235075020E-01  0.276827843491E-01
  0.280465803426E-01  0.284149523264E-01  0.287879578593E-01  0.291656552243E-01
  0.295481034372E-01  0.299353622565E-01  0.303274921921E-01  0.307245545150E-01
  0.311266112672E-01  0.315337252707E-01  0.319459601380E-01  0.323633802815E-01
  0.327860509242E-01  0.332140381090E-01  0.336474087099E-01  0.340862304419E-01
  0.345305718718E-01  0.349805024288E-01  0.354360924155E-01  0.358974130188E-01
  0.363645363210E-01  0.368375353110E-01  0.373164838958E-01  0.378014569122E-01
  0.382925301382E-01  0.387897803050E-01  0.392932851089E-01  0.398031232236E-01
  0.403193743123E-01  0.408421190403E-01  0.413714390876E-01  0.419074171614E-01
  0.424501370094E-01  0.429996834327E-01  0.435561422991E-01  0.441196005564E-01
  0.446901462460E-01  0.452678685170E-01  0.458528576396E-01  0.464452050194E-01
  0.470450032121E-01  0.476523459373E-01  0.482673280936E-01  0.488900457731E-01
  0.495205962767E-01  0.501590781293E-01  0.508055910950E-01  0.514602361926E-01
  0.521231157119E-01  0.527943332291E-01  0.534739936233E-01  0.541622030928E-01
  0.548590691718E-01  0.555647007470E-01  0.562792080748E-01  0.570027027984E-01
  0.577352979653E-01  0.584771080450E-01  0.592282489469E-01  0.599888380382E-01
  0.607589941625E-01  0.615388376583E-01  0.623284903777E-01  0.631280757056E-01
  0.639377185788E-01  0.647575455056E-01  0.655876845857E-01  0.664282655300E-01
  0.672794196809E-01  0.681412800331E-01  0.690139812540E-01  0.698976597049E-01
  0.707924534624E-01  0.716985023398E-01  0.726159479091E-01  0.735449335230E-01
  0.744856043374E-01  0.754381073341E-01  0.764025913436E-01  0.773792070685E-01
  0.783681071069E-01  0.793694459766E-01  0.803833801386E-01  0.814100680225E-01
  0.824496700501E-01  0.835023486614E-01  0.845682683396E-01  0.856475956369E-01
  0.867404992002E-01  0.878471497981E-01  0.889677203469E-01  0.901023859380E-01
  0.912513238653E-01  0.924147136526E-01  0.935927370820E-01  0.947855782220E-01
  0.959934234565E-01  0.972164615138E-01  0.984548834959E-01  0.997088829090E-01
  0.100978655693      0.102264400252      0.103566317487      0.104884610825    
  0.106219486252      0.107571152344      0.108939820303      0.110325703986    
  0.111729019939      0.113149987434      0.114588828500      0.116045767959    
  0.117521033459      0.119014855516      0.120527467541      0.122059105882    
  0.123610009863      0.125180421814      0.126770587116      0.128380754235    
  0.130011174763      0.131662103456      0.133333798276      0.135026520429    
  0.136740534405      0.138476108022      0.140233512469      0.142013022342    
  0.143814915693      0.145639474073      0.147486982573      0.149357729868    
  0.151252008267      0.153170113756      0.155112346041      0.157079008601    
  0.159070408731      0.161086857591      0.163128670255      0.165196165761    
  0.167289667158      0.169409501562      0.171556000200      0.173729498467    
  0.175930335977      0.178158856615      0.180415408591      0.182700344497    
  0.185014021359      0.187356800693      0.189729048564      0.192131135639    
  0.194563437250      0.197026333449      0.199520209069      0.202045453782    
  0.204602462163      0.207191633751      0.209813373108      0.212468089886    
  0.215156198891      0.217878120144      0.220634278952      0.223425105970    
  0.226251037271      0.229112514411      0.232009984503      0.234943900282    
  0.237914720179      0.240922908389      0.243968934950      0.247053275807    
  0.250176412897      0.253338834215      0.256541033897      0.259783512292    
  0.263066776045      0.266391338171      0.269757718141      0.273166441959    
  0.276618042243      0.280113058315      0.283652036277      0.287235529102    
  0.290864096718      0.294538306095      0.298258731337      0.302025953768    
  0.305840562024      0.309703152144      0.313614327667      0.317574699723    
  0.321584887126      0.325645516477      0.329757222257      0.333920646929    
  0.338136441037      0.342405263307      0.346727780751      0.351104668771    
  0.355536611265      0.360024300733      0.364568438385      0.369169734253    
  0.373828907297      0.378546685524      0.383323806096      0.388161015447    
  0.393059069402      0.398018733291      0.403040782072      0.408126000451    
  0.413275183002      0.418489134296      0.423768669024      0.429114612124    
  0.434527798910      0.440009075204      0.445559297466      0.451179332930    
  0.456870059737      0.462632367076      0.468467155318      0.474375336162    
  0.480357832772      0.486415579926      0.492549524159      0.498760623912    
  0.505049849682      0.511418184174      0.517866622453      0.524396172100    
  0.531007853371      0.537702699354      0.544481756133      0.551346082949    
  0.558296752368      0.565334850445      0.572461476898      0.579677745276    
  0.586984783136      0.594383732218      0.601875748622      0.609462002992    
  0.617143680694      0.624921982008      0.632798122307      0.640773332256    
  0.648848857996      0.657025961345      0.665305919993      0.673690027700    
  0.682179594499      0.690775946902      0.699480428108      0.708294398208    
  0.717219234405      0.726256331221      0.735407100721      0.744672972732    
  0.754055395066      0.763555833743      0.773175773229      0.782916716657    
  0.792780186070      0.802767722655      0.812880886984      0.823121259262    
  0.833490439565      0.843990048101      0.854621725454      0.865387132845    
  0.876287952392      0.887325887369      0.898502662476      0.909820024107    
  0.921279740623      0.932883602628      0.944633423249      0.956531038419    
  0.968578307165      0.980777111897      0.993129358703       1.00563697765    
   1.01830192307       1.03112617389       1.04411173394       1.05726063222    
   1.07057492328       1.08405668750       1.09770803145       1.11153108816    
   1.12552801752       1.13970100658       1.15405226989       1.16858404987    
   1.18329861715       1.19819827090       1.21328533921       1.22856217949    
   1.24403117876       1.25969475409       1.27555535294       1.29161545357    
   1.30787756539       1.32434422940       1.34101801855       1.35790153814    
   1.37499742627       1.39230835419       1.40983702679       1.42758618294    
   1.44555859600       1.46375707418       1.48218446104       1.50084363588    
   1.51973751426       1.53886904837       1.55824122756       1.57785707876    
   1.59771966699       1.61783209583       1.63819750788       1.65881908528    
   1.67970005019       1.70084366531       1.72225323436       1.74393210264    
   1.76588365752       1.78811132896       1.81061859010       1.83340895772    
   1.85648599288       1.87985330141       1.90351453450       1.92747338926    
   1.95173360931       1.97629898537       2.00117335582       2.02636060733    
   2.05186467547       2.07768954529       2.10383925198       2.13031788150    
   2.15712957117       2.18427851038       2.21176894120       2.23960515908    
   2.26779151348       2.29633240857       2.32523230392       2.35449571521    
   2.38412721490       2.41413143297       2.44451305764       2.47527683611    
   2.50642757527       2.53797014250       2.56990946638       2.60225053750    
   2.63499840922       2.66815819845       2.70173508648       2.73573431978    
   2.77016121078       2.80502113876       2.84031955065       2.87606196191    
   2.91225395736       2.94890119207       2.98600939225       3.02358435612    
   3.06163195485       3.10015813346       3.13916891175       3.17867038521    
   3.21866872605       3.25917018408       3.30018108773       3.34170784505    
   3.38375694468       3.42633495686       3.46944853451       3.51310441421    
   3.55730941727       3.60207045082       3.64739450887       3.69328867338    
   3.73976011541       3.78681609623       3.83446396842       3.88271117707    
   3.93156526088       3.98103385343       4.03112468427       4.08184558020    
   4.13320446645       4.18520936798       4.23786841063       4.29118982250    
   4.34518193517       4.39985318501       4.45521211451       4.51126737363    
   4.56802772111       4.62550202587       4.68369926838       4.74262854209    
   4.80229905481       4.86272013019       4.92390120914       4.98585185132    
   5.04858173665       5.11210066681       5.17641856675       5.24154548628    
   5.30749160160       5.37426721695       5.44188276614       5.51034881423    
   5.57967605920       5.64987533355       5.72095760608       5.79293398352    
   5.86581571235       5.93961418046       6.01434091903       6.09000760426    
   6.16662605923       6.24420825572       6.32276631610       6.40231251524    
   6.48285928240       6.56441920316       6.64700502143       6.73062964141    
   6.81530612963       6.90104771695       6.98786780066       7.07577994660    
   7.16479789120       7.25493554371       7.34620698831       7.43862648635    
   7.53220847857       7.62696758734       7.72291861897       7.82007656601    
   7.91845660957       8.01807412174       8.11894466796       8.22108400946    
   8.32450810572       8.42923311696       8.53527540667       8.64265154420    
   8.75137830726       8.86147268464       8.97295187882       9.08583330863    
   9.20013461204       9.31587364886       9.43306850354       9.55173748803    
   9.67189914458       9.79357224871       9.91677581208       10.0415290855    
   10.1678515619       10.2957629795       10.4252833247       10.5564328352    
   10.6892320035       10.8237015797       10.9598625749       11.0977362646    
   11.2373441919       11.3787081707       11.5218502894       11.6667929144    
   11.8135586931       11.9621705581       12.1126517302       12.2650257225    
   12.4193163436       12.5755477018       12.7337442086       12.8939305825    
   13.0561318529       13.2203733642       13.3866807793       13.5550800842    
   13.7255975916       13.8982599452       14.0730941239       14.2501274458    
   14.4293875728       14.6109025145       14.7947006332       14.9808106476    
   15.1692616378       15.3600830497       15.5533046994       15.7489567783    
   15.9470698574       16.1476748922       16.3508032278       16.5564866033    
   16.7647571571       16.9756474320       17.1891903801       17.4054193677    
   17.6243681812       17.8460710317       18.0705625608       18.2978778458    
   18.5280524050       18.7611222037       18.9971236596       19.2360936484    
   19.4780695096       19.7230890525       19.9711905618       20.2224128039    
   20.4767950329       20.7343769963       20.9951989420       21.2593016239    
   21.5267263086       21.7975147818       22.0717093546       22.3493528706    
   22.6304887120       22.9151608071       23.2034136363       23.4952922397    
   23.7908422240       24.0901097695       24.3931416372       24.6999851767    
   25.0106883327       25.3252996533       25.6438682972       25.9664440413    
   26.2930772888       26.6238190768       26.9587210843       27.2978356405    
   27.6412157327       27.9889150147       28.3409878154       28.6974891466    
   29.0584747126       29.4240009181       29.7941248772       30.1689044226    
   30.5483981143       30.9326652491       31.3217658694       31.7157607730    
   32.1147115224       32.5186804544       32.9277306901       33.3419261444    
   33.7613315361       34.1860123982       34.6160350879       35.0514667973    
   35.4923755632       35.9388302787       36.3909007033       36.8486574737    
   37.3121721155       37.7815170538       38.2567656246       38.7379920865    
   39.2252716322       39.7186804000       40.2182954861       40.7241949564    
   41.2364578586       41.7551642349       42.2803951343       42.8122326250    
   43.3507598079       43.8960608288       44.4482208922       45.0073262742    
   45.5734643361       46.1467235382       46.7271934535       47.3149647814    
   47.9101293625       48.5127801924       49.1230114366       49.7409184449    
   50.3665977666       51.0001471653       51.6416656344       52.2912534125    
   52.9490119989       53.6150441699       54.2894539943       54.9723468500    
   55.6638294403       56.3640098109       57.0729973664       57.7909028875    
   58.5178385484       59.2539179343       59.9992560590       60.7539693833    
   61.5181758325       62.2919948155       63.0755472431       63.8689555469    
   64.6723436987       65.4858372293       66.3095632489       67.1436504664    
   67.9882292095       68.8434314453       69.7093908011       70.5862425847    
   71.4741238059       72.3731731980       73.2835312393       74.2053401752    
   75.1387440401       76.0838886802       77.0409217765       78.0099928671    
   78.9912533715       79.9848566136       80.9909578459       82.0097142739    
   83.0412850801       84.0858314498       85.1435165954       86.2145057823    
   87.2989663549       88.3970677621       89.5089815847       90.6348815615    
   91.7749436165       92.9293458869       94.0982687503       95.2818948532    
   96.4804091398       97.6939988802       98.9228537003       100.167165611    
   101.427129039       102.702940856       103.994800410       105.302909557    
   106.627472692       107.968696779       109.326791389       110.701968726    
   112.094443665       113.504433782       114.932159391       116.377843578    
   117.841712233       119.323994089    
Down potential follows (l on next line)
 1
  -3.98188457719      -4.05099413155      -3.97693346799      -4.03279026478    
  -4.02125199966      -4.03183898050      -4.03056248257      -4.03506579077    
  -4.03620032792      -4.03781211094      -4.03880548470      -4.03969590315    
  -4.04033874656      -4.04087447697      -4.04128867846      -4.04162394285    
  -4.04188979049      -4.04210259968      -4.04227131782      -4.04240441301    
  -4.04250787906      -4.04258675010      -4.04264492190      -4.04268558460    
  -4.04271130377      -4.04272418452      -4.04272595401      -4.04271804268    
  -4.04270164011      -4.04267774159      -4.04264718354      -4.04261067240    
  -4.04256880721      -4.04252209798      -4.04247098040      -4.04241582802    
  -4.04235696206      -4.04229465934      -4.04222915915      -4.04216066875    
  -4.04208936786      -4.04201541270      -4.04193893912      -4.04186006535    
  -4.04177889437      -4.04169551583      -4.04161000777      -4.04152243800    
  -4.04143286538      -4.04134134087      -4.04124790842      -4.04115260582    
  -4.04105546526      -4.04095651413      -4.04085577534      -4.04075326785    
  -4.04064900715      -4.04054300547      -4.04043527218      -4.04032581402    
  -4.04021463535      -4.04010173841      -4.03998712338      -4.03987078868    
  -4.03975273108      -4.03963294574      -4.03951142647      -4.03938816576    
  -4.03926315485      -4.03913638382      -4.03900784177      -4.03887751672    
  -4.03874539577      -4.03861146520      -4.03847571035      -4.03833811583    
  -4.03819866550      -4.03805734244      -4.03791412913      -4.03776900731    
  -4.03762195812      -4.03747296205      -4.03732199906      -4.03716904849    
  -4.03701408909      -4.03685709913      -4.03669805631      -4.03653693780    
  -4.03637372026      -4.03620837988      -4.03604089229      -4.03587123267    
  -4.03569937571      -4.03552529565      -4.03534896618      -4.03517036054    
  -4.03498945157      -4.03480621155      -4.03462061232      -4.03443262527    
  -4.03424222131      -4.03404937090      -4.03385404400      -4.03365621012    
  -4.03345583830      -4.03325289706      -4.03304735457      -4.03283917839    
  -4.03262833565      -4.03241479301      -4.03219851662      -4.03197947218    
  -4.03175762484      -4.03153293930      -4.03130537973      -4.03107490977    
  -4.03084149265      -4.03060509095      -4.03036566683      -4.03012318188    
  -4.02987759712      -4.02962887315      -4.02937696990      -4.02912184681    
  -4.02886346277      -4.02860177608      -4.02833674448      -4.02806832516    
  -4.02779647469      -4.02752114907      -4.02724230370      -4.02695989338    
  -4.02667387229      -4.02638419400      -4.02609081145      -4.02579367693    
  -4.02549274214      -4.02518795805      -4.02487927503      -4.02456664276    
  -4.02425001025      -4.02392932583      -4.02360453712      -4.02327559104    
  -4.02294243381      -4.02260501091      -4.02226326712      -4.02191714644    
  -4.02156659214      -4.02121154672      -4.02085195191      -4.02048774868    
  -4.02011887717      -4.01974527675      -4.01936688595      -4.01898364248    
  -4.01859548324      -4.01820234425      -4.01780416070      -4.01740086687    
  -4.01699239618      -4.01657868118      -4.01615965345      -4.01573524372    
  -4.01530538175      -4.01486999635      -4.01442901540      -4.01398236577    
  -4.01352997338      -4.01307176315      -4.01260765894      -4.01213758367    
  -4.01166145913      -4.01117920611      -4.01069074433      -4.01019599240    
  -4.00969486786      -4.00918728709      -4.00867316539      -4.00815241690    
  -4.00762495458      -4.00709069025      -4.00654953448      -4.00600139668    
  -4.00544618503      -4.00488380641      -4.00431416652      -4.00373716973    
  -4.00315271910      -4.00256071643      -4.00196106213      -4.00135365529    
  -4.00073839364      -4.00011517347      -3.99948388973      -3.99884443587    
  -3.99819670394      -3.99754058452      -3.99687596666      -3.99620273795    
  -3.99552078441      -3.99482999053      -3.99413023924      -3.99342141181    
  -3.99270338799      -3.99197604579      -3.99123926162      -3.99049291019    
  -3.98973686449      -3.98897099579      -3.98819517358      -3.98740926560    
  -3.98661313776      -3.98580665415      -3.98498967699      -3.98416206664    
  -3.98332368152      -3.98247437815      -3.98161401107      -3.98074243283    
  -3.97985949397      -3.97896504298      -3.97805892630      -3.97714098824    
  -3.97621107100      -3.97526901463      -3.97431465697      -3.97334783367    
  -3.97236837810      -3.97137612140      -3.97037089236      -3.96935251745    
  -3.96832082077      -3.96727562401      -3.96621674644      -3.96514400483    
  -3.96405721349      -3.96295618418      -3.96184072609      -3.96071064580    
  -3.95956574727      -3.95840583179      -3.95723069793      -3.95604014153    
  -3.95483395565      -3.95361193053      -3.95237385357      -3.95111950928    
  -3.94984867923      -3.94856114206      -3.94725667338      -3.94593504578    
  -3.94459602876      -3.94323938870      -3.94186488886      -3.94047228925    
  -3.93906134669      -3.93763181470      -3.93618344349      -3.93471597993    
  -3.93322916745      -3.93172274608      -3.93019645236      -3.92865001929    
  -3.92708317632      -3.92549564927      -3.92388716035      -3.92225742804    
  -3.92060616709      -3.91893308847      -3.91723789934      -3.91552030296    
  -3.91377999873      -3.91201668203      -3.91023004429      -3.90841977288    
  -3.90658555107      -3.90472705801      -3.90284396867      -3.90093595380    
  -3.89900267988      -3.89704380908      -3.89505899923      -3.89304790373    
  -3.89101017157      -3.88894544722      -3.88685337066      -3.88473357726    
  -3.88258569778      -3.88040935833      -3.87820418032      -3.87596978040    
  -3.87370577043      -3.87141175745      -3.86908734364      -3.86673212624    
  -3.86434569756      -3.86192764491      -3.85947755058      -3.85699499178    
  -3.85447954062      -3.85193076406      -3.84934822391      -3.84673147673    
  -3.84408007386      -3.84139356134      -3.83867147992      -3.83591336500    
  -3.83311874661      -3.83028714937      -3.82741809248      -3.82451108971    
  -3.82156564933      -3.81858127412      -3.81555746135      -3.81249370275    
  -3.80938948450      -3.80624428721      -3.80305758590      -3.79982885004    
  -3.79655754345      -3.79324312438      -3.78988504546      -3.78648275373    
  -3.78303569058      -3.77954329183      -3.77600498771      -3.77242020285    
  -3.76878835631      -3.76510886160      -3.76138112668      -3.75760455403    
  -3.75377854061      -3.74990247795      -3.74597575216      -3.74199774396    
  -3.73796782874      -3.73388537660      -3.72974975241      -3.72556031584    
  -3.72131642146      -3.71701741878      -3.71266265232      -3.70825146171    
  -3.70378318175      -3.69925714249      -3.69467266937      -3.69002908325    
  -3.68532570057      -3.68056183346      -3.67573678981      -3.67084987344    
  -3.66590038424      -3.66088761825      -3.65581086787      -3.65066942198    
  -3.64546256610      -3.64018958257      -3.63484975074      -3.62944234709    
  -3.62396664553      -3.61842191750      -3.61280743223      -3.60712245697    
  -3.60136625717      -3.59553809677      -3.58963723842      -3.58366294374    
  -3.57761447358      -3.57149108830      -3.56529204810      -3.55901661322    
  -3.55266404435      -3.54623360289      -3.53972455130      -3.53313615341    
  -3.52646767484      -3.51971838327      -3.51288754890      -3.50597444479    
  -3.49897834727      -3.49189853633      -3.48473429607      -3.47748491514    
  -3.47014968715      -3.46272791115      -3.45521889210      -3.44762194134    
  -3.43993637712      -3.43216152507      -3.42429671873      -3.41634130009    
  -3.40829462014      -3.40015603941      -3.39192492855      -3.38360066892    
  -3.37518265318      -3.36667028588      -3.35806298410      -3.34936017806    
  -3.34056131181      -3.33166584380      -3.32267324762      -3.31358301266    
  -3.30439464476      -3.29510766694      -3.28572162011      -3.27623606377    
  -3.26665057672      -3.25696475786      -3.24717822685      -3.23729062493    
  -3.22730161563      -3.21721088557      -3.20701814522      -3.19672312967    
  -3.18632559941      -3.17582534115      -3.16522216856      -3.15451592312    
  -3.14370647487      -3.13279372321      -3.12177759773      -3.11065805899    
  -3.09943509930      -3.08810874351      -3.07667904984      -3.06514611061    
  -3.05351005306      -3.04177104008      -3.02992927101      -3.01798498236    
  -3.00593844858      -2.99378998276      -2.98153993737      -2.96918870492    
  -2.95673671869      -2.94418445337      -2.93153242571      -2.91878119511    
  -2.90593136428      -2.89298357977      -2.87993853252      -2.86679695839    
  -2.85355963867      -2.84022740048      -2.82680111726      -2.81328170912    
  -2.79967014318      -2.78596743391      -2.77217464341      -2.75829288158    
  -2.74432330636      -2.73026712385      -2.71612558837      -2.70190000251    
  -2.68759171713      -2.67320213127      -2.65873269201      -2.64418489429    
  -2.62956028068      -2.61486044104      -2.60008701216      -2.58524167729    
  -2.57032616569      -2.55534225199      -2.54029175556      -2.52517653980    
  -2.50999851133      -2.49475961911      -2.47946185353      -2.46410724530    
  -2.44869786445      -2.43323581903      -2.41772325395      -2.40216234955    
  -2.38655532017      -2.37090441271      -2.35521190492      -2.33948010381    
  -2.32371134382      -2.30790798500      -2.29207241107      -2.27620702738    
  -2.26031425885      -2.24439654776      -2.22845635150      -2.21249614026    
  -2.19651839455      -2.18052560279      -2.16452025870      -2.14850485871    
  -2.13248189924      -2.11645387399      -2.10042327109      -2.08439257024    
  -2.06836423987      -2.05234073410      -2.03632448981      -2.02031792362    
  -2.00432342885      -1.98834337248      -1.97238009208      -1.95643589278    
  -1.94051304421      -1.92461377756      -1.90874028252      -1.89289470444    
  -1.87707914143      -1.86129564162      -1.84554620047      -1.82983275822    
  -1.81415719746      -1.79852134086      -1.78292694906      -1.76737571879    
  -1.75186928118      -1.73640920035      -1.72099697224      -1.70563402375    
  -1.69032171226      -1.67506132549      -1.65985408170      -1.64470113047    
  -1.62960355380      -1.61456236780      -1.59957852494      -1.58465291685    
  -1.56978637773      -1.55497968849      -1.54023358150      -1.52554874618    
  -1.51092583526      -1.49636547188      -1.48186825757      -1.46743478097    
  -1.45306562751      -1.43876138992      -1.42452267959      -1.41035013886    
  -1.39624445404      -1.38220636939      -1.36823670156      -1.35433635533    
  -1.34050633866      -1.32674778007      -1.31306194556      -1.29945025362    
  -1.28591429428      -1.27245584559      -1.25907688931      -1.24577962740    
  -1.23256649673      -1.21944018290      -1.20640363252      -1.19346006366    
  -1.18061297417      -1.16786614754      -1.15522365581      -1.14268985939    
  -1.13026940328      -1.11796720944      -1.10578846498      -1.09373860590    
  -1.08182329618      -1.07004840187      -1.05841996026      -1.04694414384    
  -1.03562721916      -1.02447550047      -1.01349529849      -1.00269286430    
 -0.992074328666     -0.981645637269     -0.971412482129     -0.961380229835    
 -0.951553847158     -0.941937824709     -0.932536099420     -0.923351976632    
 -0.914388052708     -0.905646139067     -0.897127188650     -0.888831225817    
 -0.880757280731     -0.872903329291     -0.865266239691     -0.857841726649    
 -0.850624314373     -0.843607309253     -0.836782783235     -0.830141568764    
 -0.823673266080     -0.817366263554     -0.811207771615     -0.805183870649    
 -0.799279573124     -0.793478899927     -0.787764970764     -0.782120108175    
 -0.776525954519     -0.770963601014     -0.765413727648     -0.759856752554    
 -0.754272989183     -0.748642809382     -0.742946810315     -0.737165982962    
 -0.731281879861     -0.725276779654     -0.719133845999     -0.712837278441    
 -0.706372452956     -0.699726050021     -0.692886168287     -0.685842422203    
 -0.678586022233     -0.671109836665     -0.663408434352     -0.655478108126    
 -0.647316878975     -0.638924481464     -0.630302331177     -0.621453475310    
 -0.612382527786     -0.603095590479     -0.593600162325     -0.583905038196    
 -0.574020199491     -0.563956698414     -0.553726537863     -0.543342548824    
 -0.532818267005     -0.522167810352     -0.511405758915     -0.500547038357    
 -0.489606808226     -0.478600355920     -0.467542997089     -0.456449983043    
 -0.445336415568     -0.434217169400     -0.423106822451     -0.412019593784    
 -0.400969289187     -0.389969254154     -0.379032333950     -0.368170840423    
 -0.357396525161     -0.346720558548     -0.336153514289     -0.325705358910    
 -0.315385445804     -0.305202513327     -0.295164686536     -0.285279482113    
 -0.275553816080     -0.265994013928     -0.256605822801     -0.247394425397    
 -0.238364455308     -0.229520013505     -0.220864685742     -0.212401560645    
 -0.204133248302     -0.196061899188     -0.188189223271     -0.180516509168    
 -0.173044643262     -0.165774128671     -0.158705104003     -0.151837361832    
 -0.145170366854     -0.138703273671     -0.132434944191     -0.126363964606    
 -0.120488661946     -0.114807120198     -0.109317195981     -0.104016533785    
 -0.989025807689E-01 -0.939726011261E-01 -0.892236900287E-01 -0.846527871494E-01
 -0.802566897763E-01 -0.760320655264E-01 -0.719754646670E-01 -0.680833320546E-01
 -0.643520186959E-01 -0.607777929416E-01 -0.573568513171E-01 -0.540853289964E-01
 -0.509593099232E-01 -0.479748365844E-01 -0.451279194370E-01 -0.424145459922E-01
 -0.398306895573E-01 -0.373723176363E-01 -0.350353999895E-01 -0.328159163524E-01
 -0.307098638114E-01 -0.287132638388E-01 -0.268221689828E-01 -0.250326692133E-01
 -0.233408979221E-01 -0.217430375777E-01 -0.202353250317E-01 -0.188140564803E-01
 -0.174755920773E-01 -0.162163602030E-01 -0.150328613879E-01 -0.139216718942E-01
 -0.128794469579E-01 -0.119029236945E-01 -0.109889236731E-01 -0.101343551630E-01
 -0.933621505936E-02 -0.859159049437E-02 -0.789766014050E-02 -0.725169521489E-02
 -0.665106019372E-02 -0.609321324415E-02 -0.557570639235E-02 -0.509618536186E-02
 -0.465238966801E-02 -0.424215042359E-02 -0.389399432629E-02 -0.394298595652E-02
 -0.399258988330E-02 -0.404280193008E-02 -0.409365264122E-02 -0.414515405504E-02
 -0.419729957956E-02 -0.425010155609E-02 -0.430356734352E-02 -0.435770550162E-02
 -0.441252451928E-02 -0.446803299217E-02 -0.452423961565E-02 -0.458115318826E-02
 -0.463878261457E-02 -0.469713690778E-02 -0.475622519201E-02 -0.481605670430E-02
 -0.487664079659E-02 -0.493798693748E-02 -0.500010471404E-02 -0.506300383342E-02
 -0.512669412450E-02 -0.519118553957E-02 -0.525648815592E-02 -0.532261217749E-02
 -0.538956793646E-02 -0.545736589493E-02 -0.552601664657E-02 -0.559553091824E-02
 -0.566591957173E-02 -0.573719360543E-02 -0.580936415609E-02 -0.588244250048E-02
 -0.595644005728E-02 -0.603136838876E-02 -0.610723920263E-02 -0.618406435385E-02
 -0.626185584651E-02 -0.634062583568E-02 -0.642038662934E-02 -0.650115069029E-02
 -0.658293063805E-02 -0.666573925094E-02 -0.674958946793E-02 -0.683449439082E-02
 -0.692046728618E-02 -0.700752158743E-02 -0.709567089699E-02 -0.718492898837E-02
 -0.727530980833E-02 -0.736682747905E-02 -0.745949630035E-02 -0.755333075193E-02
 -0.764834549563E-02 -0.774455537766E-02 -0.784197543103E-02 -0.794062087783E-02
 -0.804050713160E-02 -0.814164979977E-02 -0.824406468608E-02 -0.834776779308E-02
 -0.845277532461E-02 -0.855910368826E-02 -0.866676949807E-02 -0.877578957709E-02
 -0.888618095987E-02 -0.899796089529E-02 -0.911114684923E-02 -0.922575650721E-02
 -0.934180777721E-02 -0.945931879250E-02 -0.957830791438E-02 -0.969879373519E-02
 -0.982079508103E-02 -0.994433101490E-02 -0.100694208395E-01 -0.101960841005E-01
 -0.103243405891E-01 -0.104542103457E-01 -0.105857136628E-01 -0.107188710880E-01
 -0.108537034274E-01 -0.109902317488E-01 -0.111284773852E-01 -0.112684619375E-01
 -0.114102072788E-01 -0.115537355570E-01 -0.116990691986E-01 -0.118462309125E-01
 -0.119952436928E-01 -0.121461308232E-01 -0.122989158800E-01 -0.124536227362E-01
 -0.126102755652E-01 -0.127688988441E-01 -0.129295173583E-01 -0.130921562047E-01
 -0.132568407960E-01 -0.134235968643E-01 -0.135924504658E-01 -0.137634279842E-01
 -0.139365561350E-01 -0.141118619698E-01 -0.142893728806E-01 -0.144691166038E-01
 -0.146511212247E-01 -0.148354151819E-01 -0.150220272717E-01 -0.152109866526E-01
 -0.154023228500E-01 -0.155960657604E-01 -0.157922456566E-01 -0.159908931922E-01
 -0.161920394061E-01 -0.163957157280E-01 -0.166019539826E-01 -0.168107863951E-01
 -0.170222455960E-01 -0.172363646262E-01 -0.174531769422E-01 -0.176727164215E-01
 -0.178950173675E-01 -0.181201145151E-01 -0.183480430363E-01 -0.185788385453E-01
 -0.188125371045E-01 -0.190491752297E-01 -0.192887898961E-01 -0.195314185439E-01
 -0.197770990844E-01 -0.200258699057E-01 -0.202777698788E-01 -0.205328383634E-01
 -0.207911152146E-01 -0.210526407886E-01 -0.213174559494E-01 -0.215856020749E-01
 -0.218571210634E-01 -0.221320553404E-01 -0.224104478649E-01 -0.226923421362E-01
 -0.229777822009E-01 -0.232668126597E-01 -0.235594786741E-01 -0.238558259738E-01
 -0.241559008636E-01 -0.244597502309E-01 -0.247674215528E-01 -0.250789629034E-01
 -0.253944229618E-01 -0.257138510193E-01 -0.260372969871E-01 -0.263648114044E-01
 -0.266964454458E-01 -0.270322509300E-01 -0.273722803273E-01 -0.277165867677E-01
 -0.280652240501E-01 -0.284182466497E-01 -0.287757097268E-01 -0.291376691361E-01
 -0.295041814342E-01 -0.298753038894E-01 -0.302510944905E-01 -0.306316119555E-01
 -0.310169157409E-01 -0.314070660514E-01 -0.318021238486E-01 -0.322021508612E-01
 -0.326072095941E-01 -0.330173633387E-01 -0.334326761823E-01 -0.338532130184E-01
 -0.342790395567E-01 -0.347102223335E-01 -0.351468287219E-01 -0.355889269426E-01
 -0.360365860744E-01 -0.364898760649E-01 -0.369488677416E-01 -0.374136328228E-01
 -0.378842439290E-01 -0.383607745943E-01 -0.388432992775E-01 -0.393318933739E-01
 -0.398266332276E-01 -0.403275961426E-01 -0.408348603952E-01 -0.413485052467E-01
 -0.418686109552E-01 -0.423952587879E-01
Up potential follows (l on next line)
 1
  -3.98188457719      -4.05099413155      -3.97693346799      -4.03279026478    
  -4.02125199966      -4.03183898050      -4.03056248257      -4.03506579077    
  -4.03620032792      -4.03781211094      -4.03880548470      -4.03969590315    
  -4.04033874656      -4.04087447697      -4.04128867846      -4.04162394285    
  -4.04188979049      -4.04210259968      -4.04227131782      -4.04240441301    
  -4.04250787906      -4.04258675010      -4.04264492190      -4.04268558460    
  -4.04271130377      -4.04272418452      -4.04272595401      -4.04271804268    
  -4.04270164011      -4.04267774159      -4.04264718354      -4.04261067240    
  -4.04256880721      -4.04252209798      -4.04247098040      -4.04241582802    
  -4.04235696206      -4.04229465934      -4.04222915915      -4.04216066875    
  -4.04208936786      -4.04201541270      -4.04193893912      -4.04186006535    
  -4.04177889437      -4.04169551583      -4.04161000777      -4.04152243800    
  -4.04143286538      -4.04134134087      -4.04124790842      -4.04115260582    
  -4.04105546526      -4.04095651413      -4.04085577534      -4.04075326785    
  -4.04064900715      -4.04054300547      -4.04043527218      -4.04032581402    
  -4.04021463535      -4.04010173841      -4.03998712338      -4.03987078868    
  -4.03975273108      -4.03963294574      -4.03951142647      -4.03938816576    
  -4.03926315485      -4.03913638382      -4.03900784177      -4.03887751672    
  -4.03874539577      -4.03861146520      -4.03847571035      -4.03833811583    
  -4.03819866550      -4.03805734244      -4.03791412913      -4.03776900731    
  -4.03762195812      -4.03747296205      -4.03732199906      -4.03716904849    
  -4.03701408909      -4.03685709913      -4.03669805631      -4.03653693780    
  -4.03637372026      -4.03620837988      -4.03604089229      -4.03587123267    
  -4.03569937571      -4.03552529565      -4.03534896618      -4.03517036054    
  -4.03498945157      -4.03480621155      -4.03462061232      -4.03443262527    
  -4.03424222131      -4.03404937090      -4.03385404400      -4.03365621012    
  -4.03345583830      -4.03325289706      -4.03304735457      -4.03283917839    
  -4.03262833565      -4.03241479301      -4.03219851662      -4.03197947218    
  -4.03175762484      -4.03153293930      -4.03130537973      -4.03107490977    
  -4.03084149265      -4.03060509095      -4.03036566683      -4.03012318188    
  -4.02987759712      -4.02962887315      -4.02937696990      -4.02912184681    
  -4.02886346277      -4.02860177608      -4.02833674448      -4.02806832516    
  -4.02779647469      -4.02752114907      -4.02724230370      -4.02695989338    
  -4.02667387229      -4.02638419400      -4.02609081145      -4.02579367693    
  -4.02549274214      -4.02518795805      -4.02487927503      -4.02456664276    
  -4.02425001025      -4.02392932583      -4.02360453712      -4.02327559104    
  -4.02294243381      -4.02260501091      -4.02226326712      -4.02191714644    
  -4.02156659214      -4.02121154672      -4.02085195191      -4.02048774868    
  -4.02011887717      -4.01974527675      -4.01936688595      -4.01898364248    
  -4.01859548324      -4.01820234425      -4.01780416070      -4.01740086687    
  -4.01699239618      -4.01657868118      -4.01615965345      -4.01573524372    
  -4.01530538175      -4.01486999635      -4.01442901540      -4.01398236577    
  -4.01352997338      -4.01307176315      -4.01260765894      -4.01213758367    
  -4.01166145913      -4.01117920611      -4.01069074433      -4.01019599240    
  -4.00969486786      -4.00918728709      -4.00867316539      -4.00815241690    
  -4.00762495458      -4.00709069025      -4.00654953448      -4.00600139668    
  -4.00544618503      -4.00488380641      -4.00431416652      -4.00373716973    
  -4.00315271910      -4.00256071643      -4.00196106213      -4.00135365529    
  -4.00073839364      -4.00011517347      -3.99948388973      -3.99884443587    
  -3.99819670394      -3.99754058452      -3.99687596666      -3.99620273795    
  -3.99552078441      -3.99482999053      -3.99413023924      -3.99342141181    
  -3.99270338799      -3.99197604579      -3.99123926162      -3.99049291019    
  -3.98973686449      -3.98897099579      -3.98819517358      -3.98740926560    
  -3.98661313776      -3.98580665415      -3.98498967699      -3.98416206664    
  -3.98332368152      -3.98247437815      -3.98161401107      -3.98074243283    
  -3.97985949397      -3.97896504298      -3.97805892630      -3.97714098824    
  -3.97621107100      -3.97526901463      -3.97431465697      -3.97334783367    
  -3.97236837810      -3.97137612140      -3.97037089236      -3.96935251745    
  -3.96832082077      -3.96727562401      -3.96621674644      -3.96514400483    
  -3.96405721349      -3.96295618418      -3.96184072609      -3.96071064580    
  -3.95956574727      -3.95840583179      -3.95723069793      -3.95604014153    
  -3.95483395565      -3.95361193053      -3.95237385357      -3.95111950928    
  -3.94984867923      -3.94856114206      -3.94725667338      -3.94593504578    
  -3.94459602876      -3.94323938870      -3.94186488886      -3.94047228925    
  -3.93906134669      -3.93763181470      -3.93618344349      -3.93471597993    
  -3.93322916745      -3.93172274608      -3.93019645236      -3.92865001929    
  -3.92708317632      -3.92549564927      -3.92388716035      -3.92225742804    
  -3.92060616709      -3.91893308847      -3.91723789934      -3.91552030296    
  -3.91377999873      -3.91201668203      -3.91023004429      -3.90841977288    
  -3.90658555107      -3.90472705801      -3.90284396867      -3.90093595380    
  -3.89900267988      -3.89704380908      -3.89505899923      -3.89304790373    
  -3.89101017157      -3.88894544722      -3.88685337066      -3.88473357726    
  -3.88258569778      -3.88040935833      -3.87820418032      -3.87596978040    
  -3.87370577043      -3.87141175745      -3.86908734364      -3.86673212624    
  -3.86434569756      -3.86192764491      -3.85947755058      -3.85699499178    
  -3.85447954062      -3.85193076406      -3.84934822391      -3.84673147673    
  -3.84408007386      -3.84139356134      -3.83867147992      -3.83591336500    
  -3.83311874661      -3.83028714937      -3.82741809248      -3.82451108971    
  -3.82156564933      -3.81858127412      -3.81555746135      -3.81249370275    
  -3.80938948450      -3.80624428721      -3.80305758590      -3.79982885004    
  -3.79655754345      -3.79324312438      -3.78988504546      -3.78648275373    
  -3.78303569058      -3.77954329183      -3.77600498771      -3.77242020285    
  -3.76878835631      -3.76510886160      -3.76138112668      -3.75760455403    
  -3.75377854061      -3.74990247795      -3.74597575216      -3.74199774396    
  -3.73796782874      -3.73388537660      -3.72974975241      -3.72556031584    
  -3.72131642146      -3.71701741878      -3.71266265232      -3.70825146171    
  -3.70378318175      -3.69925714249      -3.69467266937      -3.69002908325    
  -3.68532570057      -3.68056183346      -3.67573678981      -3.67084987344    
  -3.66590038424      -3.66088761825      -3.65581086787      -3.65066942198    
  -3.64546256610      -3.64018958257      -3.63484975074      -3.62944234709    
  -3.62396664553      -3.61842191750      -3.61280743223      -3.60712245697    
  -3.60136625717      -3.59553809677      -3.58963723842      -3.58366294374    
  -3.57761447358      -3.57149108830      -3.56529204810      -3.55901661322    
  -3.55266404435      -3.54623360289      -3.53972455130      -3.53313615341    
  -3.52646767484      -3.51971838327      -3.51288754890      -3.50597444479    
  -3.49897834727      -3.49189853633      -3.48473429607      -3.47748491514    
  -3.47014968715      -3.46272791115      -3.45521889210      -3.44762194134    
  -3.43993637712      -3.43216152507      -3.42429671873      -3.41634130009    
  -3.40829462014      -3.40015603941      -3.39192492855      -3.38360066892    
  -3.37518265318      -3.36667028588      -3.35806298410      -3.34936017806    
  -3.34056131181      -3.33166584380      -3.32267324762      -3.31358301266    
  -3.30439464476      -3.29510766694      -3.28572162011      -3.27623606377    
  -3.26665057672      -3.25696475786      -3.24717822685      -3.23729062493    
  -3.22730161563      -3.21721088557      -3.20701814522      -3.19672312967    
  -3.18632559941      -3.17582534115      -3.16522216856      -3.15451592312    
  -3.14370647487      -3.13279372321      -3.12177759773      -3.11065805899    
  -3.09943509930      -3.08810874351      -3.07667904984      -3.06514611061    
  -3.05351005306      -3.04177104008      -3.02992927101      -3.01798498236    
  -3.00593844858      -2.99378998276      -2.98153993737      -2.96918870492    
  -2.95673671869      -2.94418445337      -2.93153242571      -2.91878119511    
  -2.90593136428      -2.89298357977      -2.87993853252      -2.86679695839    
  -2.85355963867      -2.84022740048      -2.82680111726      -2.81328170912    
  -2.79967014318      -2.78596743391      -2.77217464341      -2.75829288158    
  -2.74432330636      -2.73026712385      -2.71612558837      -2.70190000251    
  -2.68759171713      -2.67320213127      -2.65873269201      -2.64418489429    
  -2.62956028068      -2.61486044104      -2.60008701216      -2.58524167729    
  -2.57032616569      -2.55534225199      -2.54029175556      -2.52517653980    
  -2.50999851133      -2.49475961911      -2.47946185353      -2.46410724530    
  -2.44869786445      -2.43323581903      -2.41772325395      -2.40216234955    
  -2.38655532017      -2.37090441271      -2.35521190492      -2.33948010381    
  -2.32371134382      -2.30790798500      -2.29207241107      -2.27620702738    
  -2.26031425885      -2.24439654776      -2.22845635150      -2.21249614026    
  -2.19651839455      -2.18052560279      -2.16452025870      -2.14850485871    
  -2.13248189924      -2.11645387399      -2.10042327109      -2.08439257024    
  -2.06836423987      -2.05234073410      -2.03632448981      -2.02031792362    
  -2.00432342885      -1.98834337248      -1.97238009208      -1.95643589278    
  -1.94051304421      -1.92461377756      -1.90874028252      -1.89289470444    
  -1.87707914143      -1.86129564162      -1.84554620047      -1.82983275822    
  -1.81415719746      -1.79852134086      -1.78292694906      -1.76737571879    
  -1.75186928118      -1.73640920035      -1.72099697224      -1.70563402375    
  -1.69032171226      -1.67506132549      -1.65985408170      -1.64470113047    
  -1.62960355380      -1.61456236780      -1.59957852494      -1.58465291685    
  -1.56978637773      -1.55497968849      -1.54023358150      -1.52554874618    
  -1.51092583526      -1.49636547188      -1.48186825757      -1.46743478097    
  -1.45306562751      -1.43876138992      -1.42452267959      -1.41035013886    
  -1.39624445404      -1.38220636939      -1.36823670156      -1.35433635533    
  -1.34050633866      -1.32674778007      -1.31306194556      -1.29945025362    
  -1.28591429428      -1.27245584559      -1.25907688931      -1.24577962740    
  -1.23256649673      -1.21944018290      -1.20640363252      -1.19346006366    
  -1.18061297417      -1.16786614754      -1.15522365581      -1.14268985939    
  -1.13026940328      -1.11796720944      -1.10578846498      -1.09373860590    
  -1.08182329618      -1.07004840187      -1.05841996026      -1.04694414384    
  -1.03562721916      -1.02447550047      -1.01349529849      -1.00269286430    
 -0.992074328666     -0.981645637269     -0.971412482129     -0.961380229835    
 -0.951553847158     -0.941937824709     -0.932536099420     -0.923351976632    
 -0.914388052708     -0.905646139067     -0.897127188650     -0.888831225817    
 -0.880757280731     -0.872903329291     -0.865266239691     -0.857841726649    
 -0.850624314373     -0.843607309253     -0.836782783235     -0.830141568764    
 -0.823673266080     -0.817366263554     -0.811207771615     -0.805183870649    
 -0.799279573124     -0.793478899927     -0.787764970764     -0.782120108175    
 -0.776525954519     -0.770963601014     -0.765413727648     -0.759856752554    
 -0.754272989183     -0.748642809382     -0.742946810315     -0.737165982962    
 -0.731281879861     -0.725276779654     -0.719133845999     -0.712837278441    
 -0.706372452956     -0.699726050021     -0.692886168287     -0.685842422203    
 -0.678586022233     -0.671109836665     -0.663408434352     -0.655478108126    
 -0.647316878975     -0.638924481464     -0.630302331177     -0.621453475310    
 -0.612382527786     -0.603095590479     -0.593600162325     -0.583905038196    
 -0.574020199491     -0.563956698414     -0.553726537863     -0.543342548824    
 -0.532818267005     -0.522167810352     -0.511405758915     -0.500547038357    
 -0.489606808226     -0.478600355920     -0.467542997089     -0.456449983043    
 -0.445336415568     -0.434217169400     -0.423106822451     -0.412019593784    
 -0.400969289187     -0.389969254154     -0.379032333950     -0.368170840423    
 -0.357396525161     -0.346720558548     -0.336153514289     -0.325705358910    
 -0.315385445804     -0.305202513327     -0.295164686536     -0.285279482113    
 -0.275553816080     -0.265994013928     -0.256605822801     -0.247394425397    
 -0.238364455308     -0.229520013505     -0.220864685742     -0.212401560645    
 -0.204133248302     -0.196061899188     -0.188189223271     -0.180516509168    
 -0.173044643262     -0.165774128671     -0.158705104003     -0.151837361832    
 -0.145170366854     -0.138703273671     -0.132434944191     -0.126363964606    
 -0.120488661946     -0.114807120198     -0.109317195981     -0.104016533785    
 -0.989025807689E-01 -0.939726011261E-01 -0.892236900287E-01 -0.846527871494E-01
 -0.802566897763E-01 -0.760320655264E-01 -0.719754646670E-01 -0.680833320546E-01
 -0.643520186959E-01 -0.607777929416E-01 -0.573568513171E-01 -0.540853289964E-01
 -0.509593099232E-01 -0.479748365844E-01 -0.451279194370E-01 -0.424145459922E-01
 -0.398306895573E-01 -0.373723176363E-01 -0.350353999895E-01 -0.328159163524E-01
 -0.307098638114E-01 -0.287132638388E-01 -0.268221689828E-01 -0.250326692133E-01
 -0.233408979221E-01 -0.217430375777E-01 -0.202353250317E-01 -0.188140564803E-01
 -0.174755920773E-01 -0.162163602030E-01 -0.150328613879E-01 -0.139216718942E-01
 -0.128794469579E-01 -0.119029236945E-01 -0.109889236731E-01 -0.101343551630E-01
 -0.933621505936E-02 -0.859159049437E-02 -0.789766014050E-02 -0.725169521489E-02
 -0.665106019372E-02 -0.609321324415E-02 -0.557570639235E-02 -0.509618536186E-02
 -0.465238966801E-02 -0.424215042359E-02 -0.389399432629E-02 -0.394298595652E-02
 -0.399258988330E-02 -0.404280193008E-02 -0.409365264122E-02 -0.414515405504E-02
 -0.419729957956E-02 -0.425010155609E-02 -0.430356734352E-02 -0.435770550162E-02
 -0.441252451928E-02 -0.446803299217E-02 -0.452423961565E-02 -0.458115318826E-02
 -0.463878261457E-02 -0.469713690778E-02 -0.475622519201E-02 -0.481605670430E-02
 -0.487664079659E-02 -0.493798693748E-02 -0.500010471404E-02 -0.506300383342E-02
 -0.512669412450E-02 -0.519118553957E-02 -0.525648815592E-02 -0.532261217749E-02
 -0.538956793646E-02 -0.545736589493E-02 -0.552601664657E-02 -0.559553091824E-02
 -0.566591957173E-02 -0.573719360543E-02 -0.580936415609E-02 -0.588244250048E-02
 -0.595644005728E-02 -0.603136838876E-02 -0.610723920263E-02 -0.618406435385E-02
 -0.626185584651E-02 -0.634062583568E-02 -0.642038662934E-02 -0.650115069029E-02
 -0.658293063805E-02 -0.666573925094E-02 -0.674958946793E-02 -0.683449439082E-02
 -0.692046728618E-02 -0.700752158743E-02 -0.709567089699E-02 -0.718492898837E-02
 -0.727530980833E-02 -0.736682747905E-02 -0.745949630035E-02 -0.755333075193E-02
 -0.764834549563E-02 -0.774455537766E-02 -0.784197543103E-02 -0.794062087783E-02
 -0.804050713160E-02 -0.814164979977E-02 -0.824406468608E-02 -0.834776779308E-02
 -0.845277532461E-02 -0.855910368826E-02 -0.866676949807E-02 -0.877578957709E-02
 -0.888618095987E-02 -0.899796089529E-02 -0.911114684923E-02 -0.922575650721E-02
 -0.934180777721E-02 -0.945931879250E-02 -0.957830791438E-02 -0.969879373519E-02
 -0.982079508103E-02 -0.994433101490E-02 -0.100694208395E-01 -0.101960841005E-01
 -0.103243405891E-01 -0.104542103457E-01 -0.105857136628E-01 -0.107188710880E-01
 -0.108537034274E-01 -0.109902317488E-01 -0.111284773852E-01 -0.112684619375E-01
 -0.114102072788E-01 -0.115537355570E-01 -0.116990691986E-01 -0.118462309125E-01
 -0.119952436928E-01 -0.121461308232E-01 -0.122989158800E-01 -0.124536227362E-01
 -0.126102755652E-01 -0.127688988441E-01 -0.129295173583E-01 -0.130921562047E-01
 -0.132568407960E-01 -0.134235968643E-01 -0.135924504658E-01 -0.137634279842E-01
 -0.139365561350E-01 -0.141118619698E-01 -0.142893728806E-01 -0.144691166038E-01
 -0.146511212247E-01 -0.148354151819E-01 -0.150220272717E-01 -0.152109866526E-01
 -0.154023228500E-01 -0.155960657604E-01 -0.157922456566E-01 -0.159908931922E-01
 -0.161920394061E-01 -0.163957157280E-01 -0.166019539826E-01 -0.168107863951E-01
 -0.170222455960E-01 -0.172363646262E-01 -0.174531769422E-01 -0.176727164215E-01
 -0.178950173675E-01 -0.181201145151E-01 -0.183480430363E-01 -0.185788385453E-01
 -0.188125371045E-01 -0.190491752297E-01 -0.192887898961E-01 -0.195314185439E-01
 -0.197770990844E-01 -0.200258699057E-01 -0.202777698788E-01 -0.205328383634E-01
 -0.207911152146E-01 -0.210526407886E-01 -0.213174559494E-01 -0.215856020749E-01
 -0.218571210634E-01 -0.221320553404E-01 -0.224104478649E-01 -0.226923421362E-01
 -0.229777822009E-01 -0.232668126597E-01 -0.235594786741E-01 -0.238558259738E-01
 -0.241559008636E-01 -0.244597502309E-01 -0.247674215528E-01 -0.250789629034E-01
 -0.253944229618E-01 -0.257138510193E-01 -0.260372969871E-01 -0.263648114044E-01
 -0.266964454458E-01 -0.270322509300E-01 -0.273722803273E-01 -0.277165867677E-01
 -0.280652240501E-01 -0.284182466497E-01 -0.287757097268E-01 -0.291376691361E-01
 -0.295041814342E-01 -0.298753038894E-01 -0.302510944905E-01 -0.306316119555E-01
 -0.310169157409E-01 -0.314070660514E-01 -0.318021238486E-01 -0.322021508612E-01
 -0.326072095941E-01 -0.330173633387E-01 -0.334326761823E-01 -0.338532130184E-01
 -0.342790395567E-01 -0.347102223335E-01 -0.351468287219E-01 -0.355889269426E-01
 -0.360365860744E-01 -0.364898760649E-01 -0.369488677416E-01 -0.374136328228E-01
 -0.378842439290E-01 -0.383607745943E-01 -0.388432992775E-01 -0.393318933739E-01
 -0.398266332276E-01 -0.403275961426E-01 -0.408348603952E-01 -0.413485052467E-01
 -0.418686109552E-01 -0.423952587879E-01
