 Raios
  0.445412344792E-05  0.896427287179E-05  0.135311529916E-04  0.181554773917E-04
  0.228379686322E-04  0.275793583619E-04  0.323803874325E-04  0.372418060146E-04
  0.421643737147E-04  0.471488596942E-04  0.521960427889E-04  0.573067116317E-04
  0.624816647748E-04  0.677217108153E-04  0.730276685210E-04  0.784003669585E-04
  0.838406456230E-04  0.893493545690E-04  0.949273545435E-04  0.100575517120E-03
  0.106294724837E-03  0.112085871330E-03  0.117949861479E-03  0.123887611544E-03
  0.129900049310E-03  0.135988114233E-03  0.142152757586E-03  0.148394942607E-03
  0.154715644649E-03  0.161115851336E-03  0.167596562712E-03  0.174158791402E-03
  0.180803562768E-03  0.187531915069E-03  0.194344899623E-03  0.201243580973E-03
  0.208229037052E-03  0.215302359352E-03  0.222464653093E-03  0.229717037400E-03
  0.237060645471E-03  0.244496624760E-03  0.252026137154E-03  0.259650359155E-03
  0.267370482063E-03  0.275187712163E-03  0.283103270913E-03  0.291118395135E-03
  0.299234337209E-03  0.307452365267E-03  0.315773763392E-03  0.324199831821E-03
  0.332731887143E-03  0.341371262509E-03  0.350119307840E-03  0.358977390035E-03
  0.367946893187E-03  0.377029218801E-03  0.386225786007E-03  0.395538031788E-03
  0.404967411201E-03  0.414515397606E-03  0.424183482896E-03  0.433973177728E-03
  0.443886011762E-03  0.453923533898E-03  0.464087312520E-03  0.474378935739E-03
  0.484800011642E-03  0.495352168544E-03  0.506037055239E-03  0.516856341264E-03
  0.527811717154E-03  0.538904894709E-03  0.550137607260E-03  0.561511609941E-03
  0.573028679965E-03  0.584690616895E-03  0.596499242934E-03  0.608456403203E-03
  0.620563966033E-03  0.632823823255E-03  0.645237890498E-03  0.657808107484E-03
  0.670536438335E-03  0.683424871878E-03  0.696475421959E-03  0.709690127751E-03
  0.723071054080E-03  0.736620291742E-03  0.750339957833E-03  0.764232196080E-03
  0.778299177172E-03  0.792543099104E-03  0.806966187518E-03  0.821570696051E-03
  0.836358906686E-03  0.851333130112E-03  0.866495706082E-03  0.881849003779E-03
  0.897395422187E-03  0.913137390466E-03  0.929077368330E-03  0.945217846433E-03
  0.961561346757E-03  0.978110423009E-03  0.994867661014E-03  0.101183567913E-02
  0.102901712863E-02  0.104641469417E-02  0.106403109413E-02  0.108186908114E-02
  0.109993144240E-02  0.111822100019E-02  0.113674061230E-02  0.115549317246E-02
  0.117448161078E-02  0.119370889425E-02  0.121317802718E-02  0.123289205165E-02
  0.125285404803E-02  0.127306713541E-02  0.129353447213E-02  0.131425925625E-02
  0.133524472606E-02  0.135649416059E-02  0.137801088010E-02  0.139979824663E-02
  0.142185966449E-02  0.144419858082E-02  0.146681848614E-02  0.148972291483E-02
  0.151291544577E-02  0.153639970284E-02  0.156017935550E-02  0.158425811936E-02
  0.160863975679E-02  0.163332807747E-02  0.165832693899E-02  0.168364024748E-02
  0.170927195819E-02  0.173522607613E-02  0.176150665669E-02  0.178811780626E-02
  0.181506368288E-02  0.184234849691E-02  0.186997651165E-02  0.189795204403E-02
  0.192627946529E-02  0.195496320164E-02  0.198400773499E-02  0.201341760358E-02
  0.204319740279E-02  0.207335178576E-02  0.210388546417E-02  0.213480320898E-02
  0.216610985114E-02  0.219781028238E-02  0.222990945596E-02  0.226241238744E-02
  0.229532415547E-02  0.232864990257E-02  0.236239483598E-02  0.239656422839E-02
  0.243116341885E-02  0.246619781355E-02  0.250167288668E-02  0.253759418131E-02
  0.257396731019E-02  0.261079795672E-02  0.264809187575E-02  0.268585489453E-02
  0.272409291361E-02  0.276281190777E-02  0.280201792691E-02  0.284171709707E-02
  0.288191562132E-02  0.292261978075E-02  0.296383593548E-02  0.300557052562E-02
  0.304783007228E-02  0.309062117859E-02  0.313395053077E-02  0.317782489910E-02
  0.322225113904E-02  0.326723619229E-02  0.331278708786E-02  0.335891094316E-02
  0.340561496513E-02  0.345290645138E-02  0.350079279131E-02  0.354928146723E-02
  0.359838005562E-02  0.364809622822E-02  0.369843775329E-02  0.374941249680E-02
  0.380102842364E-02  0.385329359892E-02  0.390621618917E-02  0.395980446366E-02
  0.401406679567E-02  0.406901166379E-02  0.412464765327E-02  0.418098345734E-02
  0.423802787860E-02  0.429578983035E-02  0.435427833801E-02  0.441350254052E-02
  0.447347169180E-02  0.453419516214E-02  0.459568243971E-02  0.465794313203E-02
  0.472098696744E-02  0.478482379668E-02  0.484946359439E-02  0.491491646065E-02
  0.498119262263E-02  0.504830243609E-02  0.511625638710E-02  0.518506509358E-02
  0.525473930704E-02  0.532528991422E-02  0.539672793880E-02  0.546906454310E-02
  0.554231102988E-02  0.561647884404E-02  0.569157957445E-02  0.576762495577E-02
  0.584462687023E-02  0.592259734953E-02  0.600154857674E-02  0.608149288813E-02
  0.616244277516E-02  0.624441088643E-02  0.632741002961E-02  0.641145317350E-02
  0.649655344999E-02  0.658272415619E-02  0.666997875644E-02  0.675833088446E-02
  0.684779434543E-02  0.693838311821E-02  0.703011135748E-02  0.712299339597E-02
  0.721704374667E-02  0.731227710515E-02  0.740870835182E-02  0.750635255425E-02
  0.760522496955E-02  0.770534104673E-02  0.780671642914E-02  0.790936695688E-02
  0.801330866931E-02  0.811855780754E-02  0.822513081695E-02  0.833304434979E-02
  0.844231526778E-02  0.855296064472E-02  0.866499776916E-02  0.877844414715E-02
  0.889331750490E-02  0.900963579162E-02  0.912741718227E-02  0.924668008044E-02
  0.936744312119E-02  0.948972517400E-02  0.961354534568E-02  0.973892298339E-02
  0.986587767765E-02  0.999442926537E-02  0.101245978330E-01  0.102564037197E-01
  0.103898675203E-01  0.105250100888E-01  0.106618525417E-01  0.108004162606E-01
  0.109407228966E-01  0.110827943729E-01  0.112266528883E-01  0.113723209210E-01
  0.115198212321E-01  0.116691768687E-01  0.118204111679E-01  0.119735477604E-01
  0.121286105741E-01  0.122856238379E-01  0.124446120855E-01  0.126056001590E-01
  0.127686132132E-01  0.129336767191E-01  0.131008164684E-01  0.132700585770E-01
  0.134414294892E-01  0.136149559821E-01  0.137906651696E-01  0.139685845066E-01
  0.141487417933E-01  0.143311651798E-01  0.145158831700E-01  0.147029246265E-01
  0.148923187748E-01  0.150840952083E-01  0.152782838924E-01  0.154749151694E-01
  0.156740197634E-01  0.158756287849E-01  0.160797737357E-01  0.162864865138E-01
  0.164957994187E-01  0.167077451557E-01  0.169223568420E-01  0.171396680109E-01
  0.173597126178E-01  0.175825250452E-01  0.178081401079E-01  0.180365930587E-01
  0.182679195939E-01  0.185021558587E-01  0.187393384531E-01  0.189795044371E-01
  0.192226913374E-01  0.194689371523E-01  0.197182803583E-01  0.199707599157E-01
  0.202264152750E-01  0.204852863828E-01  0.207474136883E-01  0.210128381494E-01
  0.212816012393E-01  0.215537449526E-01  0.218293118125E-01  0.221083448767E-01
  0.223908877448E-01  0.226769845647E-01  0.229666800396E-01  0.232600194350E-01
  0.235570485857E-01  0.238578139033E-01  0.241623623828E-01  0.244707416105E-01
  0.247829997715E-01  0.250991856566E-01  0.254193486705E-01  0.257435388394E-01
  0.260718068187E-01  0.264042039008E-01  0.267407820234E-01  0.270815937777E-01
  0.274266924162E-01  0.277761318611E-01  0.281299667131E-01  0.284882522597E-01
  0.288510444837E-01  0.292184000721E-01  0.295903764249E-01  0.299670316643E-01
  0.303484246434E-01  0.307346149555E-01  0.311256629438E-01  0.315216297103E-01
  0.319225771255E-01  0.323285678384E-01  0.327396652857E-01  0.331559337024E-01
  0.335774381313E-01  0.340042444331E-01  0.344364192973E-01  0.348740302521E-01
  0.353171456751E-01  0.357658348040E-01  0.362201677474E-01  0.366802154956E-01
  0.371460499322E-01  0.376177438446E-01  0.380953709361E-01  0.385790058368E-01
  0.390687241156E-01  0.395646022921E-01  0.400667178482E-01  0.405751492405E-01
  0.410899759124E-01  0.416112783067E-01  0.421391378779E-01  0.426736371051E-01
  0.432148595049E-01  0.437628896445E-01  0.443178131546E-01  0.448797167432E-01
  0.454486882089E-01  0.460248164545E-01  0.466081915014E-01  0.471989045031E-01
  0.477970477596E-01  0.484027147320E-01  0.490160000572E-01  0.496369995621E-01
  0.502658102791E-01  0.509025304613E-01  0.515472595975E-01  0.522000984278E-01
  0.528611489598E-01  0.535305144838E-01  0.542082995896E-01  0.548946101825E-01
  0.555895535000E-01  0.562932381283E-01  0.570057740196E-01  0.577272725091E-01
  0.584578463324E-01  0.591976096431E-01  0.599466780308E-01  0.607051685389E-01
  0.614731996830E-01  0.622508914698E-01  0.630383654149E-01  0.638357445629E-01
  0.646431535059E-01  0.654607184032E-01  0.662885670009E-01  0.671268286520E-01
  0.679756343368E-01  0.688351166827E-01  0.697054099856E-01  0.705866502307E-01
  0.714789751135E-01  0.723825240616E-01  0.732974382563E-01  0.742238606549E-01
  0.751619360128E-01  0.761118109060E-01  0.770736337546E-01  0.780475548453E-01
  0.790337263553E-01  0.800323023758E-01  0.810434389363E-01  0.820672940291E-01
  0.831040276336E-01  0.841538017414E-01  0.852167803821E-01  0.862931296480E-01
  0.873830177210E-01  0.884866148983E-01  0.896040936193E-01  0.907356284922E-01
  0.918813963216E-01  0.930415761362E-01  0.942163492163E-01  0.954058991227E-01
  0.966104117250E-01  0.978300752306E-01  0.990650802146E-01  0.100315619649    
  0.101581888933      0.102864085924      0.104162410967      0.105477066929    
  0.106808259228      0.108156195864      0.109521087456      0.110903147271    
  0.112302591258      0.113719638083      0.115154509164      0.116607428700    
  0.118078623715      0.119568324085      0.121076762578      0.122604174893    
  0.124150799689      0.125716878630      0.127302656419      0.128908380837    
  0.130534302782      0.132180676307      0.133847758662      0.135535810332    
  0.137245095078      0.138975879979      0.140728435474      0.142503035403    
  0.144299957052      0.146119481193      0.147961892129      0.149827477743    
  0.151716529534      0.153629342673      0.155566216038      0.157527452271    
  0.159513357819      0.161524242984      0.163560421971      0.165622212936    
  0.167709938039      0.169823923491      0.171964499606      0.174132000855    
  0.176326765913      0.178549137716      0.180799463516      0.183078094930    
  0.185385387999      0.187721703242      0.190087405712      0.192482865057    
  0.194908455571      0.197364556258      0.199851550888      0.202369828060    
  0.204919781258      0.207501808920      0.210116314492      0.212763706495    
  0.215444398590      0.218158809641      0.220907363780      0.223690490473    
  0.226508624591      0.229362206473      0.232251681996      0.235177502646    
  0.238140125590      0.241140013743      0.244177635844      0.247253466527    
  0.250367986398      0.253521682105      0.256715046422      0.259948578316    
  0.263222783035      0.266538172179      0.269895263785      0.273294582405    
  0.276736659190      0.280222031970      0.283751245344      0.287324850756    
  0.290943406591      0.294607478256      0.298317638268      0.302074466348    
  0.305878549508      0.309730482144      0.313630866128      0.317580310902    
  0.321579433577      0.325628859022      0.329729219969      0.333881157107    
  0.338085319185      0.342342363113      0.346652954061      0.351017765569    
  0.355437479646      0.359912786883      0.364444386555      0.369032986734    
  0.373679304398      0.378384065544      0.383148005299      0.387971868040    
  0.392856407505      0.397802386913      0.402810579083      0.407881766555    
  0.413016741714      0.418216306908      0.423481274582      0.428812467396    
  0.434210718360      0.439676870963      0.445211779301      0.450816308216    
  0.456491333426      0.462237741666      0.468056430823      0.473948310080    
  0.479914300055      0.485955332945      0.492072352675      0.498266315041    
  0.504538187862      0.510888951132      0.517319597170      0.523831130778    
  0.530424569395      0.537100943260      0.543861295571      0.550706682646    
  0.557638174090      0.564656852963      0.571763815949      0.578960173524    
  0.586247050134      0.593625584368      0.601096929138      0.608662251856    
  0.616322734619      0.624079574393      0.631933983201      0.639887188309    
  0.647940432422      0.656094973876      0.664352086834      0.672713061488    
  0.681179204256      0.689751837991      0.698432302183      0.707221953174    
  0.716122164364      0.725134326429      0.734259847538      0.743500153572    
  0.752856688347      0.762330913842      0.771924310424      0.781638377079    
  0.791474631650      0.801434611074      0.811519871616      0.821731989118    
  0.832072559246      0.842543197735      0.853145540642      0.863881244605    
  0.874751987101      0.885759466704      0.896905403356      0.908191538632    
  0.919619636014      0.931191481165      0.942908882209      0.954773670015    
  0.966787698479      0.978952844818      0.991271009860       1.00374411834    
   1.01637411922       1.02916298595       1.04211271682       1.05522533525    
   1.06850289012       1.08194745607       1.09556113383       1.10934605059    
   1.12330436025       1.13743824384       1.15174990979       1.16624159434    
   1.18091556184       1.19577410514       1.21081954589       1.22605423500    
   1.24148055290       1.25710091000       1.27291774700       1.28893353532    
   1.30515077746       1.32157200739       1.33819979097       1.35503672631    
   1.37208544423       1.38934860863       1.40682891690       1.42452910038    
   1.44245192476       1.46060019052       1.47897673336       1.49758442465    
   1.51642617189       1.53550491913       1.55482364747       1.57438537549    
   1.59419315977       1.61425009530       1.63455931602       1.65512399529    
   1.67594734638       1.69703262299       1.71838311972       1.74000217265    
   1.76189315978       1.78405950163       1.80650466174       1.82923214721    
   1.85224550926       1.87554834376       1.89914429184       1.92303704040    
   1.94723032275       1.97172791913       1.99653365733       2.02165141331    
   2.04708511177       2.07283872677       2.09891628237       2.12532185324    
   2.15205956531       2.17913359638       2.20654817685       2.23430759029    
   2.26241617416       2.29087832050       2.31969847656       2.34888114556    
   2.37843088735       2.40835231913       2.43865011619       2.46932901263    
   2.50039380207       2.53184933847       2.56370053680       2.59595237390    
   2.62860988916       2.66167818539       2.69516242958       2.72906785372    
   2.76339975559       2.79816349963       2.83336451774       2.86900831014    
   2.90510044627       2.94164656557       2.97865237847       3.01612366719    
   3.05406628671       3.09248616562       3.13138930712       3.17078178989    
   3.21066976911       3.25105947734       3.29195722555       3.33336940411    
   3.37530248375       3.41776301660       3.46075763720       3.50429306356    
   3.54837609817       3.59301362909       3.63821263103       3.68398016643    
   3.73032338655       3.77724953263       3.82476593695       3.87288002407    
   3.92159931190       3.97093141293       4.02088403540       4.07146498451    
   4.12268216364       4.17454357558       4.22705732377       4.28023161360    
   4.33407475366       4.38859515705       4.44380134268       4.49970193665    
   4.55630567353       4.61362139778       4.67165806508       4.73042474379    
   4.78993061632       4.85018498058       4.91119725145       4.97297696220    
   5.03553376606       5.09887743764       5.16301787452       5.22796509879    
   5.29372925856       5.36032062963       5.42774961704       5.49602675669    
   5.56516271704       5.63516830072       5.70605444624       5.77783222970    
   5.85051286653       5.92410771324       5.99862826915       6.07408617827    
   6.15049323104       6.22786136622       6.30620267274       6.38552939159    
   6.46585391773       6.54718880202       6.62954675322       6.71294063991    
   6.79738349257       6.88288850556       6.96946903921       7.05713862191    
   7.14591095220       7.23579990095       7.32681951349       7.41898401181    
   7.51230779680       7.60680545051       7.70249173837       7.79938161157    
   7.89749020934       7.99683286135       8.09742509010       8.19928261332    
   8.30242134647       8.40685740517       8.51260710777       8.61968697788    
   8.72811374695       8.83790435688       8.94907596268       9.06164593514    
   9.17563186353       9.29105155841       9.40792305432       9.52626461268    
   9.64609472460       9.76743211377       9.89029573941       10.0147047992    
   10.1406787324       10.2682372225       10.3974002009       10.5281878496    
   10.6606206044       10.7947191582       10.9305044642       11.0679977390    
   11.2072204663       11.3481944000       11.4909415675       11.6354842733    
   11.7818451025       11.9300469243       12.0801128955       12.2320664643    
   12.3859313737       12.5417316654       12.6994916835       12.8592360783    
   13.0209898103       13.1847781538       13.3506267010       13.5185613661    
   13.6886083893       13.8607943407       14.0351461247       14.2116909843    
   14.3904565047       14.5714706186       14.7547616098       14.9403581178    
   15.1282891426       15.3185840486       15.5112725698       15.7063848143    
   15.9039512687       16.1040028031       16.3065706761       16.5116865393    
   16.7193824424       16.9296908384       17.1426445883       17.3582769667    
   17.5766216664       17.7977128044       18.0215849266       18.2482730134    
   18.4778124853       18.7102392084       18.9455894997       19.1839001333    
   19.4252083456       19.6695518415       19.9169688003       20.1674978813    
   20.4211782302       20.6780494851       20.9381517827       21.2015257643    
   21.4682125829       21.7382539086       22.0116919361       22.2885693906    
   22.5689295347       22.8528161753       23.1402736703       23.4313469354    
   23.7260814515       24.0245232714       24.3267190273       24.6327159378    
   24.9425618157       25.2563050749       25.5739947385       25.8956804461    
   26.2214124619       26.5512416820       26.8852196429       27.2233985295    
   27.5658311828       27.9125711086       28.2636724858       28.6191901747    
   28.9791797255       29.3436973875       29.7128001173       30.0865455878    
   30.4649921976       30.8481990798       31.2362261111       31.6291339217    
   32.0269839041       32.4298382233       32.8377598260       33.2508124508    
   33.6690606380       34.0925697398       34.5214059303       34.9556362160    
   35.3953284463       35.8405513241       36.2913744162       36.7478681648    
   37.2101038979       37.6781538407       38.1520911270       38.6319898106    
   39.1179248764       39.6099722530       40.1082088236       40.6127124388    
   41.1235619283       41.6408371133       42.1646188192       42.6949888878    
   43.2320301907       43.7758266416       44.3264632098       44.8840259334    
   45.4486019326       46.0202794238       46.5991477325       47.1852973082    
   47.7788197380       48.3798077608       48.9883552824       49.6045573895    
   50.2285103650       50.8603117027       51.5000601229       52.1478555876    
   52.8037993162       53.4679938012       54.1405428243       54.8215514727    
   55.5111261554       56.2093746198       56.9164059688       57.6323306772    
   58.3572606099       59.0913090387       59.8345906600       60.5872216132    
   61.3493194984       62.1210033949       62.9023938799       63.6936130472    
   64.4947845265       65.3060335024       66.1274867342       66.9592725757    
   67.8015209952       68.6543635955       69.5179336352       70.3923660487    
   71.2777974680       72.1743662435       73.0822124659       74.0014779880    
   74.9323064470       75.8748432865       76.8292357801       77.7956330534    
   78.7741861080       79.7650478447       80.7683730878       81.7843186088    
   82.8130431513       83.8547074556       84.9094742840       85.9775084457    
   87.0589768234       88.1540483987       89.2628942787       90.3856877229    
   91.5226041700       92.6738212655       93.8395188895       95.0198791846    
   96.2150865844       97.4253278426       98.6507920619       99.8916707234    
   101.148157717       102.420449371       103.708744485       105.013244356    
   106.334152815       107.671676257       109.026023674       110.397406683    
   111.786039568       113.192139303       114.615925596       116.057620916    
   117.517450531       118.995642542    
Down potential follows (l on next line)
 1
  -13.9712062234      -14.0712087620      -13.9320754599      -14.0259798781    
  -13.9945496197      -14.0047557744      -13.9968138581      -14.0024789624    
  -14.0018697001      -14.0032161276      -14.0043482725      -14.0057026917    
  -14.0071240590      -14.0086658064      -14.0102754508      -14.0119491470    
  -14.0136629439      -14.0154013135      -14.0171472427      -14.0188859756    
  -14.0206040751      -14.0222899140      -14.0239335690      -14.0255268457    
  -14.0270631784      -14.0285375224      -14.0299462119      -14.0312868074    
  -14.0325579381      -14.0337591461      -14.0348907388      -14.0359536514    
  -14.0369493231      -14.0378795859      -14.0387465688      -14.0395526148    
  -14.0403002109      -14.0409919295      -14.0416303807      -14.0422181733    
  -14.0427578841      -14.0432520340      -14.0437030697      -14.0441133505    
  -14.0444851391      -14.0448205952      -14.0451217723      -14.0453906164    
  -14.0456289663      -14.0458385554      -14.0460210139      -14.0461778727    
  -14.0463105668      -14.0464204395      -14.0465087472      -14.0465766631    
  -14.0466252824      -14.0466556266      -14.0466686474      -14.0466652314    
  -14.0466462038      -14.0466123327      -14.0465643321      -14.0465028661    
  -14.0464285518      -14.0463419626      -14.0462436308      -14.0461340507    
  -14.0460136810      -14.0458829472      -14.0457422440      -14.0455919369    
  -14.0454323647      -14.0452638412      -14.0450866565      -14.0449010789    
  -14.0447073565      -14.0445057179      -14.0442963744      -14.0440795202    
  -14.0438553342      -14.0436239806      -14.0433856101      -14.0431403604    
  -14.0428883576      -14.0426297161      -14.0423645403      -14.0420929243    
  -14.0418149531      -14.0415307030      -14.0412402419      -14.0409436302    
  -14.0406409210      -14.0403321602      -14.0400173875      -14.0396966365    
  -14.0393699348      -14.0390373047      -14.0386987632      -14.0383543222    
  -14.0380039893      -14.0376477673      -14.0372856550      -14.0369176469    
  -14.0365437339      -14.0361639030      -14.0357781380      -14.0353864190    
  -14.0349887230      -14.0345850239      -14.0341752927      -14.0337594974    
  -14.0333376034      -14.0329095732      -14.0324753671      -14.0320349424    
  -14.0315882546      -14.0311352563      -14.0306758983      -14.0302101287    
  -14.0297378939      -14.0292591380      -14.0287738031      -14.0282818291    
  -14.0277831543      -14.0272777147      -14.0267654447      -14.0262462768    
  -14.0257201414      -14.0251869675      -14.0246466820      -14.0240992102    
  -14.0235444756      -14.0229824000      -14.0224129035      -14.0218359046    
  -14.0212513199      -14.0206590645      -14.0200590518      -14.0194511935    
  -14.0188353997      -14.0182115788      -14.0175796376      -14.0169394813    
  -14.0162910134      -14.0156341357      -14.0149687483      -14.0142947500    
  -14.0136120375      -14.0129205061      -14.0122200493      -14.0115105592    
  -14.0107919258      -14.0100640377      -14.0093267818      -14.0085800430    
  -14.0078237050      -14.0070576491      -14.0062817555      -14.0054959022    
  -14.0046999656      -14.0038938203      -14.0030773391      -14.0022503929    
  -14.0014128508      -14.0005645802      -13.9997054465      -13.9988353130    
  -13.9979540415      -13.9970614916      -13.9961575211      -13.9952419857    
  -13.9943147391      -13.9933756332      -13.9924245177      -13.9914612403    
  -13.9904856464      -13.9894975798      -13.9884968816      -13.9874833912    
  -13.9864569456      -13.9854173796      -13.9843645259      -13.9832982148    
  -13.9822182745      -13.9811245306      -13.9800168067      -13.9788949239    
  -13.9777587008      -13.9766079537      -13.9754424964      -13.9742621403    
  -13.9730666942      -13.9718559643      -13.9706297544      -13.9693878657    
  -13.9681300964      -13.9668562425      -13.9655660970      -13.9642594503    
  -13.9629360898      -13.9615958004      -13.9602383639      -13.9588635593    
  -13.9574711628      -13.9560609475      -13.9546326835      -13.9531861379    
  -13.9517210748      -13.9502372550      -13.9487344364      -13.9472123734    
  -13.9456708175      -13.9441095167      -13.9425282158      -13.9409266561    
  -13.9393045756      -13.9376617088      -13.9359977868      -13.9343125371    
  -13.9326056837      -13.9308769467      -13.9291260429      -13.9273526852    
  -13.9255565826      -13.9237374405      -13.9218949604      -13.9200288398    
  -13.9181387722      -13.9162244473      -13.9142855506      -13.9123217633    
  -13.9103327628      -13.9083182220      -13.9062778096      -13.9042111901    
  -13.9021180233      -13.8999979650      -13.8978506661      -13.8956757732    
  -13.8934729281      -13.8912417682      -13.8889819260      -13.8866930292    
  -13.8843747008      -13.8820265586      -13.8796482158      -13.8772392805    
  -13.8747993555      -13.8723280386      -13.8698249226      -13.8672895946    
  -13.8647216367      -13.8621206255      -13.8594861321      -13.8568177222    
  -13.8541149557      -13.8513773871      -13.8486045650      -13.8457960322    
  -13.8429513257      -13.8400699766      -13.8371515100      -13.8341954449    
  -13.8312012941      -13.8281685642      -13.8250967558      -13.8219853629    
  -13.8188338730      -13.8156417674      -13.8124085206      -13.8091336006    
  -13.8058164687      -13.8024565793      -13.7990533801      -13.7956063118    
  -13.7921148081      -13.7885782957      -13.7849961942      -13.7813679157    
  -13.7776928654      -13.7739704408      -13.7702000323      -13.7663810225    
  -13.7625127866      -13.7585946920      -13.7546260986      -13.7506063582    
  -13.7465348149      -13.7424108048      -13.7382336562      -13.7340026889    
  -13.7297172148      -13.7253765376      -13.7209799525      -13.7165267466    
  -13.7120161982      -13.7074475775      -13.7028201457      -13.6981331556    
  -13.6933858512      -13.6885774679      -13.6837072320      -13.6787743610    
  -13.6737780634      -13.6687175388      -13.6635919776      -13.6584005610    
  -13.6531424610      -13.6478168405      -13.6424228529      -13.6369596424    
  -13.6314263437      -13.6258220819      -13.6201459730      -13.6143971229    
  -13.6085746283      -13.6026775762      -13.5967050439      -13.5906560989    
  -13.5845297991      -13.5783251926      -13.5720413178      -13.5656772032    
  -13.5592318674      -13.5527043193      -13.5460935579      -13.5393985724    
  -13.5326183421      -13.5257518363      -13.5187980148      -13.5117558271    
  -13.5046242132      -13.4974021033      -13.4900884175      -13.4826820665    
  -13.4751819509      -13.4675869621      -13.4598959813      -13.4521078804    
  -13.4442215219      -13.4362357584      -13.4281494336      -13.4199613813    
  -13.4116704266      -13.4032753849      -13.3947750631      -13.3861682585    
  -13.3774537601      -13.3686303477      -13.3596967929      -13.3506518585    
  -13.3414942990      -13.3322228609      -13.3228362824      -13.3133332940    
  -13.3037126186      -13.2939729713      -13.2841130601      -13.2741315858    
  -13.2640272425      -13.2537987174      -13.2434446914      -13.2329638392    
  -13.2223548295      -13.2116163254      -13.2007469848      -13.1897454601    
  -13.1786103993      -13.1673404458      -13.1559342387      -13.1443904135    
  -13.1327076023      -13.1208844337      -13.1089195340      -13.0968115270    
  -13.0845590344      -13.0721606767      -13.0596150730      -13.0469208419    
  -13.0340766016      -13.0210809707      -13.0079325685      -12.9946300155    
  -12.9811719338      -12.9675569478      -12.9537836847      -12.9398507748    
  -12.9257568524      -12.9115005562      -12.8970805297      -12.8824954222    
  -12.8677438889      -12.8528245922      -12.8377362013      -12.8224773940    
  -12.8070468564      -12.7914432842      -12.7756653828      -12.7597118687    
  -12.7435814693      -12.7272729245      -12.7107849865      -12.6941164215    
  -12.6772660095      -12.6602325454      -12.6430148401      -12.6256117204    
  -12.6080220307      -12.5902446329      -12.5722784076      -12.5541222548    
  -12.5357750945      -12.5172358676      -12.4985035366      -12.4795770862    
  -12.4604555243      -12.4411378824      -12.4216232167      -12.4019106086    
  -12.3819991653      -12.3618880206      -12.3415763358      -12.3210633001    
  -12.3003481312      -12.2794300762      -12.2583084120      -12.2369824460    
  -12.2154515168      -12.1937149942      -12.1717722805      -12.1496228105    
  -12.1272660519      -12.1047015060      -12.0819287081      -12.0589472276    
  -12.0357566684      -12.0123566694      -11.9887469045      -11.9649270829    
  -11.9408969489      -11.9166562827      -11.8922048997      -11.8675426509    
  -11.8426694227      -11.8175851368      -11.7922897499      -11.7667832535    
  -11.7410656737      -11.7151370707      -11.6889975381      -11.6626472029    
  -11.6360862245      -11.6093147938      -11.5823331333      -11.5551414953    
  -11.5277401616      -11.5001294422      -11.4723096746      -11.4442812222    
  -11.4160444735      -11.3875998404      -11.3589477571      -11.3300886786    
  -11.3010230792      -11.2717514508      -11.2422743012      -11.2125921526    
  -11.1827055395      -11.1526150071      -11.1223211090      -11.0918244060    
  -11.0611254630      -11.0302248481      -10.9991231296      -10.9678208745    
  -10.9363186461      -10.9046170021      -10.8727164924      -10.8406176570    
  -10.8083210243      -10.7758271086      -10.7431364090      -10.7102494067    
  -10.6771665641      -10.6438883229      -10.6104151029      -10.5767473006    
  -10.5428852884      -10.5088294138      -10.4745799991      -10.4401373409    
  -10.4055017105      -10.3706733545      -10.3356524953      -10.3004393333    
  -10.2650340478      -10.2294368000      -10.1936477359      -10.1576669896    
  -10.1214946873      -10.0851309529      -10.0485759127      -10.0118297020    
  -9.97489247247      -9.93776439962      -9.90044569162      -9.86293659891    
  -9.82523742446      -9.78734853507      -9.74927037333      -9.71100347049    
  -9.67254846001      -9.63390609180      -9.59507724711      -9.55606295377    
  -9.51686440198      -9.47748296010      -9.43792019058      -9.39817786554    
  -9.35825798195      -9.31816277594      -9.27789473599      -9.23745661456    
  -9.19685143777      -9.15608251265      -9.11515343134      -9.07406807180    
  -9.03283059434      -8.99144543330      -8.94991728315      -8.90825107838    
  -8.86645196610      -8.82452527081      -8.78247645024      -8.74031104124    
  -8.69803459499      -8.65565259995      -8.61317039199      -8.57059304972    
  -8.52792527410      -8.48517125075      -8.44233449288      -8.39941766336    
  -8.35642237357      -8.31334895702      -8.27019621513      -8.22696113303    
  -8.18363856310      -8.14022087444      -8.09669756750      -8.05305485447    
  -8.00927520840      -7.96533688773      -7.92121344769      -7.87687325730    
  -7.83227904977      -7.78738754619      -7.74214920699      -7.69650818328    
  -7.65040255962      -7.60376500003      -7.55652392754      -7.50860538058    
  -7.45993569157      -7.41044511729      -7.36007250972      -7.30877104103    
  -7.25651488246      -7.20330658243      -7.14918470105      -7.09423105429    
  -7.03857673307      -6.98240593050      -6.92595658347      -6.86951695132    
  -6.81341753770      -6.75801820051      -6.70369084467      -6.65079867778    
  -6.59967354516      -6.55059326851      -6.50376113810      -6.45928971686    
  -6.41719088529      -6.37737357119      -6.33964986450      -6.30374925231    
  -6.26933963563      -6.23605280150      -6.20351135551      -6.17135396566    
  -6.13925619378      -6.10694509505      -6.07420690974      -6.04088826922    
  -6.00689215568      -5.97217027852      -5.93671356981      -5.90054225866    
  -5.86369659318      -5.82622886106      -5.78819699692      -5.74965979630    
  -5.71067358732      -5.67129012592      -5.63155545663      -5.59150949446    
  -5.55118611603      -5.51061358834      -5.46981520139      -5.42881000508    
  -5.38761357848      -5.34623878131      -5.30469645443      -5.26299604853    
  -5.22114617003      -5.17915503974      -5.13703086516      -5.09478213084    
  -5.05241781356      -5.00994753054      -4.96738162981      -4.92473123185    
  -4.88200823146      -4.83922526810      -4.79639567245      -4.75353339554    
  -4.71065292639      -4.66776920265      -4.62489751823      -4.58205343080    
  -4.53925267141      -4.49651105800      -4.45384441376      -4.41126849108    
  -4.36879890146      -4.32645105153      -4.28424008487      -4.24218082971    
  -4.20028775193      -4.15857491314      -4.11705593342      -4.07574395839    
  -4.03465163013      -3.99379106178      -3.95317381543      -3.91281088299    
  -3.87271267007      -3.83288898237      -3.79334901480      -3.75410134299    
  -3.71515391730      -3.67651405932      -3.63818846083      -3.60018318539    
  -3.56250367260      -3.52515474524      -3.48814061932      -3.45146491749    
  -3.41513068566      -3.37914041349      -3.34349605857      -3.30819907494    
  -3.27325044587      -3.23865072137      -3.20440006064      -3.17049827948    
  -3.13694490317      -3.10373922436      -3.07088036721      -3.03836735493    
  -3.00619918545      -2.97437491033      -2.94289371548      -2.91175500996    
  -2.88095851726      -2.85050436594      -2.82039317916      -2.79062616946    
  -2.76120522705      -2.73213300197      -2.70341298284      -2.67504956438    
  -2.64704810446      -2.61941496694      -2.59215754839      -2.56528428630    
  -2.53880464656      -2.51272908855      -2.48706900632      -2.46183664475    
  -2.43704499037      -2.41270763682      -2.38883862563      -2.36545226377    
  -2.34256291979      -2.32018480126      -2.29833171655      -2.27701682462    
  -2.25625237679      -2.23604945494      -2.21641771044      -2.19736510874    
  -2.17889768388      -2.16101930777      -2.14373147821      -2.12703312987    
  -2.11092047181      -2.09538685479      -2.08042267130      -2.06601529048    
  -2.05214903012      -2.03880516682      -2.02596198546      -2.01359486828    
  -2.00167642342      -1.99017665236      -1.97906315508      -1.96830137115    
  -1.95785485453      -1.94768557924      -1.93775427229      -1.92802077011    
  -1.91844439364      -1.90898433706      -1.89960006463      -1.89025170954    
  -1.88090046862      -1.87150898635      -1.86204172193      -1.85246529300    
  -1.84274879010      -1.83286405661      -1.82278592925      -1.81249243539    
  -1.80196494426      -1.79118827009      -1.78015072667      -1.76884413344    
  -1.75726377487      -1.74540831545      -1.73327967382      -1.72088286015    
  -1.70822578173      -1.69531902180      -1.68217559728      -1.66881070086    
  -1.65524143297      -1.64148652885      -1.62756608556      -1.61350129339    
  -1.59931417553      -1.58502733926      -1.57066374148      -1.55624647057    
  -1.54179854622      -1.52734273818      -1.51290140452      -1.49849634941    
  -1.48414870024      -1.46987880332      -1.45570613753      -1.44164924475    
  -1.42772567579      -1.41395195083      -1.40034353274      -1.38691481213    
  -1.37367910268      -1.36064864554      -1.34783462155      -1.33524717003    
  -1.32289541317      -1.31078748497      -1.29893056380      -1.28733090780    
  -1.27599389241      -1.26492404934      -1.25412510646      -1.24360002813    
  -1.23335105558      -1.22337974693      -1.21368701668      -1.20427317435    
  -1.19513796211      -1.18628059138      -1.17769977805      -1.16939377657    
  -1.16136041256      -1.15359711418      -1.14610094208      -1.13886861805    
  -1.13189655236      -1.12518086978      -1.11871743447      -1.11250187363    
  -1.10652960001      -1.10079583339      -1.09529562105      -1.09002385724    
  -1.08497530176      -1.08014459766      -1.07552628813      -1.07111483265    
  -1.06690462233      -1.06288999461      -1.05906524724      -1.05542465170    
  -1.05196246590      -1.04867294636      -1.04555035978      -1.04258899406    
  -1.03978316878      -1.03712724510      -1.03461563521      -1.03224281116    
  -1.03000331326      -1.02789175792      -1.02590284501      -1.02403136467    
  -1.02227220370      -1.02062035136      -1.01907090473      -1.01761907359    
  -1.01626018476      -1.01498968602      -1.01380314953      -1.01269627472    
  -1.01166489085      -1.01070495900      -1.00981257369      -1.00898396403    
  -1.00821549445      -1.00750366510      -1.00684511176      -1.00623660533    
  -1.00567505164      -1.00515748859      -1.00468108862      -1.00456883888    
  -1.00462631120      -1.00468448971      -1.00474340832      -1.00480307869    
  -1.00486349598      -1.00492467374      -1.00498662066      -1.00504934662    
  -1.00511286146      -1.00517717513      -1.00524229770      -1.00530823937    
  -1.00537501046      -1.00544262139      -1.00551108276      -1.00558040525    
  -1.00565059971      -1.00572167710      -1.00579364852      -1.00586652524    
  -1.00594031863      -1.00601504022      -1.00609070170      -1.00616731488    
  -1.00624489173      -1.00632344438      -1.00640298510      -1.00648352632    
  -1.00656508063      -1.00664766076      -1.00673127962      -1.00681595028    
  -1.00690168596      -1.00698850007      -1.00707640616      -1.00716541797    
  -1.00725554942      -1.00734681458      -1.00743922771      -1.00753280326    
  -1.00762755584      -1.00772350027      -1.00782065152      -1.00791902479    
  -1.00801863544      -1.00811949904      -1.00822163135      -1.00832504832    
  -1.00842976612      -1.00853580111      -1.00864316985      -1.00875188913    
  -1.00886197593      -1.00897344744      -1.00908632110      -1.00920061453    
  -1.00931634560      -1.00943353238      -1.00955219320      -1.00967234658    
  -1.00979401130      -1.00991720638      -1.01004195106      -1.01016826484    
  -1.01029616745      -1.01042567888      -1.01055681935      -1.01068960938    
  -1.01082406969      -1.01096022131      -1.01109808551      -1.01123768382    
  -1.01137903807      -1.01152217033      -1.01166710297      -1.01181385864    
  -1.01196246027      -1.01211293108      -1.01226529458      -1.01241957458    
  -1.01257579518      -1.01273398079      -1.01289415613      -1.01305634623    
  -1.01322057643      -1.01338687240      -1.01355526010      -1.01372576587    
  -1.01389841633      -1.01407323847      -1.01425025960      -1.01442950739    
  -1.01461100983      -1.01479479529      -1.01498089249      -1.01516933050    
  -1.01536013877      -1.01555334711      -1.01574898572      -1.01594708516    
  -1.01614767638      -1.01635079072      -1.01655645993      -1.01676471615    
  -1.01697559190      -1.01718912014      -1.01740533424      -1.01762426797    
  -1.01784595556      -1.01807043163      -1.01829773126      -1.01852788997    
  -1.01876094372      -1.01899692892      -1.01923588245      -1.01947784165    
  -1.01972284432      -1.01997092874      -1.02022213369      -1.02047649840    
  -1.02073406262      -1.02099486661      -1.02125895110      -1.02152635737    
  -1.02179712720      -1.02207130289      -1.02234892728      -1.02263004376    
  -1.02291469626      -1.02320292923      -1.02349478774      -1.02379031737    
  -1.02408956431      -1.02439257531      -1.02469939771      -1.02501007947    
  -1.02532466913      -1.02564321584      -1.02596576937      -1.02629238012    
  -1.02662309913      -1.02695797808      -1.02729706928      -1.02764042573    
  -1.02798810106      -1.02834014962      -1.02869662640      -1.02905758711    
  -1.02942308814      -1.02979318661      -1.03016794035      -1.03054740791    
  -1.03093164858      -1.03132072240      -1.03171469018      -1.03211361345    
  -1.03251755457      -1.03292657663      -1.03334074356      -1.03376012007    
  -1.03418477169      -1.03461476477      -1.03505016649      -1.03549104489    
  -1.03593746886      -1.03638950816      -1.03684723341      -1.03731071613    
  -1.03778002874      -1.03825524459      -1.03873643791      -1.03922368390    
  -1.03971705869      -1.04021663937      -1.04072250400      -1.04123473163    
  -1.04175340228      -1.04227859701    
Up potential follows (l on next line)
 1
  -13.9712062234      -14.0712087620      -13.9320754599      -14.0259798781    
  -13.9945496197      -14.0047557744      -13.9968138581      -14.0024789624    
  -14.0018697001      -14.0032161276      -14.0043482725      -14.0057026917    
  -14.0071240590      -14.0086658064      -14.0102754508      -14.0119491470    
  -14.0136629439      -14.0154013135      -14.0171472427      -14.0188859756    
  -14.0206040751      -14.0222899140      -14.0239335690      -14.0255268457    
  -14.0270631784      -14.0285375224      -14.0299462119      -14.0312868074    
  -14.0325579381      -14.0337591461      -14.0348907388      -14.0359536514    
  -14.0369493231      -14.0378795859      -14.0387465688      -14.0395526148    
  -14.0403002109      -14.0409919295      -14.0416303807      -14.0422181733    
  -14.0427578841      -14.0432520340      -14.0437030697      -14.0441133505    
  -14.0444851391      -14.0448205952      -14.0451217723      -14.0453906164    
  -14.0456289663      -14.0458385554      -14.0460210139      -14.0461778727    
  -14.0463105668      -14.0464204395      -14.0465087472      -14.0465766631    
  -14.0466252824      -14.0466556266      -14.0466686474      -14.0466652314    
  -14.0466462038      -14.0466123327      -14.0465643321      -14.0465028661    
  -14.0464285518      -14.0463419626      -14.0462436308      -14.0461340507    
  -14.0460136810      -14.0458829472      -14.0457422440      -14.0455919369    
  -14.0454323647      -14.0452638412      -14.0450866565      -14.0449010789    
  -14.0447073565      -14.0445057179      -14.0442963744      -14.0440795202    
  -14.0438553342      -14.0436239806      -14.0433856101      -14.0431403604    
  -14.0428883576      -14.0426297161      -14.0423645403      -14.0420929243    
  -14.0418149531      -14.0415307030      -14.0412402419      -14.0409436302    
  -14.0406409210      -14.0403321602      -14.0400173875      -14.0396966365    
  -14.0393699348      -14.0390373047      -14.0386987632      -14.0383543222    
  -14.0380039893      -14.0376477673      -14.0372856550      -14.0369176469    
  -14.0365437339      -14.0361639030      -14.0357781380      -14.0353864190    
  -14.0349887230      -14.0345850239      -14.0341752927      -14.0337594974    
  -14.0333376034      -14.0329095732      -14.0324753671      -14.0320349424    
  -14.0315882546      -14.0311352563      -14.0306758983      -14.0302101287    
  -14.0297378939      -14.0292591380      -14.0287738031      -14.0282818291    
  -14.0277831543      -14.0272777147      -14.0267654447      -14.0262462768    
  -14.0257201414      -14.0251869675      -14.0246466820      -14.0240992102    
  -14.0235444756      -14.0229824000      -14.0224129035      -14.0218359046    
  -14.0212513199      -14.0206590645      -14.0200590518      -14.0194511935    
  -14.0188353997      -14.0182115788      -14.0175796376      -14.0169394813    
  -14.0162910134      -14.0156341357      -14.0149687483      -14.0142947500    
  -14.0136120375      -14.0129205061      -14.0122200493      -14.0115105592    
  -14.0107919258      -14.0100640377      -14.0093267818      -14.0085800430    
  -14.0078237050      -14.0070576491      -14.0062817555      -14.0054959022    
  -14.0046999656      -14.0038938203      -14.0030773391      -14.0022503929    
  -14.0014128508      -14.0005645802      -13.9997054465      -13.9988353130    
  -13.9979540415      -13.9970614916      -13.9961575211      -13.9952419857    
  -13.9943147391      -13.9933756332      -13.9924245177      -13.9914612403    
  -13.9904856464      -13.9894975798      -13.9884968816      -13.9874833912    
  -13.9864569456      -13.9854173796      -13.9843645259      -13.9832982148    
  -13.9822182745      -13.9811245306      -13.9800168067      -13.9788949239    
  -13.9777587008      -13.9766079537      -13.9754424964      -13.9742621403    
  -13.9730666942      -13.9718559643      -13.9706297544      -13.9693878657    
  -13.9681300964      -13.9668562425      -13.9655660970      -13.9642594503    
  -13.9629360898      -13.9615958004      -13.9602383639      -13.9588635593    
  -13.9574711628      -13.9560609475      -13.9546326835      -13.9531861379    
  -13.9517210748      -13.9502372550      -13.9487344364      -13.9472123734    
  -13.9456708175      -13.9441095167      -13.9425282158      -13.9409266561    
  -13.9393045756      -13.9376617088      -13.9359977868      -13.9343125371    
  -13.9326056837      -13.9308769467      -13.9291260429      -13.9273526852    
  -13.9255565826      -13.9237374405      -13.9218949604      -13.9200288398    
  -13.9181387722      -13.9162244473      -13.9142855506      -13.9123217633    
  -13.9103327628      -13.9083182220      -13.9062778096      -13.9042111901    
  -13.9021180233      -13.8999979650      -13.8978506661      -13.8956757732    
  -13.8934729281      -13.8912417682      -13.8889819260      -13.8866930292    
  -13.8843747008      -13.8820265586      -13.8796482158      -13.8772392805    
  -13.8747993555      -13.8723280386      -13.8698249226      -13.8672895946    
  -13.8647216367      -13.8621206255      -13.8594861321      -13.8568177222    
  -13.8541149557      -13.8513773871      -13.8486045650      -13.8457960322    
  -13.8429513257      -13.8400699766      -13.8371515100      -13.8341954449    
  -13.8312012941      -13.8281685642      -13.8250967558      -13.8219853629    
  -13.8188338730      -13.8156417674      -13.8124085206      -13.8091336006    
  -13.8058164687      -13.8024565793      -13.7990533801      -13.7956063118    
  -13.7921148081      -13.7885782957      -13.7849961942      -13.7813679157    
  -13.7776928654      -13.7739704408      -13.7702000323      -13.7663810225    
  -13.7625127866      -13.7585946920      -13.7546260986      -13.7506063582    
  -13.7465348149      -13.7424108048      -13.7382336562      -13.7340026889    
  -13.7297172148      -13.7253765376      -13.7209799525      -13.7165267466    
  -13.7120161982      -13.7074475775      -13.7028201457      -13.6981331556    
  -13.6933858512      -13.6885774679      -13.6837072320      -13.6787743610    
  -13.6737780634      -13.6687175388      -13.6635919776      -13.6584005610    
  -13.6531424610      -13.6478168405      -13.6424228529      -13.6369596424    
  -13.6314263437      -13.6258220819      -13.6201459730      -13.6143971229    
  -13.6085746283      -13.6026775762      -13.5967050439      -13.5906560989    
  -13.5845297991      -13.5783251926      -13.5720413178      -13.5656772032    
  -13.5592318674      -13.5527043193      -13.5460935579      -13.5393985724    
  -13.5326183421      -13.5257518363      -13.5187980148      -13.5117558271    
  -13.5046242132      -13.4974021033      -13.4900884175      -13.4826820665    
  -13.4751819509      -13.4675869621      -13.4598959813      -13.4521078804    
  -13.4442215219      -13.4362357584      -13.4281494336      -13.4199613813    
  -13.4116704266      -13.4032753849      -13.3947750631      -13.3861682585    
  -13.3774537601      -13.3686303477      -13.3596967929      -13.3506518585    
  -13.3414942990      -13.3322228609      -13.3228362824      -13.3133332940    
  -13.3037126186      -13.2939729713      -13.2841130601      -13.2741315858    
  -13.2640272425      -13.2537987174      -13.2434446914      -13.2329638392    
  -13.2223548295      -13.2116163254      -13.2007469848      -13.1897454601    
  -13.1786103993      -13.1673404458      -13.1559342387      -13.1443904135    
  -13.1327076023      -13.1208844337      -13.1089195340      -13.0968115270    
  -13.0845590344      -13.0721606767      -13.0596150730      -13.0469208419    
  -13.0340766016      -13.0210809707      -13.0079325685      -12.9946300155    
  -12.9811719338      -12.9675569478      -12.9537836847      -12.9398507748    
  -12.9257568524      -12.9115005562      -12.8970805297      -12.8824954222    
  -12.8677438889      -12.8528245922      -12.8377362013      -12.8224773940    
  -12.8070468564      -12.7914432842      -12.7756653828      -12.7597118687    
  -12.7435814693      -12.7272729245      -12.7107849865      -12.6941164215    
  -12.6772660095      -12.6602325454      -12.6430148401      -12.6256117204    
  -12.6080220307      -12.5902446329      -12.5722784076      -12.5541222548    
  -12.5357750945      -12.5172358676      -12.4985035366      -12.4795770862    
  -12.4604555243      -12.4411378824      -12.4216232167      -12.4019106086    
  -12.3819991653      -12.3618880206      -12.3415763358      -12.3210633001    
  -12.3003481312      -12.2794300762      -12.2583084120      -12.2369824460    
  -12.2154515168      -12.1937149942      -12.1717722805      -12.1496228105    
  -12.1272660519      -12.1047015060      -12.0819287081      -12.0589472276    
  -12.0357566684      -12.0123566694      -11.9887469045      -11.9649270829    
  -11.9408969489      -11.9166562827      -11.8922048997      -11.8675426509    
  -11.8426694227      -11.8175851368      -11.7922897499      -11.7667832535    
  -11.7410656737      -11.7151370707      -11.6889975381      -11.6626472029    
  -11.6360862245      -11.6093147938      -11.5823331333      -11.5551414953    
  -11.5277401616      -11.5001294422      -11.4723096746      -11.4442812222    
  -11.4160444735      -11.3875998404      -11.3589477571      -11.3300886786    
  -11.3010230792      -11.2717514508      -11.2422743012      -11.2125921526    
  -11.1827055395      -11.1526150071      -11.1223211090      -11.0918244060    
  -11.0611254630      -11.0302248481      -10.9991231296      -10.9678208745    
  -10.9363186461      -10.9046170021      -10.8727164924      -10.8406176570    
  -10.8083210243      -10.7758271086      -10.7431364090      -10.7102494067    
  -10.6771665641      -10.6438883229      -10.6104151029      -10.5767473006    
  -10.5428852884      -10.5088294138      -10.4745799991      -10.4401373409    
  -10.4055017105      -10.3706733545      -10.3356524953      -10.3004393333    
  -10.2650340478      -10.2294368000      -10.1936477359      -10.1576669896    
  -10.1214946873      -10.0851309529      -10.0485759127      -10.0118297020    
  -9.97489247247      -9.93776439962      -9.90044569162      -9.86293659891    
  -9.82523742446      -9.78734853507      -9.74927037333      -9.71100347049    
  -9.67254846001      -9.63390609180      -9.59507724711      -9.55606295377    
  -9.51686440198      -9.47748296010      -9.43792019058      -9.39817786554    
  -9.35825798195      -9.31816277594      -9.27789473599      -9.23745661456    
  -9.19685143777      -9.15608251265      -9.11515343134      -9.07406807180    
  -9.03283059434      -8.99144543330      -8.94991728315      -8.90825107838    
  -8.86645196610      -8.82452527081      -8.78247645024      -8.74031104124    
  -8.69803459499      -8.65565259995      -8.61317039199      -8.57059304972    
  -8.52792527410      -8.48517125075      -8.44233449288      -8.39941766336    
  -8.35642237357      -8.31334895702      -8.27019621513      -8.22696113303    
  -8.18363856310      -8.14022087444      -8.09669756750      -8.05305485447    
  -8.00927520840      -7.96533688773      -7.92121344769      -7.87687325730    
  -7.83227904977      -7.78738754619      -7.74214920699      -7.69650818328    
  -7.65040255962      -7.60376500003      -7.55652392754      -7.50860538058    
  -7.45993569157      -7.41044511729      -7.36007250972      -7.30877104103    
  -7.25651488246      -7.20330658243      -7.14918470105      -7.09423105429    
  -7.03857673307      -6.98240593050      -6.92595658347      -6.86951695132    
  -6.81341753770      -6.75801820051      -6.70369084467      -6.65079867778    
  -6.59967354516      -6.55059326851      -6.50376113810      -6.45928971686    
  -6.41719088529      -6.37737357119      -6.33964986450      -6.30374925231    
  -6.26933963563      -6.23605280150      -6.20351135551      -6.17135396566    
  -6.13925619378      -6.10694509505      -6.07420690974      -6.04088826922    
  -6.00689215568      -5.97217027852      -5.93671356981      -5.90054225866    
  -5.86369659318      -5.82622886106      -5.78819699692      -5.74965979630    
  -5.71067358732      -5.67129012592      -5.63155545663      -5.59150949446    
  -5.55118611603      -5.51061358834      -5.46981520139      -5.42881000508    
  -5.38761357848      -5.34623878131      -5.30469645443      -5.26299604853    
  -5.22114617003      -5.17915503974      -5.13703086516      -5.09478213084    
  -5.05241781356      -5.00994753054      -4.96738162981      -4.92473123185    
  -4.88200823146      -4.83922526810      -4.79639567245      -4.75353339554    
  -4.71065292639      -4.66776920265      -4.62489751823      -4.58205343080    
  -4.53925267141      -4.49651105800      -4.45384441376      -4.41126849108    
  -4.36879890146      -4.32645105153      -4.28424008487      -4.24218082971    
  -4.20028775193      -4.15857491314      -4.11705593342      -4.07574395839    
  -4.03465163013      -3.99379106178      -3.95317381543      -3.91281088299    
  -3.87271267007      -3.83288898237      -3.79334901480      -3.75410134299    
  -3.71515391730      -3.67651405932      -3.63818846083      -3.60018318539    
  -3.56250367260      -3.52515474524      -3.48814061932      -3.45146491749    
  -3.41513068566      -3.37914041349      -3.34349605857      -3.30819907494    
  -3.27325044587      -3.23865072137      -3.20440006064      -3.17049827948    
  -3.13694490317      -3.10373922436      -3.07088036721      -3.03836735493    
  -3.00619918545      -2.97437491033      -2.94289371548      -2.91175500996    
  -2.88095851726      -2.85050436594      -2.82039317916      -2.79062616946    
  -2.76120522705      -2.73213300197      -2.70341298284      -2.67504956438    
  -2.64704810446      -2.61941496694      -2.59215754839      -2.56528428630    
  -2.53880464656      -2.51272908855      -2.48706900632      -2.46183664475    
  -2.43704499037      -2.41270763682      -2.38883862563      -2.36545226377    
  -2.34256291979      -2.32018480126      -2.29833171655      -2.27701682462    
  -2.25625237679      -2.23604945494      -2.21641771044      -2.19736510874    
  -2.17889768388      -2.16101930777      -2.14373147821      -2.12703312987    
  -2.11092047181      -2.09538685479      -2.08042267130      -2.06601529048    
  -2.05214903012      -2.03880516682      -2.02596198546      -2.01359486828    
  -2.00167642342      -1.99017665236      -1.97906315508      -1.96830137115    
  -1.95785485453      -1.94768557924      -1.93775427229      -1.92802077011    
  -1.91844439364      -1.90898433706      -1.89960006463      -1.89025170954    
  -1.88090046862      -1.87150898635      -1.86204172193      -1.85246529300    
  -1.84274879010      -1.83286405661      -1.82278592925      -1.81249243539    
  -1.80196494426      -1.79118827009      -1.78015072667      -1.76884413344    
  -1.75726377487      -1.74540831545      -1.73327967382      -1.72088286015    
  -1.70822578173      -1.69531902180      -1.68217559728      -1.66881070086    
  -1.65524143297      -1.64148652885      -1.62756608556      -1.61350129339    
  -1.59931417553      -1.58502733926      -1.57066374148      -1.55624647057    
  -1.54179854622      -1.52734273818      -1.51290140452      -1.49849634941    
  -1.48414870024      -1.46987880332      -1.45570613753      -1.44164924475    
  -1.42772567579      -1.41395195083      -1.40034353274      -1.38691481213    
  -1.37367910268      -1.36064864554      -1.34783462155      -1.33524717003    
  -1.32289541317      -1.31078748497      -1.29893056380      -1.28733090780    
  -1.27599389241      -1.26492404934      -1.25412510646      -1.24360002813    
  -1.23335105558      -1.22337974693      -1.21368701668      -1.20427317435    
  -1.19513796211      -1.18628059138      -1.17769977805      -1.16939377657    
  -1.16136041256      -1.15359711418      -1.14610094208      -1.13886861805    
  -1.13189655236      -1.12518086978      -1.11871743447      -1.11250187363    
  -1.10652960001      -1.10079583339      -1.09529562105      -1.09002385724    
  -1.08497530176      -1.08014459766      -1.07552628813      -1.07111483265    
  -1.06690462233      -1.06288999461      -1.05906524724      -1.05542465170    
  -1.05196246590      -1.04867294636      -1.04555035978      -1.04258899406    
  -1.03978316878      -1.03712724510      -1.03461563521      -1.03224281116    
  -1.03000331326      -1.02789175792      -1.02590284501      -1.02403136467    
  -1.02227220370      -1.02062035136      -1.01907090473      -1.01761907359    
  -1.01626018476      -1.01498968602      -1.01380314953      -1.01269627472    
  -1.01166489085      -1.01070495900      -1.00981257369      -1.00898396403    
  -1.00821549445      -1.00750366510      -1.00684511176      -1.00623660533    
  -1.00567505164      -1.00515748859      -1.00468108862      -1.00456883888    
  -1.00462631120      -1.00468448971      -1.00474340832      -1.00480307869    
  -1.00486349598      -1.00492467374      -1.00498662066      -1.00504934662    
  -1.00511286146      -1.00517717513      -1.00524229770      -1.00530823937    
  -1.00537501046      -1.00544262139      -1.00551108276      -1.00558040525    
  -1.00565059971      -1.00572167710      -1.00579364852      -1.00586652524    
  -1.00594031863      -1.00601504022      -1.00609070170      -1.00616731488    
  -1.00624489173      -1.00632344438      -1.00640298510      -1.00648352632    
  -1.00656508063      -1.00664766076      -1.00673127962      -1.00681595028    
  -1.00690168596      -1.00698850007      -1.00707640616      -1.00716541797    
  -1.00725554942      -1.00734681458      -1.00743922771      -1.00753280326    
  -1.00762755584      -1.00772350027      -1.00782065152      -1.00791902479    
  -1.00801863544      -1.00811949904      -1.00822163135      -1.00832504832    
  -1.00842976612      -1.00853580111      -1.00864316985      -1.00875188913    
  -1.00886197593      -1.00897344744      -1.00908632110      -1.00920061453    
  -1.00931634560      -1.00943353238      -1.00955219320      -1.00967234658    
  -1.00979401130      -1.00991720638      -1.01004195106      -1.01016826484    
  -1.01029616745      -1.01042567888      -1.01055681935      -1.01068960938    
  -1.01082406969      -1.01096022131      -1.01109808551      -1.01123768382    
  -1.01137903807      -1.01152217033      -1.01166710297      -1.01181385864    
  -1.01196246027      -1.01211293108      -1.01226529458      -1.01241957458    
  -1.01257579518      -1.01273398079      -1.01289415613      -1.01305634623    
  -1.01322057643      -1.01338687240      -1.01355526010      -1.01372576587    
  -1.01389841633      -1.01407323847      -1.01425025960      -1.01442950739    
  -1.01461100983      -1.01479479529      -1.01498089249      -1.01516933050    
  -1.01536013877      -1.01555334711      -1.01574898572      -1.01594708516    
  -1.01614767638      -1.01635079072      -1.01655645993      -1.01676471615    
  -1.01697559190      -1.01718912014      -1.01740533424      -1.01762426797    
  -1.01784595556      -1.01807043163      -1.01829773126      -1.01852788997    
  -1.01876094372      -1.01899692892      -1.01923588245      -1.01947784165    
  -1.01972284432      -1.01997092874      -1.02022213369      -1.02047649840    
  -1.02073406262      -1.02099486661      -1.02125895110      -1.02152635737    
  -1.02179712720      -1.02207130289      -1.02234892728      -1.02263004376    
  -1.02291469626      -1.02320292923      -1.02349478774      -1.02379031737    
  -1.02408956431      -1.02439257531      -1.02469939771      -1.02501007947    
  -1.02532466913      -1.02564321584      -1.02596576937      -1.02629238012    
  -1.02662309913      -1.02695797808      -1.02729706928      -1.02764042573    
  -1.02798810106      -1.02834014962      -1.02869662640      -1.02905758711    
  -1.02942308814      -1.02979318661      -1.03016794035      -1.03054740791    
  -1.03093164858      -1.03132072240      -1.03171469018      -1.03211361345    
  -1.03251755457      -1.03292657663      -1.03334074356      -1.03376012007    
  -1.03418477169      -1.03461476477      -1.03505016649      -1.03549104489    
  -1.03593746886      -1.03638950816      -1.03684723341      -1.03731071613    
  -1.03778002874      -1.03825524459      -1.03873643791      -1.03922368390    
  -1.03971705869      -1.04021663937      -1.04072250400      -1.04123473163    
  -1.04175340228      -1.04227859701    
