 Raios
  0.111353086198E-05  0.224106821795E-05  0.338278824791E-05  0.453886934793E-05
  0.570949215806E-05  0.689483959047E-05  0.809509685812E-05  0.931045150364E-05
  0.105410934287E-04  0.117872149235E-04  0.130490106972E-04  0.143266779079E-04
  0.156204161937E-04  0.169304277038E-04  0.182569171302E-04  0.196000917396E-04
  0.209601614057E-04  0.223373386422E-04  0.237318386359E-04  0.251438792801E-04
  0.265736812092E-04  0.280214678325E-04  0.294874653697E-04  0.309719028859E-04
  0.324750123274E-04  0.339970285583E-04  0.355381893965E-04  0.370987356516E-04
  0.386789111622E-04  0.402789628339E-04  0.418991406780E-04  0.435396978506E-04
  0.452008906921E-04  0.468829787672E-04  0.485862249057E-04  0.503108952432E-04
  0.520572592630E-04  0.538255898379E-04  0.556161632733E-04  0.574292593499E-04
  0.592651613676E-04  0.611241561899E-04  0.630065342885E-04  0.649125897888E-04
  0.668426205158E-04  0.687969280408E-04  0.707758177283E-04  0.727795987838E-04
  0.748085843022E-04  0.768630913167E-04  0.789434408480E-04  0.810499579552E-04
  0.831829717857E-04  0.853428156273E-04  0.875298269600E-04  0.897443475087E-04
  0.919867232969E-04  0.942573047002E-04  0.965564465017E-04  0.988845079470E-04
  0.101241852800E-03  0.103628849402E-03  0.106045870724E-03  0.108493294432E-03
  0.110971502940E-03  0.113480883475E-03  0.116021828130E-03  0.118594733935E-03
  0.121200002911E-03  0.123838042136E-03  0.126509263810E-03  0.129214085316E-03
  0.131952929289E-03  0.134726223677E-03  0.137534401815E-03  0.140377902485E-03
  0.143257169991E-03  0.146172654224E-03  0.149124810733E-03  0.152114100801E-03
  0.155140991508E-03  0.158205955814E-03  0.161309472624E-03  0.164452026871E-03
  0.167634109584E-03  0.170856217970E-03  0.174118855490E-03  0.177422531938E-03
  0.180767763520E-03  0.184155072935E-03  0.187584989458E-03  0.191058049020E-03
  0.194574794293E-03  0.198135774776E-03  0.201741546879E-03  0.205392674013E-03
  0.209089726671E-03  0.212833282528E-03  0.216623926521E-03  0.220462250945E-03
  0.224348855547E-03  0.228284347616E-03  0.232269342082E-03  0.236304461608E-03
  0.240390336689E-03  0.244527605752E-03  0.248716915253E-03  0.252958919781E-03
  0.257254282158E-03  0.261603673541E-03  0.266007773534E-03  0.270467270285E-03
  0.274982860599E-03  0.279555250048E-03  0.284185153075E-03  0.288873293114E-03
  0.293620402695E-03  0.298427223563E-03  0.303294506795E-03  0.308223012913E-03
  0.313213512007E-03  0.318266783852E-03  0.323383618031E-03  0.328564814062E-03
  0.333811181515E-03  0.339123540148E-03  0.344502720026E-03  0.349949561657E-03
  0.355464916122E-03  0.361049645206E-03  0.366704621534E-03  0.372430728708E-03
  0.378228861443E-03  0.384099925710E-03  0.390044838874E-03  0.396064529841E-03
  0.402159939198E-03  0.408332019367E-03  0.414581734747E-03  0.420910061869E-03
  0.427317989547E-03  0.433806519033E-03  0.440376664173E-03  0.447029451565E-03
  0.453765920720E-03  0.460587124227E-03  0.467494127911E-03  0.474488011007E-03
  0.481569866322E-03  0.488740800411E-03  0.496001933747E-03  0.503354400896E-03
  0.510799350698E-03  0.518337946439E-03  0.525971366042E-03  0.533700802244E-03
  0.541527462784E-03  0.549452570595E-03  0.557477363990E-03  0.565603096860E-03
  0.573831038867E-03  0.582162475644E-03  0.590598708994E-03  0.599141057097E-03
  0.607790854712E-03  0.616549453387E-03  0.625418221670E-03  0.634398545326E-03
  0.643491827548E-03  0.652699489180E-03  0.662022968937E-03  0.671463723633E-03
  0.681023228404E-03  0.690702976942E-03  0.700504481728E-03  0.710429274268E-03
  0.720478905329E-03  0.730654945188E-03  0.740958983871E-03  0.751392631405E-03
  0.761957518069E-03  0.772655294648E-03  0.783487632692E-03  0.794456224774E-03
  0.805562784760E-03  0.816809048074E-03  0.828196771965E-03  0.839727735789E-03
  0.851403741283E-03  0.863226612846E-03  0.875198197826E-03  0.887320366808E-03
  0.899595013905E-03  0.912024057056E-03  0.924609438323E-03  0.937353124199E-03
  0.950257105910E-03  0.963323399730E-03  0.976554047293E-03  0.989951115916E-03
  0.100351669892E-02  0.101725291595E-02  0.103116191332E-02  0.104524586434E-02
  0.105950696965E-02  0.107394745759E-02  0.108856958450E-02  0.110337563513E-02
  0.111836792295E-02  0.113354879054E-02  0.114892060993E-02  0.116448578301E-02
  0.118024674186E-02  0.119620594917E-02  0.121236589860E-02  0.122872911516E-02
  0.124529815566E-02  0.126207560902E-02  0.127906409677E-02  0.129626627339E-02
  0.131368482676E-02  0.133132247856E-02  0.134918198470E-02  0.136726613577E-02
  0.138557775747E-02  0.140411971101E-02  0.142289489361E-02  0.144190623894E-02
  0.146115671756E-02  0.148064933738E-02  0.150038714418E-02  0.152037322203E-02
  0.154061069379E-02  0.156110272161E-02  0.158185250740E-02  0.160286329337E-02
  0.162413836250E-02  0.164568103905E-02  0.166749468911E-02  0.168958272111E-02
  0.171194858636E-02  0.173459577955E-02  0.175752783937E-02  0.178074834899E-02
  0.180426093667E-02  0.182806927629E-02  0.185217708795E-02  0.187658813856E-02
  0.190130624239E-02  0.192633526168E-02  0.195167910728E-02  0.197734173922E-02
  0.200332716733E-02  0.202963945188E-02  0.205628270424E-02  0.208326108745E-02
  0.211057881695E-02  0.213824016118E-02  0.216624944229E-02  0.219461103679E-02
  0.222332937623E-02  0.225240894791E-02  0.228185429557E-02  0.231167002011E-02
  0.234186078030E-02  0.237243129350E-02  0.240338633642E-02  0.243473074585E-02
  0.246646941941E-02  0.249860731634E-02  0.253114945825E-02  0.256410092992E-02
  0.259746688007E-02  0.263125252221E-02  0.266546313542E-02  0.270010406516E-02
  0.273518072416E-02  0.277069859322E-02  0.280666322207E-02  0.284308023026E-02
  0.287995530802E-02  0.291729421717E-02  0.295510279197E-02  0.299338694010E-02
  0.303215264353E-02  0.307140595948E-02  0.311115302136E-02  0.315140003974E-02
  0.319215330329E-02  0.323341917979E-02  0.327520411711E-02  0.331751464425E-02
  0.336035737230E-02  0.340373899552E-02  0.344766629240E-02  0.349214612665E-02
  0.353718544834E-02  0.358279129495E-02  0.362897079250E-02  0.367573115661E-02
  0.372307969371E-02  0.377102380208E-02  0.381957097309E-02  0.386872879235E-02
  0.391850494085E-02  0.396890719622E-02  0.401994343392E-02  0.407162162846E-02
  0.412394985467E-02  0.417693628893E-02  0.423058921049E-02  0.428491700273E-02
  0.433992815446E-02  0.439563126130E-02  0.445203502698E-02  0.450914826468E-02
  0.456697989848E-02  0.462553896468E-02  0.468483461326E-02  0.474487610928E-02
  0.480567283435E-02  0.486723428808E-02  0.492957008957E-02  0.499268997892E-02
  0.505660381874E-02  0.512132159570E-02  0.518685342208E-02  0.525320953736E-02
  0.532040030982E-02  0.538843623815E-02  0.545732795312E-02  0.552708621918E-02
  0.559772193621E-02  0.566924614118E-02  0.574167000990E-02  0.581500485875E-02
  0.588926214643E-02  0.596445347581E-02  0.604059059569E-02  0.611768540263E-02
  0.619574994287E-02  0.627479641415E-02  0.635483716764E-02  0.643588470986E-02
  0.651795170467E-02  0.660105097519E-02  0.668519550586E-02  0.677039844443E-02
  0.685667310404E-02  0.694403296527E-02  0.703249167828E-02  0.712206306493E-02
  0.721276112092E-02  0.730460001802E-02  0.739759410623E-02  0.749175791607E-02
  0.758710616084E-02  0.768365373888E-02  0.778141573595E-02  0.788040742756E-02
  0.798064428137E-02  0.808214195959E-02  0.818491632144E-02  0.828898342561E-02
  0.839435953281E-02  0.850106110827E-02  0.860910482433E-02  0.871850756303E-02
  0.882928641878E-02  0.894145870100E-02  0.905504193684E-02  0.917005387390E-02
  0.928651248304E-02  0.940443596115E-02  0.952384273402E-02  0.964475145919E-02
  0.976718102890E-02  0.989115057303E-02  0.100166794621E-01  0.101437873101E-01
  0.102724939781E-01  0.104028195767E-01  0.105347844695E-01  0.106684092763E-01
  0.108037148762E-01  0.109407224111E-01  0.110794532886E-01  0.112199291858E-01
  0.113621720522E-01  0.115062041136E-01  0.116520478754E-01  0.117997261258E-01
  0.119492619399E-01  0.121006786830E-01  0.122540000143E-01  0.124092498905E-01
  0.125664525698E-01  0.127256326153E-01  0.128868148994E-01  0.130500246070E-01
  0.132152872399E-01  0.133826286209E-01  0.135520748974E-01  0.137236525456E-01
  0.138973883750E-01  0.140733095321E-01  0.142514435049E-01  0.144318181273E-01
  0.146144615831E-01  0.147994024108E-01  0.149866695077E-01  0.151762921347E-01
  0.153682999208E-01  0.155627228674E-01  0.157595913537E-01  0.159589361407E-01
  0.161607883765E-01  0.163651796008E-01  0.165721417502E-01  0.167817071630E-01
  0.169939085842E-01  0.172087791707E-01  0.174263524964E-01  0.176466625577E-01
  0.178697437784E-01  0.180956310154E-01  0.183243595641E-01  0.185559651637E-01
  0.187904840032E-01  0.190279527265E-01  0.192684084387E-01  0.195118887113E-01
  0.197584315888E-01  0.200080755939E-01  0.202608597341E-01  0.205168235073E-01
  0.207760069084E-01  0.210384504354E-01  0.213041950955E-01  0.215732824120E-01
  0.218457544303E-01  0.221216537246E-01  0.224010234048E-01  0.226839071230E-01
  0.229703490804E-01  0.232603940340E-01  0.235540873041E-01  0.238514747807E-01
  0.241526029312E-01  0.244575188077E-01  0.247662700536E-01  0.250789049122E-01
  0.253954722332E-01  0.257160214809E-01  0.260406027418E-01  0.263692667323E-01
  0.267020648069E-01  0.270390489660E-01  0.273802718640E-01  0.277257868177E-01
  0.280756478144E-01  0.284299095208E-01  0.287886272909E-01  0.291518571750E-01
  0.295196559287E-01  0.298920810212E-01  0.302691906446E-01  0.306510437232E-01
  0.310376999222E-01  0.314292196574E-01  0.318256641047E-01  0.322270952093E-01
  0.326335756955E-01  0.330451690769E-01  0.334619396656E-01  0.338839525830E-01
  0.343112737694E-01  0.347439699947E-01  0.351821088685E-01  0.356257588508E-01
  0.360749892630E-01  0.365298702981E-01  0.369904730323E-01  0.374568694357E-01
  0.379291323836E-01  0.384073356681E-01  0.388915540095E-01  0.393818630678E-01
  0.398783394549E-01  0.403810607461E-01  0.408901054927E-01  0.414055532340E-01
  0.419274845097E-01  0.424559808727E-01  0.429911249016E-01  0.435330002137E-01
  0.440816914782E-01  0.446372844291E-01  0.451998658791E-01  0.457695237325E-01
  0.463463469997E-01  0.469304258104E-01  0.475218514281E-01  0.481207162643E-01
  0.487271138928E-01  0.493411390644E-01  0.499628877220E-01  0.505924570149E-01
  0.512299453146E-01  0.518754522301E-01  0.525290786229E-01  0.531909266237E-01
  0.538610996475E-01  0.545397024102E-01  0.552268409449E-01  0.559226226183E-01
  0.566271561478E-01  0.573405516182E-01  0.580629204989E-01  0.587943756616E-01
  0.595350313975E-01  0.602850034358E-01  0.610444089610E-01  0.618133666318E-01
  0.625919965994E-01  0.633804205263E-01  0.641787616054E-01  0.649871445791E-01
  0.658056957588E-01  0.666345430448E-01  0.674738159463E-01  0.683236456013E-01
  0.691841647975E-01  0.700555079926E-01  0.709378113359E-01  0.718312126891E-01
  0.727358516478E-01  0.736518695639E-01  0.745794095670E-01  0.755186165870E-01
  0.764696373770E-01  0.774326205360E-01  0.784077165319E-01  0.793950777256E-01
  0.803948583942E-01  0.814072147555E-01  0.824323049922E-01  0.834702892768E-01
  0.845213297964E-01  0.855855907782E-01  0.866632385153E-01  0.877544413922E-01
  0.888593699115E-01  0.899781967208E-01  0.911110966388E-01  0.922582466835E-01
  0.934198260995E-01  0.945960163859E-01  0.957870013248E-01  0.969929670101E-01
  0.982141018763E-01  0.994505967282E-01  0.100702644771      0.101970441639    
  0.103254185428      0.104554076727      0.105870318645      0.107203116849    
  0.108552679590      0.109919217741      0.111302944825      0.112704077054    
  0.114122833357      0.115559435416      0.117014107706      0.118487077520    
  0.119978575014      0.121488833236      0.123018088169      0.124566578760    
  0.126134546966      0.127722237783      0.129329899293      0.130957782694    
  0.132606142349      0.134275235815      0.135965323893      0.137676670661    
  0.139409543522      0.141164213241      0.142940953987      0.144740043381    
  0.146561762534      0.148406396092      0.150274232285      0.152165562964    
  0.154080683655      0.156019893598      0.157983495800      0.159971797077    
  0.161985108105      0.164023743469      0.166088021709      0.168178265372    
  0.170294801064      0.172437959498      0.174608075546      0.176805488294    
  0.179030541091      0.181283581607      0.183564961884      0.185875038393    
  0.188214172087      0.190582728461      0.192981077606      0.195409594270    
  0.197868657913      0.200358652768      0.202879967904      0.205432997280    
  0.208018139812      0.210635799434      0.213286385160      0.215970311151    
  0.218687996775      0.221439866676      0.224226350839      0.227047884658    
  0.229904909003      0.232797870291      0.235727220552      0.238693417504    
  0.241696924620      0.244738211204      0.247817752465      0.250936029586    
  0.254093529805      0.257290746487      0.260528179205      0.263806333813    
  0.267125722529      0.270486864016      0.273890283459      0.277336512648    
  0.280826090063      0.284359560959      0.287937477448      0.291560398585    
  0.295228890461      0.298943526284      0.302704886474      0.306513558750    
  0.310370138226      0.314275227500      0.318229436751      0.322233383831    
  0.326287694365      0.330393001848      0.334549947741      0.338759181578    
  0.343021361058      0.347337152157      0.351707229224      0.356132275094    
  0.360612981189      0.365150047629      0.369744183339      0.374396106163    
  0.379106542972      0.383876229782      0.388705911867      0.393596343874    
  0.398548289943      0.403562523825      0.408639829006      0.413780998823    
  0.418986836596      0.424258155747      0.429595779931      0.435000543162    
  0.440473289945      0.446014875408      0.451626165436      0.457308036803    
  0.463061377314      0.468887085940      0.474786072959      0.480759260101    
  0.486807580688      0.492931979782      0.499133414333      0.505412853329    
  0.511771277943      0.518209681693      0.524729070593      0.531330463311    
  0.538014891326      0.544783399096      0.551637044212      0.558576897572    
  0.565604043541      0.572719580124      0.579924619140      0.587220286390    
  0.594607721837      0.602088079783      0.609662529048      0.617332253157    
  0.625098450518      0.632962334617      0.640925134201      0.648988093474    
  0.657152472289      0.665419546347      0.673790607396      0.682266963431    
  0.690849938899      0.699540874908      0.708341129434      0.717252077536    
  0.726275111567      0.735411641394      0.744663094618      0.754030916799    
  0.763516571677      0.773121541405      0.782847326779      0.792695447474    
  0.802667442277      0.812764869334      0.822989306388      0.833342351027    
  0.843825620937      0.854440754150      0.865189409301      0.876073265890    
  0.887094024542      0.898253407273      0.909553157758      0.920995041608    
  0.932580846639      0.944312383157      0.956191484238      0.968220006017    
  0.980399827974      0.992732853232       1.00522100885       1.01786624613    
   1.03067054091       1.04363589389       1.05676433094       1.07005790340    
   1.08351868842       1.09714878926       1.11095033567       1.12492548416    
   1.13907641838       1.15340534944       1.16791451627       1.18260618595    
   1.19748265408       1.21254624515       1.22779931286       1.24324424055    
   1.25888344151       1.27471935941       1.29075446863       1.30699127470    
   1.32343231464       1.34008015741       1.35693740426       1.37400668917    
   1.39129067926       1.40879207518       1.42651361156       1.44445805742    
   1.46262821663       1.48102692831       1.49965706729       1.51852154457    
   1.53762330776       1.55696534156       1.57655066819       1.59638234790    
   1.61646347943       1.63679720051       1.65738668830       1.67823515998    
   1.69934587314       1.72072212639       1.74236725980       1.76428465548    
   1.78647773805       1.80894997524       1.83170487837       1.85474600295    
   1.87807694920       1.90170136263       1.92562293459       1.94984540289    
   1.97437255233       1.99920821534       2.02435627253       2.04982065333    
   2.07560533662       2.10171435129       2.12815177694       2.15492174447    
   2.18202843674       2.20947608922       2.23726899067       2.26541148378    
   2.29390796588       2.32276288960       2.35198076358       2.38156615317    
   2.41152368115       2.44185802844       2.47257393485       2.50367619980    
   2.53516968309       2.56705930562       2.59935005023       2.63204696241    
   2.66515515111       2.69867978956       2.73262611604       2.76699943475    
   2.80180511659       2.83704860000       2.87273539187       2.90887106831    
   2.94546127562       2.98251173107       3.02002822388       3.05801661607    
   3.09648284342       3.13543291634       3.17487292087       3.21480901958    
   3.25524745258       3.29619453845       3.33765667525       3.37964034153    
   3.42215209732       3.46519858517       3.50878653118       3.55292274606    
   3.59761412618       3.64286765466       3.68869040246       3.73508952946    
   3.78207228564       3.82964601214       3.87781814245       3.92659620357    
   3.97598781717       4.02600070078       4.07664266903       4.12792163482    
   4.17984561060       4.23242270959       4.28566114707       4.33956924166    
   4.39415541661       4.44942820111       4.50539623165       4.56206825335    
   4.61945312133       4.67755980209       4.73639737492       4.79597503331    
   4.85630208639       4.91738796038       4.97924220008       5.04187447033    
   5.10529455756       5.16951237129       5.23453794567       5.30038144109    
   5.36705314572       5.43456347716       5.50292298403       5.57214234765    
   5.64223238368       5.71320404383       5.78506841757       5.85783673385    
   5.93152036287       6.00613081785       6.08167975682       6.15817898445    
   6.23564045392       6.31407626872       6.39349868462       6.47392011153    
   6.55535311547       6.63781042049       6.72130491073       6.80584963237    
   6.89145779570       6.97814277716       7.06591812145       7.15479754366    
   7.24479493138       7.33592434688       7.42820002931       7.52163639695    
   7.61624804940       7.71204976994       7.80905652779       7.90728348043    
   8.00674597604       8.10745955583       8.20943995650       8.31270311270    
   8.41726515950       8.52314243495       8.63035148257       8.73890905400    
   8.84883211159       8.96013783102       9.07284360406       9.18696704120    
   9.30252597446       9.41953846017       9.53802278176       9.65799745264    
   9.77948121911       9.90249306325       10.0270522059       10.1531781097    
   10.2808904821       10.4102092783       10.5411547048       10.6737472220    
   10.8080075477       10.9439566604       11.0816158024       11.2210064833    
   11.3621504832       11.5050698559       11.6497869331       11.7963243271    
   11.9447049345       12.0949519402       12.2470888206       12.4011393474    
   12.5571275912       12.7150779257       12.8750150307       13.0369638969    
   13.2009498290       13.3669984503       13.5351357061       13.7053878682    
   13.8777815389       14.0523436550       14.2291014922       14.4080826693    
   14.5893151525       14.7728272597       14.9586476650       15.1468054033    
   15.3373298746       15.5302508487       15.7255984700       15.9234032618    
   16.1236961316       16.3265083756       16.5318716836       16.7398181439    
   16.9503802488       17.1635908989       17.3794834088       17.5980915122    
   17.8194493670       18.0435915609       18.2705531165       18.5003694970    
   18.7330766117       18.9687108216       19.2073089450       19.4489082633    
   19.6935465270       19.9412619612       20.1920932719       20.4460796522    
   20.7032607878       20.9636768639       21.2273685710       21.4943771114    
   21.7647442058       22.0385120997       22.3157235697       22.5964219307    
   22.8806510425       23.1684553164       23.4598797224       23.7549697961    
   24.0537716461       24.3563319607       24.6626980155       24.9729176808    
   25.2870394293       25.6051123429       25.9271861212       26.2533110889    
   26.5835382038       26.9179190644       27.2565059184       27.5993516708    
   27.9465098919       28.2980348258       28.6539813991       29.0144052291    
   29.3793626328       29.7489106355       30.1231069799       30.5020101348    
   30.8856793047       31.2741744387       31.6675562398       32.0658861749    
   32.4692264838       32.8776401892       33.2911911067       33.7099438543    
   34.1339638630       34.5633173869       34.9980715132       35.4382941733    
   35.8840541528       36.3354211026       36.7924655496       37.2552589081    
   37.7238734905       38.1983825186       38.6788601356       39.1653814170    
   39.6580223828       40.1568600090       40.6619722402       41.1734380011    
   41.6913372093       42.2157507876       42.7467606767       43.2844498479    
   43.8289023163       44.3802031537       44.9384385019       45.5036955865    
   46.0760627299       46.6556293656       47.2424860522       47.8367244872    
   48.4384375216       49.0477191742       49.6646646465       50.2893703376    
   50.9219338589       51.5624540499       52.2110309930       52.8677660297    
   53.5327617763       54.2061221397       54.8879523338       55.5783588959    
   56.2774497035       56.9853339910       57.7021223666       58.4279268301    
   59.1628607899       59.9070390809       60.6605779825       61.4235952366    
   62.1962100662       62.9785431941       63.7707168613       64.5728548466    
   65.3850824856       66.2075266907       67.0403159703       67.8835804496    
   68.7374518902       69.6020637113       70.4775510104       71.3640505840    
   72.2617009495       73.1706423667       74.0910168594       75.0229682381    
   75.9666421221       76.9221859623       77.8897490643       78.8694826120    
   79.8615396906       80.8660753111       81.8832464342       82.9132119950    
   83.9561329276       85.0121721907       86.0814947925       87.1642678169    
   88.2606604492       89.3708440031       90.4949919471       91.6332799315    
   92.7858858162       93.9529896981       95.1347739397       96.3314231970    
   97.5431244491       98.7700670266       100.012442642       101.270445419    
   102.544271922       103.834121191       105.140194766       106.462696725    
   107.801833710       109.157814965       110.530852364       111.921160448    
   113.328956454       114.754460355       116.197894887       117.659485590    
   119.139460842    
Down potential follows (l on next line)
 0
  -55.9671391768      -56.0806096791      -55.9214330717      -56.0280168478    
  -55.9907717369      -56.0017985157      -55.9912193706      -55.9963557254    
  -55.9940815533      -55.9937469843      -55.9931333152      -55.9925518762    
  -55.9919645403      -55.9913913858      -55.9908231010      -55.9902640922    
  -55.9897131166      -55.9891710308      -55.9886380506      -55.9881146033    
  -55.9876010861      -55.9870979290      -55.9866055765      -55.9861244918    
  -55.9856551546      -55.9851980602      -55.9847537190      -55.9843226548    
  -55.9839054042      -55.9835025148      -55.9831145438      -55.9827420565    
  -55.9823856241      -55.9820458220      -55.9817232271      -55.9814184158    
  -55.9811319611      -55.9808644297      -55.9806163790      -55.9803883536    
  -55.9801808824      -55.9799944742      -55.9798296144      -55.9796867606    
  -55.9795663390      -55.9794687397      -55.9793943125      -55.9793433628    
  -55.9793161467      -55.9793128671      -55.9793336694      -55.9793786368    
  -55.9794477870      -55.9795410678      -55.9796583539      -55.9797994435    
  -55.9799640553      -55.9801518265      -55.9803623101      -55.9805949740    
  -55.9808491997      -55.9811242822      -55.9814194298      -55.9817337655    
  -55.9820663282      -55.9824160747      -55.9827818833      -55.9831625564    
  -55.9835568251      -55.9839633538      -55.9843807456      -55.9848075477    
  -55.9852422583      -55.9856833324      -55.9861291895      -55.9865782206    
  -55.9870287952      -55.9874792695      -55.9879279934      -55.9883733182    
  -55.9888136040      -55.9892472266      -55.9896725847      -55.9900881063    
  -55.9904922548      -55.9908835349      -55.9912604974      -55.9916217447    
  -55.9919659343      -55.9922917827      -55.9925980684      -55.9928836346    
  -55.9931473909      -55.9933883148      -55.9936054526      -55.9937979197    
  -55.9939649006      -55.9941056482      -55.9942194828      -55.9943057909    
  -55.9943640234      -55.9943936939      -55.9943943761      -55.9943657013    
  -55.9943073562      -55.9942190798      -55.9941006606      -55.9939519336    
  -55.9937727773      -55.9935631105      -55.9933228895      -55.9930521050    
  -55.9927507792      -55.9924189625      -55.9920567314      -55.9916641850    
  -55.9912414427      -55.9907886420      -55.9903059354      -55.9897934887    
  -55.9892514783      -55.9886800899      -55.9880795157      -55.9874499532    
  -55.9867916034      -55.9861046693      -55.9853893540      -55.9846458602    
  -55.9838743883      -55.9830751356      -55.9822482952      -55.9813940552    
  -55.9805125978      -55.9796040984      -55.9786687253      -55.9777066389    
  -55.9767179911      -55.9757029253      -55.9746615752      -55.9735940655    
  -55.9725005106      -55.9713810151      -55.9702356734      -55.9690645694    
  -55.9678677765      -55.9666453575      -55.9653973646      -55.9641238393    
  -55.9628248124      -55.9615003041      -55.9601503240      -55.9587748709    
  -55.9573739332      -55.9559474891      -55.9544955060      -55.9530179413    
  -55.9515147422      -55.9499858458      -55.9484311793      -55.9468506599    
  -55.9452441954      -55.9436116837      -55.9419530134      -55.9402680636    
  -55.9385567043      -55.9368187962      -55.9350541912      -55.9332627322    
  -55.9314442534      -55.9295985802      -55.9277255295      -55.9258249099    
  -55.9238965213      -55.9219401556      -55.9199555966      -55.9179426197    
  -55.9159009927      -55.9138304751      -55.9117308188      -55.9096017679    
  -55.9074430588      -55.9052544202      -55.9030355732      -55.9007862315    
  -55.8985061014      -55.8961948815      -55.8938522631      -55.8914779304    
  -55.8890715600      -55.8866328213      -55.8841613766      -55.8816568807    
  -55.8791189815      -55.8765473194      -55.8739415278      -55.8713012329    
  -55.8686260536      -55.8659156018      -55.8631694822      -55.8603872921    
  -55.8575686219      -55.8547130547      -55.8518201662      -55.8488895250    
  -55.8459206926      -55.8429132229      -55.8398666626      -55.8367805513    
  -55.8336544208      -55.8304877958      -55.8272801934      -55.8240311233    
  -55.8207400875      -55.8174065805      -55.8140300893      -55.8106100930    
  -55.8071460630      -55.8036374631      -55.8000837490      -55.7964843685    
  -55.7928387616      -55.7891463601      -55.7854065877      -55.7816188600    
  -55.7777825843      -55.7738971594      -55.7699619761      -55.7659764163    
  -55.7619398535      -55.7578516526      -55.7537111698      -55.7495177522    
  -55.7452707385      -55.7409694578      -55.7366132307      -55.7322013682    
  -55.7277331721      -55.7232079351      -55.7186249401      -55.7139834607    
  -55.7092827605      -55.7045220936      -55.6997007041      -55.6948178262    
  -55.6898726838      -55.6848644909      -55.6797924509      -55.6746557568    
  -55.6694535912      -55.6641851259      -55.6588495218      -55.6534459293    
  -55.6479734872      -55.6424313236      -55.6368185550      -55.6311342867    
  -55.6253776123      -55.6195476139      -55.6136433616      -55.6076639137    
  -55.6016083163      -55.5954756034      -55.5892647965      -55.5829749049    
  -55.5766049249      -55.5701538402      -55.5636206217      -55.5570042270    
  -55.5503036006      -55.5435176737      -55.5366453638      -55.5296855749    
  -55.5226371971      -55.5154991066      -55.5082701654      -55.5009492213    
  -55.4935351076      -55.4860266429      -55.4784226312      -55.4707218615    
  -55.4629231078      -55.4550251286      -55.4470266674      -55.4389264517    
  -55.4307231935      -55.4224155888      -55.4140023175      -55.4054820433    
  -55.3968534135      -55.3881150586      -55.3792655925      -55.3703036122    
  -55.3612276974      -55.3520364107      -55.3427282971      -55.3333018839    
  -55.3237556807      -55.3140881792      -55.3042978525      -55.2943831559    
  -55.2843425256      -55.2741743796      -55.2638771167      -55.2534491167    
  -55.2428887401      -55.2321943281      -55.2213642021      -55.2103966640    
  -55.1992899954      -55.1880424581      -55.1766522932      -55.1651177215    
  -55.1534369434      -55.1416081379      -55.1296294633      -55.1174990568    
  -55.1052150340      -55.0927754891      -55.0801784945      -55.0674221008    
  -55.0545043366      -55.0414232080      -55.0281766991      -55.0147627713    
  -55.0011793632      -54.9874243907      -54.9734957468      -54.9593913009    
  -54.9451088996      -54.9306463657      -54.9160014986      -54.9011720737    
  -54.8861558428      -54.8709505336      -54.8555538495      -54.8399634698    
  -54.8241770493      -54.8081922184      -54.7920065826      -54.7756177230    
  -54.7590231956      -54.7422205315      -54.7252072368      -54.7079807924    
  -54.6905386540      -54.6728782520      -54.6549969914      -54.6368922517    
  -54.6185613870      -54.6000017257      -54.5812105706      -54.5621851989    
  -54.5429228620      -54.5234207857      -54.5036761700      -54.4836861890    
  -54.4634479912      -54.4429586993      -54.4222154101      -54.4012151949    
  -54.3799550990      -54.3584321422      -54.3366433186      -54.3145855968    
  -54.2922559199      -54.2696512053      -54.2467683453      -54.2236042068    
  -54.2001556317      -54.1764194366      -54.1523924133      -54.1280713289    
  -54.1034529256      -54.0785339214      -54.0533110096      -54.0277808597    
  -54.0019401171      -53.9757854033      -53.9493133164      -53.9225204312    
  -53.8954032992      -53.8679584492      -53.8401823874      -53.8120715976    
  -53.7836225416      -53.7548316594      -53.7256953695      -53.6962100693    
  -53.6663721353      -53.6361779238      -53.6056237705      -53.5747059916    
  -53.5434208839      -53.5117647250      -53.4797337738      -53.4473242713    
  -53.4145324401      -53.3813544859      -53.3477865969      -53.3138249451    
  -53.2794656861      -53.2447049599      -53.2095388913      -53.1739635902    
  -53.1379751523      -53.1015696592      -53.0647431795      -53.0274917686    
  -52.9898114697      -52.9516983139      -52.9131483209      -52.8741574994    
  -52.8347218479      -52.7948373546      -52.7544999982      -52.7137057487    
  -52.6724505673      -52.6307304071      -52.5885412137      -52.5458789255    
  -52.5027394744      -52.4591187858      -52.4150127794      -52.3704173694    
  -52.3253284651      -52.2797419712      -52.2336537883      -52.1870598128    
  -52.1399559379      -52.0923380536      -52.0442020468      -51.9955438020    
  -51.9463592013      -51.8966441248      -51.8463944506      -51.7956060552    
  -51.7442748136      -51.6923965994      -51.6399672850      -51.5869827415    
  -51.5334388391      -51.4793314467      -51.4246564321      -51.3694096623    
  -51.3135870027      -51.2571843176      -51.2001974701      -51.1426223214    
  -51.0844547312      -51.0256905572      -50.9663256551      -50.9063558779    
  -50.8457770762      -50.7845850976      -50.7227757861      -50.6603449824    
  -50.5972885232      -50.5336022406      -50.4692819624      -50.4043235111    
  -50.3387227038      -50.2724753518      -50.2055772605      -50.1380242286    
  -50.0698120482      -50.0009365041      -49.9313933741      -49.8611784284    
  -49.7902874293      -49.7187161315      -49.6464602818      -49.5735156189    
  -49.4998778739      -49.4255427701      -49.3505060233      -49.2747633422    
  -49.1983104285      -49.1211429778      -49.0432566798      -48.9646472190    
  -48.8853102756      -48.8052415263      -48.7244366452      -48.6428913045    
  -48.5606011760      -48.4775619321      -48.3937692467      -48.3092187965    
  -48.2239062621      -48.1378273295      -48.0509776903      -47.9633530434    
  -47.8749490956      -47.7857615617      -47.6957861655      -47.6050186392    
  -47.5134547235      -47.4210901663      -47.3279207220      -47.2339421488    
  -47.1391502068      -47.0435406541      -46.9471092433      -46.8498517160    
  -46.7517637971      -46.6528411880      -46.5530795588      -46.4524745398    
  -46.3510217113      -46.2487165940      -46.1455546373      -46.0415312083    
  -45.9366415801      -45.8308809202      -45.7242442804      -45.6167265871    
  -45.5083226344      -45.3990270796      -45.2888344433      -45.1777391137    
  -45.0657353586      -44.9528173443      -44.8389791650      -44.7242148827    
  -44.6085185818      -44.4918844370      -44.3743067992      -44.2557802999    
  -44.1362999747      -44.0158614080      -43.8944608985      -43.7720956446    
  -43.6487639491      -43.5244654403      -43.3992013018      -43.2729745138    
  -43.1457900908      -43.0176553019      -42.8885798839      -42.7585762150    
  -42.6276594415      -42.4958475536      -42.3631613883      -42.2296245540    
  -42.0952632660      -41.9601060882      -41.8241835784      -41.6875278403    
  -41.5501719890      -41.4121495411      -41.2734937464      -41.1342368806    
  -40.9944095202      -40.8540398245      -40.7131528479      -40.5717699068    
  -40.4299080200      -40.2875794451      -40.1447913244      -40.0015454544    
  -39.8578381900      -39.7136604899      -39.5689981066      -39.4238319217    
  -39.2781384195      -39.1318902894      -38.9850571374      -38.8376062827    
  -38.6895036077      -38.5407144256      -38.3912043263      -38.2409399638    
  -38.0898897515      -37.9380244387      -37.7853175512      -37.6317456918    
  -37.4772887015      -37.3219296976      -37.1656550068      -37.0084540170    
  -36.8503189737      -36.6912447434      -36.5312285662      -36.3702698122    
  -36.2083697554      -36.0455313701      -35.8817591551      -35.7170589835    
  -35.5514379772      -35.3849044005      -35.2174675694      -35.0491377722    
  -34.8799261947      -34.7098448499      -34.5389065066      -34.3671246159    
  -34.1945132359      -34.0210869516      -33.8468607926      -33.6718501475    
  -33.4960706765      -33.3195382236      -33.1422687282      -32.9642781382    
  -32.7855823253      -32.6061970027      -32.4261376474      -32.2454194260    
  -32.0640571263      -31.8820650935      -31.6994571736      -31.5162466619    
  -31.3324462593      -31.1480680353      -30.9631233982      -30.7776230735    
  -30.5915770906      -30.4049947771      -30.2178847624      -30.0302549900    
  -29.8421127384      -29.6534646519      -29.4643167790      -29.2746746208    
  -29.0845431869      -28.8939270585      -28.7028304591      -28.5112573288    
  -28.3192114035      -28.1266962937      -27.9337155624      -27.7402727978    
  -27.5463716767      -27.3520160146      -27.1572097974      -26.9619571889    
  -26.7662625080      -26.5701301712      -26.3735645931      -26.1765700408    
  -25.9791504387      -25.7813091222      -25.5830485414      -25.3843699208    
  -25.1852728892      -24.9857550892      -24.7858118113      -24.5854356754    
  -24.3846164062      -24.1833407983      -23.9815929179      -23.7793546430    
  -23.5766066579      -23.3733299964      -23.1695082372      -22.9651304408    
  -22.7601948570      -22.5547133619      -22.3487165311      -22.1422590711    
  -21.9354252226      -21.7283336125      -21.5211408718      -21.3140432721    
  -21.1072756082      -20.9011066352      -20.6958305483      -20.4917542835    
  -20.2891808052      -20.0883890293      -19.8896116007      -19.6930123928    
  -19.4986662528      -19.3065440386      -19.1165061235      -18.9283069857    
  -18.7416120521      -18.5560257345      -18.3711271073      -18.1865077378    
  -18.0018055702      -17.8167297859      -17.6310738665      -17.4447168281    
  -17.2576148769      -17.0697869721      -16.8812979049      -16.6922418184    
  -16.5027280485      -16.3128701537      -16.1227782311      -15.9325541554    
  -15.7422891688      -15.5520632220      -15.3619455281      -15.1719958871    
  -14.9822664408      -14.7928035995      -14.6036499563      -14.4148460547    
  -14.2264319258      -14.0384483434      -13.8509377768      -13.6639450464    
  -13.4775177020      -13.2917061580      -13.1065636258      -12.9221458872    
  -12.7385109495      -12.5557186221      -12.3738300470      -12.1929072104    
  -12.0130124576      -11.8342080269      -11.6565556127      -11.4801159658    
  -11.3049485343      -11.1311111458      -10.9586597315      -10.7876480899    
  -10.6181276874      -10.4501474943      -10.2837538523      -10.1189903702    
  -9.95589784734      -9.79451421925      -9.63487452610      -9.47701090003    
  -9.32095257050      -9.16672588591      -9.01435434998      -8.86385867179    
  -8.71525682831      -8.56856413834      -8.42379334684      -8.28095471883    
  -8.14005614172      -8.00110323565      -7.86409946901      -7.72904628308    
  -7.59594321653      -7.46478803298      -7.33557686410      -7.20830433270    
  -7.08296368523      -6.95954693696      -6.83804498940      -6.71844775669    
  -6.60074429047      -6.48492288743      -6.37097119488      -6.25887630757    
  -6.14862484918      -6.04020304505      -5.93359678351      -5.82879166197    
  -5.72577302152      -5.62452596796      -5.52503538063      -5.42728590978    
  -5.33126196376      -5.23694768813      -5.14432693868      -5.05338325113    
  -4.96409981060      -4.87645942401      -4.79044449905      -4.70603703308    
  -4.62321861569      -4.54197044795      -4.46227338116      -4.38410797742    
  -4.30745459330      -4.23229348678      -4.15860494664      -4.08636944187    
  -4.01556778705      -3.94618131811      -3.87819207095      -3.81158295413    
  -3.74633790514      -3.68244201886      -3.61988163643      -3.55864438276    
  -3.49871914211      -3.44009596327      -3.38276588844      -3.32672070456    
  -3.27195261975      -3.21845387350      -3.16621629401      -3.11523082139    
  -3.06548701946      -3.01697260167      -2.96967299753      -2.92357098506    
  -2.87864641149      -2.83487601970      -2.79223339091      -2.75068900735    
  -2.71021043046      -2.67076258326      -2.63230811977      -2.59480785947    
  -2.55822126288      -2.52250692348      -2.48762305284      -2.45352793835    
  -2.42018035717      -2.38753993429      -2.35556743732      -2.32422500506    
  -2.29347631053      -2.26328666251      -2.23362305184      -2.20445415010    
  -2.17575026937      -2.14748329186      -2.11962657787      -2.09215486011    
  -2.06504413162      -2.03827153376      -2.01181524971      -1.98565440822    
  -1.95976900166      -1.93413982176      -1.90874841549      -1.88357706361    
  -1.85860878342      -1.83382735682      -1.80921738455      -1.78476436652    
  -1.76045480766      -1.73627634809      -1.71221791514      -1.68826989443    
  -1.66442431550      -1.64067504707      -1.61701799556      -1.59345129976    
  -1.56997551364      -1.54659376890      -1.52331190842      -1.50013858148    
  -1.47708529503      -1.45416640676      -1.43139906777      -1.40880309612    
  -1.38640077957      -1.36421662979      -1.34227706208      -1.32061001716    
  -1.29924453836      -1.27821030221      -1.25753711866      -1.23725440948    
  -1.21739067696      -1.19797297419      -1.17902638784      -1.16057354385    
  -1.14263414521      -1.12522454986      -1.10835739554      -1.09204127723    
  -1.07628048133      -1.06107478005      -1.04641928826      -1.03230438445    
  -1.01871569664      -1.00563415389     -0.993036103176     -0.980893491508    
 -0.969174112176     -0.957841913987     -0.946857371357     -0.936177912486    
 -0.925758401768     -0.915551671445     -0.905509096163     -0.895581202640    
 -0.885718305177     -0.875871156336     -0.865991600806     -0.856033219535    
 -0.845951950571     -0.835706672936     -0.825259740258     -0.814577451860    
 -0.803630450562     -0.792394038465     -0.780848404470     -0.768978760029    
 -0.756775382484     -0.744233568268     -0.731353500879     -0.718140040961    
 -0.704602447771     -0.690754042801     -0.676611827191     -0.662196065094    
 -0.647529844896     -0.632638629779     -0.617549808215     -0.602292253567    
 -0.586895901120     -0.571391348737     -0.555809486429     -0.540181158526    
 -0.524536860565     -0.508906472266     -0.493319026561     -0.477802513985    
 -0.462383720989     -0.447088100193     -0.431939670244     -0.416960942698    
 -0.402172873188     -0.387594834146     -0.373244606350     -0.359138386698    
 -0.345290809729     -0.331714980621     -0.318422517545     -0.305423601515    
 -0.292727032022     -0.280340286980     -0.268269585696     -0.256519953749    
 -0.245095288842     -0.233998426830     -0.223231207298     -0.212794538123    
 -0.202688458642     -0.192912201075     -0.183464249969     -0.174342399479    
 -0.165543808387     -0.157065052765     -0.148902176274     -0.141050738091    
 -0.133505858484     -0.126262262103     -0.119314319015     -0.112656083596    
 -0.106281331310     -0.100183593500     -0.943561902439E-01 -0.887922613769E-01
 -0.834847957515E-01 -0.784266588167E-01 -0.736106185990E-01 -0.690293701483E-01
 -0.646755585222E-01 -0.605418003641E-01 -0.566207041516E-01 -0.529048891507E-01
 -0.493870031376E-01 -0.460597389367E-01 -0.429158498128E-01 -0.399481637636E-01
 -0.371495967491E-01 -0.345131648937E-01 -0.320319956963E-01 -0.296993382777E-01
 -0.275085727019E-01 -0.254532183935E-01 -0.235269416860E-01 -0.217235625309E-01
 -0.200370603884E-01 -0.184615793383E-01 -0.169914324247E-01 -0.156211052797E-01
 -0.143452590409E-01 -0.131587325993E-01 -0.120565442094E-01 -0.110338924706E-01
 -0.100861568073E-01 -0.920889694332E-02 -0.839785414950E-02 -0.764894376665E-02
 -0.695827717871E-02 -0.673951533211E-02 -0.682427335553E-02 -0.691010648977E-02
 -0.699702720053E-02 -0.708503855083E-02 -0.717415739538E-02 -0.726439699499E-02
 -0.735577161515E-02 -0.744829602238E-02 -0.754198464389E-02 -0.763685166616E-02
 -0.773291192804E-02 -0.783018045147E-02 -0.792867244192E-02 -0.802840329290E-02
 -0.812938859266E-02 -0.823164412494E-02 -0.833518586916E-02 -0.844003000381E-02
 -0.854619291262E-02 -0.865369118737E-02 -0.876254162083E-02 -0.887276122194E-02
 -0.898436721599E-02 -0.909737704060E-02 -0.921180835339E-02 -0.932767903296E-02
 -0.944500718835E-02 -0.956381114915E-02 -0.968410947888E-02 -0.980592097586E-02
 -0.992926467438E-02 -0.100541598446E-01 -0.101806260018E-01 -0.103086829078E-01
 -0.104383505732E-01 -0.105696492544E-01 -0.107025994716E-01 -0.108372219961E-01
 -0.109735378634E-01 -0.111115683722E-01 -0.112513350933E-01 -0.113928598620E-01
 -0.115361647937E-01 -0.116812722776E-01 -0.118282049918E-01 -0.119769858901E-01
 -0.121276382221E-01 -0.122801855273E-01 -0.124346516410E-01 -0.125910607000E-01
 -0.127494371420E-01 -0.129098057153E-01 -0.130721914767E-01 -0.132366198003E-01
 -0.134031163757E-01 -0.135717072210E-01 -0.137424186780E-01 -0.139152774211E-01
 -0.140903104598E-01 -0.142675451430E-01 -0.144470091631E-01 -0.146287305625E-01
 -0.148127377382E-01 -0.149990594368E-01 -0.151877247745E-01 -0.153787632298E-01
 -0.155722046529E-01 -0.157680792701E-01 -0.159664176877E-01 -0.161672508938E-01
 -0.163706102729E-01 -0.165765275957E-01 -0.167850350404E-01 -0.169961651848E-01
 -0.172099510212E-01 -0.174264259537E-01 -0.176456238025E-01 -0.178675788212E-01
 -0.180923256907E-01 -0.183198995303E-01 -0.185503358940E-01 -0.187836707895E-01
 -0.190199406775E-01 -0.192591824779E-01 -0.195014335643E-01 -0.197467317977E-01
 -0.199951155017E-01 -0.202466234897E-01 -0.205012950591E-01 -0.207591700000E-01
 -0.210202886091E-01 -0.212846916871E-01 -0.215524205464E-01 -0.218235170172E-01
 -0.220980234643E-01 -0.223759827798E-01 -0.226574383887E-01 -0.229424342764E-01
 -0.232310149683E-01 -0.235232255616E-01 -0.238191117080E-01 -0.241187196489E-01
 -0.244220961872E-01 -0.247292887376E-01 -0.250403452934E-01 -0.253553144606E-01
 -0.256742454510E-01 -0.259971880987E-01 -0.263241928648E-01 -0.266553108412E-01
 -0.269905937733E-01 -0.273300940477E-01 -0.276738647055E-01 -0.280219594670E-01
 -0.283744327216E-01 -0.287313395433E-01 -0.290927357033E-01 -0.294586776638E-01
 -0.298292226099E-01 -0.302044284371E-01 -0.305843537689E-01 -0.309690579772E-01
 -0.313586011686E-01 -0.317530442094E-01 -0.321524487315E-01 -0.325568771448E-01
 -0.329663926454E-01 -0.333810592143E-01 -0.338009416422E-01 -0.342261055440E-01
 -0.346566173514E-01 -0.350925443305E-01 -0.355339545932E-01 -0.359809171129E-01
 -0.364335017348E-01 -0.368917791658E-01 -0.373558210182E-01 -0.378256997985E-01
 -0.383014889209E-01 -0.387832627388E-01 -0.392710965277E-01 -0.397650665057E-01
 -0.402652498683E-01 -0.407717247550E-01 -0.412845703151E-01 -0.418038666777E-01
 -0.423296949857E-01
Up potential follows (l on next line)
 0
  -55.9671391768      -56.0806096791      -55.9214330717      -56.0280168478    
  -55.9907717369      -56.0017985157      -55.9912193706      -55.9963557254    
  -55.9940815533      -55.9937469843      -55.9931333152      -55.9925518762    
  -55.9919645403      -55.9913913858      -55.9908231010      -55.9902640922    
  -55.9897131166      -55.9891710308      -55.9886380506      -55.9881146033    
  -55.9876010861      -55.9870979290      -55.9866055765      -55.9861244918    
  -55.9856551546      -55.9851980602      -55.9847537190      -55.9843226548    
  -55.9839054042      -55.9835025148      -55.9831145438      -55.9827420565    
  -55.9823856241      -55.9820458220      -55.9817232271      -55.9814184158    
  -55.9811319611      -55.9808644297      -55.9806163790      -55.9803883536    
  -55.9801808824      -55.9799944742      -55.9798296144      -55.9796867606    
  -55.9795663390      -55.9794687397      -55.9793943125      -55.9793433628    
  -55.9793161467      -55.9793128671      -55.9793336694      -55.9793786368    
  -55.9794477870      -55.9795410678      -55.9796583539      -55.9797994435    
  -55.9799640553      -55.9801518265      -55.9803623101      -55.9805949740    
  -55.9808491997      -55.9811242822      -55.9814194298      -55.9817337655    
  -55.9820663282      -55.9824160747      -55.9827818833      -55.9831625564    
  -55.9835568251      -55.9839633538      -55.9843807456      -55.9848075477    
  -55.9852422583      -55.9856833324      -55.9861291895      -55.9865782206    
  -55.9870287952      -55.9874792695      -55.9879279934      -55.9883733182    
  -55.9888136040      -55.9892472266      -55.9896725847      -55.9900881063    
  -55.9904922548      -55.9908835349      -55.9912604974      -55.9916217447    
  -55.9919659343      -55.9922917827      -55.9925980684      -55.9928836346    
  -55.9931473909      -55.9933883148      -55.9936054526      -55.9937979197    
  -55.9939649006      -55.9941056482      -55.9942194828      -55.9943057909    
  -55.9943640234      -55.9943936939      -55.9943943761      -55.9943657013    
  -55.9943073562      -55.9942190798      -55.9941006606      -55.9939519336    
  -55.9937727773      -55.9935631105      -55.9933228895      -55.9930521050    
  -55.9927507792      -55.9924189625      -55.9920567314      -55.9916641850    
  -55.9912414427      -55.9907886420      -55.9903059354      -55.9897934887    
  -55.9892514783      -55.9886800899      -55.9880795157      -55.9874499532    
  -55.9867916034      -55.9861046693      -55.9853893540      -55.9846458602    
  -55.9838743883      -55.9830751356      -55.9822482952      -55.9813940552    
  -55.9805125978      -55.9796040984      -55.9786687253      -55.9777066389    
  -55.9767179911      -55.9757029253      -55.9746615752      -55.9735940655    
  -55.9725005106      -55.9713810151      -55.9702356734      -55.9690645694    
  -55.9678677765      -55.9666453575      -55.9653973646      -55.9641238393    
  -55.9628248124      -55.9615003041      -55.9601503240      -55.9587748709    
  -55.9573739332      -55.9559474891      -55.9544955060      -55.9530179413    
  -55.9515147422      -55.9499858458      -55.9484311793      -55.9468506599    
  -55.9452441954      -55.9436116837      -55.9419530134      -55.9402680636    
  -55.9385567043      -55.9368187962      -55.9350541912      -55.9332627322    
  -55.9314442534      -55.9295985802      -55.9277255295      -55.9258249099    
  -55.9238965213      -55.9219401556      -55.9199555966      -55.9179426197    
  -55.9159009927      -55.9138304751      -55.9117308188      -55.9096017679    
  -55.9074430588      -55.9052544202      -55.9030355732      -55.9007862315    
  -55.8985061014      -55.8961948815      -55.8938522631      -55.8914779304    
  -55.8890715600      -55.8866328213      -55.8841613766      -55.8816568807    
  -55.8791189815      -55.8765473194      -55.8739415278      -55.8713012329    
  -55.8686260536      -55.8659156018      -55.8631694822      -55.8603872921    
  -55.8575686219      -55.8547130547      -55.8518201662      -55.8488895250    
  -55.8459206926      -55.8429132229      -55.8398666626      -55.8367805513    
  -55.8336544208      -55.8304877958      -55.8272801934      -55.8240311233    
  -55.8207400875      -55.8174065805      -55.8140300893      -55.8106100930    
  -55.8071460630      -55.8036374631      -55.8000837490      -55.7964843685    
  -55.7928387616      -55.7891463601      -55.7854065877      -55.7816188600    
  -55.7777825843      -55.7738971594      -55.7699619761      -55.7659764163    
  -55.7619398535      -55.7578516526      -55.7537111698      -55.7495177522    
  -55.7452707385      -55.7409694578      -55.7366132307      -55.7322013682    
  -55.7277331721      -55.7232079351      -55.7186249401      -55.7139834607    
  -55.7092827605      -55.7045220936      -55.6997007041      -55.6948178262    
  -55.6898726838      -55.6848644909      -55.6797924509      -55.6746557568    
  -55.6694535912      -55.6641851259      -55.6588495218      -55.6534459293    
  -55.6479734872      -55.6424313236      -55.6368185550      -55.6311342867    
  -55.6253776123      -55.6195476139      -55.6136433616      -55.6076639137    
  -55.6016083163      -55.5954756034      -55.5892647965      -55.5829749049    
  -55.5766049249      -55.5701538402      -55.5636206217      -55.5570042270    
  -55.5503036006      -55.5435176737      -55.5366453638      -55.5296855749    
  -55.5226371971      -55.5154991066      -55.5082701654      -55.5009492213    
  -55.4935351076      -55.4860266429      -55.4784226312      -55.4707218615    
  -55.4629231078      -55.4550251286      -55.4470266674      -55.4389264517    
  -55.4307231935      -55.4224155888      -55.4140023175      -55.4054820433    
  -55.3968534135      -55.3881150586      -55.3792655925      -55.3703036122    
  -55.3612276974      -55.3520364107      -55.3427282971      -55.3333018839    
  -55.3237556807      -55.3140881792      -55.3042978525      -55.2943831559    
  -55.2843425256      -55.2741743796      -55.2638771167      -55.2534491167    
  -55.2428887401      -55.2321943281      -55.2213642021      -55.2103966640    
  -55.1992899954      -55.1880424581      -55.1766522932      -55.1651177215    
  -55.1534369434      -55.1416081379      -55.1296294633      -55.1174990568    
  -55.1052150340      -55.0927754891      -55.0801784945      -55.0674221008    
  -55.0545043366      -55.0414232080      -55.0281766991      -55.0147627713    
  -55.0011793632      -54.9874243907      -54.9734957468      -54.9593913009    
  -54.9451088996      -54.9306463657      -54.9160014986      -54.9011720737    
  -54.8861558428      -54.8709505336      -54.8555538495      -54.8399634698    
  -54.8241770493      -54.8081922184      -54.7920065826      -54.7756177230    
  -54.7590231956      -54.7422205315      -54.7252072368      -54.7079807924    
  -54.6905386540      -54.6728782520      -54.6549969914      -54.6368922517    
  -54.6185613870      -54.6000017257      -54.5812105706      -54.5621851989    
  -54.5429228620      -54.5234207857      -54.5036761700      -54.4836861890    
  -54.4634479912      -54.4429586993      -54.4222154101      -54.4012151949    
  -54.3799550990      -54.3584321422      -54.3366433186      -54.3145855968    
  -54.2922559199      -54.2696512053      -54.2467683453      -54.2236042068    
  -54.2001556317      -54.1764194366      -54.1523924133      -54.1280713289    
  -54.1034529256      -54.0785339214      -54.0533110096      -54.0277808597    
  -54.0019401171      -53.9757854033      -53.9493133164      -53.9225204312    
  -53.8954032992      -53.8679584492      -53.8401823874      -53.8120715976    
  -53.7836225416      -53.7548316594      -53.7256953695      -53.6962100693    
  -53.6663721353      -53.6361779238      -53.6056237705      -53.5747059916    
  -53.5434208839      -53.5117647250      -53.4797337738      -53.4473242713    
  -53.4145324401      -53.3813544859      -53.3477865969      -53.3138249451    
  -53.2794656861      -53.2447049599      -53.2095388913      -53.1739635902    
  -53.1379751523      -53.1015696592      -53.0647431795      -53.0274917686    
  -52.9898114697      -52.9516983139      -52.9131483209      -52.8741574994    
  -52.8347218479      -52.7948373546      -52.7544999982      -52.7137057487    
  -52.6724505673      -52.6307304071      -52.5885412137      -52.5458789255    
  -52.5027394744      -52.4591187858      -52.4150127794      -52.3704173694    
  -52.3253284651      -52.2797419712      -52.2336537883      -52.1870598128    
  -52.1399559379      -52.0923380536      -52.0442020468      -51.9955438020    
  -51.9463592013      -51.8966441248      -51.8463944506      -51.7956060552    
  -51.7442748136      -51.6923965994      -51.6399672850      -51.5869827415    
  -51.5334388391      -51.4793314467      -51.4246564321      -51.3694096623    
  -51.3135870027      -51.2571843176      -51.2001974701      -51.1426223214    
  -51.0844547312      -51.0256905572      -50.9663256551      -50.9063558779    
  -50.8457770762      -50.7845850976      -50.7227757861      -50.6603449824    
  -50.5972885232      -50.5336022406      -50.4692819624      -50.4043235111    
  -50.3387227038      -50.2724753518      -50.2055772605      -50.1380242286    
  -50.0698120482      -50.0009365041      -49.9313933741      -49.8611784284    
  -49.7902874293      -49.7187161315      -49.6464602818      -49.5735156189    
  -49.4998778739      -49.4255427701      -49.3505060233      -49.2747633422    
  -49.1983104285      -49.1211429778      -49.0432566798      -48.9646472190    
  -48.8853102756      -48.8052415263      -48.7244366452      -48.6428913045    
  -48.5606011760      -48.4775619321      -48.3937692467      -48.3092187965    
  -48.2239062621      -48.1378273295      -48.0509776903      -47.9633530434    
  -47.8749490956      -47.7857615617      -47.6957861655      -47.6050186392    
  -47.5134547235      -47.4210901663      -47.3279207220      -47.2339421488    
  -47.1391502068      -47.0435406541      -46.9471092433      -46.8498517160    
  -46.7517637971      -46.6528411880      -46.5530795588      -46.4524745398    
  -46.3510217113      -46.2487165940      -46.1455546373      -46.0415312083    
  -45.9366415801      -45.8308809202      -45.7242442804      -45.6167265871    
  -45.5083226344      -45.3990270796      -45.2888344433      -45.1777391137    
  -45.0657353586      -44.9528173443      -44.8389791650      -44.7242148827    
  -44.6085185818      -44.4918844370      -44.3743067992      -44.2557802999    
  -44.1362999747      -44.0158614080      -43.8944608985      -43.7720956446    
  -43.6487639491      -43.5244654403      -43.3992013018      -43.2729745138    
  -43.1457900908      -43.0176553019      -42.8885798839      -42.7585762150    
  -42.6276594415      -42.4958475536      -42.3631613883      -42.2296245540    
  -42.0952632660      -41.9601060882      -41.8241835784      -41.6875278403    
  -41.5501719890      -41.4121495411      -41.2734937464      -41.1342368806    
  -40.9944095202      -40.8540398245      -40.7131528479      -40.5717699068    
  -40.4299080200      -40.2875794451      -40.1447913244      -40.0015454544    
  -39.8578381900      -39.7136604899      -39.5689981066      -39.4238319217    
  -39.2781384195      -39.1318902894      -38.9850571374      -38.8376062827    
  -38.6895036077      -38.5407144256      -38.3912043263      -38.2409399638    
  -38.0898897515      -37.9380244387      -37.7853175512      -37.6317456918    
  -37.4772887015      -37.3219296976      -37.1656550068      -37.0084540170    
  -36.8503189737      -36.6912447434      -36.5312285662      -36.3702698122    
  -36.2083697554      -36.0455313701      -35.8817591551      -35.7170589835    
  -35.5514379772      -35.3849044005      -35.2174675694      -35.0491377722    
  -34.8799261947      -34.7098448499      -34.5389065066      -34.3671246159    
  -34.1945132359      -34.0210869516      -33.8468607926      -33.6718501475    
  -33.4960706765      -33.3195382236      -33.1422687282      -32.9642781382    
  -32.7855823253      -32.6061970027      -32.4261376474      -32.2454194260    
  -32.0640571263      -31.8820650935      -31.6994571736      -31.5162466619    
  -31.3324462593      -31.1480680353      -30.9631233982      -30.7776230735    
  -30.5915770906      -30.4049947771      -30.2178847624      -30.0302549900    
  -29.8421127384      -29.6534646519      -29.4643167790      -29.2746746208    
  -29.0845431869      -28.8939270585      -28.7028304591      -28.5112573288    
  -28.3192114035      -28.1266962937      -27.9337155624      -27.7402727978    
  -27.5463716767      -27.3520160146      -27.1572097974      -26.9619571889    
  -26.7662625080      -26.5701301712      -26.3735645931      -26.1765700408    
  -25.9791504387      -25.7813091222      -25.5830485414      -25.3843699208    
  -25.1852728892      -24.9857550892      -24.7858118113      -24.5854356754    
  -24.3846164062      -24.1833407983      -23.9815929179      -23.7793546430    
  -23.5766066579      -23.3733299964      -23.1695082372      -22.9651304408    
  -22.7601948570      -22.5547133619      -22.3487165311      -22.1422590711    
  -21.9354252226      -21.7283336125      -21.5211408718      -21.3140432721    
  -21.1072756082      -20.9011066352      -20.6958305483      -20.4917542835    
  -20.2891808052      -20.0883890293      -19.8896116007      -19.6930123928    
  -19.4986662528      -19.3065440386      -19.1165061235      -18.9283069857    
  -18.7416120521      -18.5560257345      -18.3711271073      -18.1865077378    
  -18.0018055702      -17.8167297859      -17.6310738665      -17.4447168281    
  -17.2576148769      -17.0697869721      -16.8812979049      -16.6922418184    
  -16.5027280485      -16.3128701537      -16.1227782311      -15.9325541554    
  -15.7422891688      -15.5520632220      -15.3619455281      -15.1719958871    
  -14.9822664408      -14.7928035995      -14.6036499563      -14.4148460547    
  -14.2264319258      -14.0384483434      -13.8509377768      -13.6639450464    
  -13.4775177020      -13.2917061580      -13.1065636258      -12.9221458872    
  -12.7385109495      -12.5557186221      -12.3738300470      -12.1929072104    
  -12.0130124576      -11.8342080269      -11.6565556127      -11.4801159658    
  -11.3049485343      -11.1311111458      -10.9586597315      -10.7876480899    
  -10.6181276874      -10.4501474943      -10.2837538523      -10.1189903702    
  -9.95589784734      -9.79451421925      -9.63487452610      -9.47701090003    
  -9.32095257050      -9.16672588591      -9.01435434998      -8.86385867179    
  -8.71525682831      -8.56856413834      -8.42379334684      -8.28095471883    
  -8.14005614172      -8.00110323565      -7.86409946901      -7.72904628308    
  -7.59594321653      -7.46478803298      -7.33557686410      -7.20830433270    
  -7.08296368523      -6.95954693696      -6.83804498940      -6.71844775669    
  -6.60074429047      -6.48492288743      -6.37097119488      -6.25887630757    
  -6.14862484918      -6.04020304505      -5.93359678351      -5.82879166197    
  -5.72577302152      -5.62452596796      -5.52503538063      -5.42728590978    
  -5.33126196376      -5.23694768813      -5.14432693868      -5.05338325113    
  -4.96409981060      -4.87645942401      -4.79044449905      -4.70603703308    
  -4.62321861569      -4.54197044795      -4.46227338116      -4.38410797742    
  -4.30745459330      -4.23229348678      -4.15860494664      -4.08636944187    
  -4.01556778705      -3.94618131811      -3.87819207095      -3.81158295413    
  -3.74633790514      -3.68244201886      -3.61988163643      -3.55864438276    
  -3.49871914211      -3.44009596327      -3.38276588844      -3.32672070456    
  -3.27195261975      -3.21845387350      -3.16621629401      -3.11523082139    
  -3.06548701946      -3.01697260167      -2.96967299753      -2.92357098506    
  -2.87864641149      -2.83487601970      -2.79223339091      -2.75068900735    
  -2.71021043046      -2.67076258326      -2.63230811977      -2.59480785947    
  -2.55822126288      -2.52250692348      -2.48762305284      -2.45352793835    
  -2.42018035717      -2.38753993429      -2.35556743732      -2.32422500506    
  -2.29347631053      -2.26328666251      -2.23362305184      -2.20445415010    
  -2.17575026937      -2.14748329186      -2.11962657787      -2.09215486011    
  -2.06504413162      -2.03827153376      -2.01181524971      -1.98565440822    
  -1.95976900166      -1.93413982176      -1.90874841549      -1.88357706361    
  -1.85860878342      -1.83382735682      -1.80921738455      -1.78476436652    
  -1.76045480766      -1.73627634809      -1.71221791514      -1.68826989443    
  -1.66442431550      -1.64067504707      -1.61701799556      -1.59345129976    
  -1.56997551364      -1.54659376890      -1.52331190842      -1.50013858148    
  -1.47708529503      -1.45416640676      -1.43139906777      -1.40880309612    
  -1.38640077957      -1.36421662979      -1.34227706208      -1.32061001716    
  -1.29924453836      -1.27821030221      -1.25753711866      -1.23725440948    
  -1.21739067696      -1.19797297419      -1.17902638784      -1.16057354385    
  -1.14263414521      -1.12522454986      -1.10835739554      -1.09204127723    
  -1.07628048133      -1.06107478005      -1.04641928826      -1.03230438445    
  -1.01871569664      -1.00563415389     -0.993036103176     -0.980893491508    
 -0.969174112176     -0.957841913987     -0.946857371357     -0.936177912486    
 -0.925758401768     -0.915551671445     -0.905509096163     -0.895581202640    
 -0.885718305177     -0.875871156336     -0.865991600806     -0.856033219535    
 -0.845951950571     -0.835706672936     -0.825259740258     -0.814577451860    
 -0.803630450562     -0.792394038465     -0.780848404470     -0.768978760029    
 -0.756775382484     -0.744233568268     -0.731353500879     -0.718140040961    
 -0.704602447771     -0.690754042801     -0.676611827191     -0.662196065094    
 -0.647529844896     -0.632638629779     -0.617549808215     -0.602292253567    
 -0.586895901120     -0.571391348737     -0.555809486429     -0.540181158526    
 -0.524536860565     -0.508906472266     -0.493319026561     -0.477802513985    
 -0.462383720989     -0.447088100193     -0.431939670244     -0.416960942698    
 -0.402172873188     -0.387594834146     -0.373244606350     -0.359138386698    
 -0.345290809729     -0.331714980621     -0.318422517545     -0.305423601515    
 -0.292727032022     -0.280340286980     -0.268269585696     -0.256519953749    
 -0.245095288842     -0.233998426830     -0.223231207298     -0.212794538123    
 -0.202688458642     -0.192912201075     -0.183464249969     -0.174342399479    
 -0.165543808387     -0.157065052765     -0.148902176274     -0.141050738091    
 -0.133505858484     -0.126262262103     -0.119314319015     -0.112656083596    
 -0.106281331310     -0.100183593500     -0.943561902439E-01 -0.887922613769E-01
 -0.834847957515E-01 -0.784266588167E-01 -0.736106185990E-01 -0.690293701483E-01
 -0.646755585222E-01 -0.605418003641E-01 -0.566207041516E-01 -0.529048891507E-01
 -0.493870031376E-01 -0.460597389367E-01 -0.429158498128E-01 -0.399481637636E-01
 -0.371495967491E-01 -0.345131648937E-01 -0.320319956963E-01 -0.296993382777E-01
 -0.275085727019E-01 -0.254532183935E-01 -0.235269416860E-01 -0.217235625309E-01
 -0.200370603884E-01 -0.184615793383E-01 -0.169914324247E-01 -0.156211052797E-01
 -0.143452590409E-01 -0.131587325993E-01 -0.120565442094E-01 -0.110338924706E-01
 -0.100861568073E-01 -0.920889694332E-02 -0.839785414950E-02 -0.764894376665E-02
 -0.695827717871E-02 -0.673951533211E-02 -0.682427335553E-02 -0.691010648977E-02
 -0.699702720053E-02 -0.708503855083E-02 -0.717415739538E-02 -0.726439699499E-02
 -0.735577161515E-02 -0.744829602238E-02 -0.754198464389E-02 -0.763685166616E-02
 -0.773291192804E-02 -0.783018045147E-02 -0.792867244192E-02 -0.802840329290E-02
 -0.812938859266E-02 -0.823164412494E-02 -0.833518586916E-02 -0.844003000381E-02
 -0.854619291262E-02 -0.865369118737E-02 -0.876254162083E-02 -0.887276122194E-02
 -0.898436721599E-02 -0.909737704060E-02 -0.921180835339E-02 -0.932767903296E-02
 -0.944500718835E-02 -0.956381114915E-02 -0.968410947888E-02 -0.980592097586E-02
 -0.992926467438E-02 -0.100541598446E-01 -0.101806260018E-01 -0.103086829078E-01
 -0.104383505732E-01 -0.105696492544E-01 -0.107025994716E-01 -0.108372219961E-01
 -0.109735378634E-01 -0.111115683722E-01 -0.112513350933E-01 -0.113928598620E-01
 -0.115361647937E-01 -0.116812722776E-01 -0.118282049918E-01 -0.119769858901E-01
 -0.121276382221E-01 -0.122801855273E-01 -0.124346516410E-01 -0.125910607000E-01
 -0.127494371420E-01 -0.129098057153E-01 -0.130721914767E-01 -0.132366198003E-01
 -0.134031163757E-01 -0.135717072210E-01 -0.137424186780E-01 -0.139152774211E-01
 -0.140903104598E-01 -0.142675451430E-01 -0.144470091631E-01 -0.146287305625E-01
 -0.148127377382E-01 -0.149990594368E-01 -0.151877247745E-01 -0.153787632298E-01
 -0.155722046529E-01 -0.157680792701E-01 -0.159664176877E-01 -0.161672508938E-01
 -0.163706102729E-01 -0.165765275957E-01 -0.167850350404E-01 -0.169961651848E-01
 -0.172099510212E-01 -0.174264259537E-01 -0.176456238025E-01 -0.178675788212E-01
 -0.180923256907E-01 -0.183198995303E-01 -0.185503358940E-01 -0.187836707895E-01
 -0.190199406775E-01 -0.192591824779E-01 -0.195014335643E-01 -0.197467317977E-01
 -0.199951155017E-01 -0.202466234897E-01 -0.205012950591E-01 -0.207591700000E-01
 -0.210202886091E-01 -0.212846916871E-01 -0.215524205464E-01 -0.218235170172E-01
 -0.220980234643E-01 -0.223759827798E-01 -0.226574383887E-01 -0.229424342764E-01
 -0.232310149683E-01 -0.235232255616E-01 -0.238191117080E-01 -0.241187196489E-01
 -0.244220961872E-01 -0.247292887376E-01 -0.250403452934E-01 -0.253553144606E-01
 -0.256742454510E-01 -0.259971880987E-01 -0.263241928648E-01 -0.266553108412E-01
 -0.269905937733E-01 -0.273300940477E-01 -0.276738647055E-01 -0.280219594670E-01
 -0.283744327216E-01 -0.287313395433E-01 -0.290927357033E-01 -0.294586776638E-01
 -0.298292226099E-01 -0.302044284371E-01 -0.305843537689E-01 -0.309690579772E-01
 -0.313586011686E-01 -0.317530442094E-01 -0.321524487315E-01 -0.325568771448E-01
 -0.329663926454E-01 -0.333810592143E-01 -0.338009416422E-01 -0.342261055440E-01
 -0.346566173514E-01 -0.350925443305E-01 -0.355339545932E-01 -0.359809171129E-01
 -0.364335017348E-01 -0.368917791658E-01 -0.373558210182E-01 -0.378256997985E-01
 -0.383014889209E-01 -0.387832627388E-01 -0.392710965277E-01 -0.397650665057E-01
 -0.402652498683E-01 -0.407717247550E-01 -0.412845703151E-01 -0.418038666777E-01
 -0.423296949857E-01
