 Raios
  0.380230050432E-06  0.765242806128E-06  0.115509842611E-05  0.154985782612E-05
  0.194958268812E-05  0.235433546992E-05  0.276417941497E-05  0.317917856222E-05
  0.359939775614E-05  0.402490265682E-05  0.445575975028E-05  0.489203635880E-05
  0.533380065151E-05  0.578112165496E-05  0.623406926398E-05  0.669271425255E-05
  0.715712828489E-05  0.762738392662E-05  0.810355465616E-05  0.858571487614E-05
  0.907393992508E-05  0.956830608914E-05  0.100688906140E-04  0.105757717171E-04
  0.110890285996E-04  0.116087414589E-04  0.121349915012E-04  0.126678609542E-04
  0.132074330798E-04  0.137537921872E-04  0.143070236461E-04  0.148672139002E-04
  0.154344504802E-04  0.160088220181E-04  0.165904182605E-04  0.171793300830E-04
  0.177756495044E-04  0.183794697008E-04  0.189908850202E-04  0.196099909975E-04
  0.202368843694E-04  0.208716630892E-04  0.215144263424E-04  0.221652745620E-04
  0.228243094444E-04  0.234916339651E-04  0.241673523950E-04  0.248515703164E-04
  0.255443946398E-04  0.262459336203E-04  0.269562968749E-04  0.276755953993E-04
  0.284039415854E-04  0.291414492386E-04  0.298882335961E-04  0.306444113444E-04
  0.314101006380E-04  0.321854211171E-04  0.329704939274E-04  0.337654417380E-04
  0.345703887611E-04  0.353854607713E-04  0.362107851253E-04  0.370464907816E-04
  0.378927083211E-04  0.387495699669E-04  0.396172096054E-04  0.404957628070E-04
  0.413853668475E-04  0.422861607293E-04  0.431982852033E-04  0.441218827908E-04
  0.450570978058E-04  0.460040763776E-04  0.469629664734E-04  0.479339179218E-04
  0.489170824360E-04  0.499126136374E-04  0.509206670797E-04  0.519414002734E-04
  0.529749727101E-04  0.540215458877E-04  0.550812833352E-04  0.561543506389E-04
  0.572409154676E-04  0.583411475994E-04  0.594552189477E-04  0.605833035885E-04
  0.617255777873E-04  0.628822200268E-04  0.640534110346E-04  0.652393338117E-04
  0.664401736610E-04  0.676561182162E-04  0.688873574710E-04  0.701340838092E-04
  0.713964920342E-04  0.726747793998E-04  0.739691456412E-04  0.752797930055E-04
  0.766069262843E-04  0.779507528447E-04  0.793114826623E-04  0.806893283540E-04
  0.820845052110E-04  0.834972312325E-04  0.849277271597E-04  0.863762165107E-04
  0.878429256148E-04  0.893280836482E-04  0.908319226701E-04  0.923546776581E-04
  0.938965865460E-04  0.954578902602E-04  0.970388327574E-04  0.986396610632E-04
  0.100260625310E-03  0.101901978778E-03  0.103563977930E-03  0.105246882458E-03
  0.106950955319E-03  0.108676462779E-03  0.110423674450E-03  0.112192863338E-03
  0.113984305883E-03  0.115798282002E-03  0.117635075131E-03  0.119494972273E-03
  0.121378264042E-03  0.123285244704E-03  0.125216212231E-03  0.127171468339E-03
  0.129151318541E-03  0.131156072194E-03  0.133186042542E-03  0.135241546775E-03
  0.137322906068E-03  0.139430445637E-03  0.141564494792E-03  0.143725386980E-03
  0.145913459845E-03  0.148129055280E-03  0.150372519474E-03  0.152644202973E-03
  0.154944460734E-03  0.157273652175E-03  0.159632141238E-03  0.162020296441E-03
  0.164438490939E-03  0.166887102579E-03  0.169366513962E-03  0.171877112501E-03
  0.174419290482E-03  0.176993445126E-03  0.179599978649E-03  0.182239298327E-03
  0.184911816560E-03  0.187617950935E-03  0.190358124289E-03  0.193132764781E-03
  0.195942305954E-03  0.198787186805E-03  0.201667851852E-03  0.204584751204E-03
  0.207538340633E-03  0.210529081644E-03  0.213557441546E-03  0.216623893526E-03
  0.219728916724E-03  0.222872996305E-03  0.226056623539E-03  0.229280295875E-03
  0.232544517016E-03  0.235849797005E-03  0.239196652298E-03  0.242585605848E-03
  0.246017187186E-03  0.249491932503E-03  0.253010384736E-03  0.256573093651E-03
  0.260180615926E-03  0.263833515246E-03  0.267532362382E-03  0.271277735289E-03
  0.275070219187E-03  0.278910406659E-03  0.282798897744E-03  0.286736300025E-03
  0.290723228731E-03  0.294760306825E-03  0.298848165111E-03  0.302987442325E-03
  0.307178785236E-03  0.311422848751E-03  0.315720296013E-03  0.320071798507E-03
  0.324478036164E-03  0.328939697469E-03  0.333457479564E-03  0.338032088362E-03
  0.342664238655E-03  0.347354654226E-03  0.352104067962E-03  0.356913221968E-03
  0.361782867685E-03  0.366713766005E-03  0.371706687391E-03  0.376762411996E-03
  0.381881729788E-03  0.387065440671E-03  0.392314354610E-03  0.397629291758E-03
  0.403011082586E-03  0.408460568009E-03  0.413978599521E-03  0.419566039324E-03
  0.425223760468E-03  0.430952646984E-03  0.436753594020E-03  0.442627507988E-03
  0.448575306699E-03  0.454597919507E-03  0.460696287458E-03  0.466871363435E-03
  0.473124112306E-03  0.479455511076E-03  0.485866549039E-03  0.492358227931E-03
  0.498931562092E-03  0.505587578619E-03  0.512327317526E-03  0.519151831913E-03
  0.526062188124E-03  0.533059465915E-03  0.540144758626E-03  0.547319173347E-03
  0.554583831097E-03  0.561939866992E-03  0.569388430428E-03  0.576930685259E-03
  0.584567809976E-03  0.592300997896E-03  0.600131457346E-03  0.608060411851E-03
  0.616089100325E-03  0.624218777269E-03  0.632450712960E-03  0.640786193655E-03
  0.649226521791E-03  0.657773016184E-03  0.666427012244E-03  0.675189862173E-03
  0.684062935185E-03  0.693047617717E-03  0.702145313642E-03  0.711357444495E-03
  0.720685449689E-03  0.730130786744E-03  0.739694931514E-03  0.749379378415E-03
  0.759185640663E-03  0.769115250504E-03  0.779169759462E-03  0.789350738574E-03
  0.799659778638E-03  0.810098490463E-03  0.820668505119E-03  0.831371474192E-03
  0.842209070043E-03  0.853182986068E-03  0.864294936964E-03  0.875546658996E-03
  0.886939910268E-03  0.898476470999E-03  0.910158143801E-03  0.921986753957E-03
  0.933964149713E-03  0.946092202562E-03  0.958372807535E-03  0.970807883503E-03
  0.983399373471E-03  0.996149244886E-03  0.100905948994E-02  0.102213212589E-02
  0.103536919535E-02  0.104877276665E-02  0.106234493412E-02  0.107608781845E-02
  0.109000356698E-02  0.110409435407E-02  0.111836238145E-02  0.113280987852E-02
  0.114743910274E-02  0.116225233994E-02  0.117725190472E-02  0.119244014081E-02
  0.120781942138E-02  0.122339214950E-02  0.123916075841E-02  0.125512771201E-02
  0.127129550517E-02  0.128766666412E-02  0.130424374691E-02  0.132102934373E-02
  0.133802607736E-02  0.135523660359E-02  0.137266361158E-02  0.139030982435E-02
  0.140817799915E-02  0.142627092793E-02  0.144459143773E-02  0.146314239117E-02
  0.148192668689E-02  0.150094725996E-02  0.152020708238E-02  0.153970916355E-02
  0.155945655070E-02  0.157945232940E-02  0.159969962404E-02  0.162020159829E-02
  0.164096145563E-02  0.166198243983E-02  0.168326783546E-02  0.170482096841E-02
  0.172664520640E-02  0.174874395951E-02  0.177112068071E-02  0.179377886641E-02
  0.181672205701E-02  0.183995383742E-02  0.186347783765E-02  0.188729773338E-02
  0.191141724651E-02  0.193584014577E-02  0.196057024728E-02  0.198561141518E-02
  0.201096756220E-02  0.203664265028E-02  0.206264069121E-02  0.208896574724E-02
  0.211562193171E-02  0.214261340971E-02  0.216994439870E-02  0.219761916922E-02
  0.222564204550E-02  0.225401740616E-02  0.228274968493E-02  0.231184337127E-02
  0.234130301113E-02  0.237113320765E-02  0.240133862185E-02  0.243192397339E-02
  0.246289404129E-02  0.249425366469E-02  0.252600774359E-02  0.255816123964E-02
  0.259071917687E-02  0.262368664254E-02  0.265706878788E-02  0.269087082892E-02
  0.272509804730E-02  0.275975579108E-02  0.279484947561E-02  0.283038458436E-02
  0.286636666974E-02  0.290280135404E-02  0.293969433026E-02  0.297705136299E-02
  0.301487828934E-02  0.305318101985E-02  0.309196553941E-02  0.313123790816E-02
  0.317100426250E-02  0.321127081600E-02  0.325204386040E-02  0.329332976655E-02
  0.333513498548E-02  0.337746604933E-02  0.342032957241E-02  0.346373225224E-02
  0.350768087057E-02  0.355218229447E-02  0.359724347738E-02  0.364287146019E-02
  0.368907337237E-02  0.373585643307E-02  0.378322795222E-02  0.383119533174E-02
  0.387976606661E-02  0.392894774612E-02  0.397874805500E-02  0.402917477465E-02
  0.408023578435E-02  0.413193906249E-02  0.418429268781E-02  0.423730484066E-02
  0.429098380432E-02  0.434533796621E-02  0.440037581930E-02  0.445610596335E-02
  0.451253710632E-02  0.456967806569E-02  0.462753776984E-02  0.468612525949E-02
  0.474544968903E-02  0.480552032803E-02  0.486634656265E-02  0.492793789712E-02
  0.499030395521E-02  0.505345448173E-02  0.511739934409E-02  0.518214853381E-02
  0.524771216806E-02  0.531410049132E-02  0.538132387688E-02  0.544939282854E-02
  0.551831798221E-02  0.558811010759E-02  0.565878010983E-02  0.573033903127E-02
  0.580279805314E-02  0.587616849730E-02  0.595046182804E-02  0.602568965384E-02
  0.610186372920E-02  0.617899595647E-02  0.625709838773E-02  0.633618322664E-02
  0.641626283036E-02  0.649734971149E-02  0.657945654003E-02  0.666259614533E-02
  0.674678151813E-02  0.683202581256E-02  0.691834234822E-02  0.700574461224E-02
  0.709424626140E-02  0.718386112427E-02  0.727460320335E-02  0.736648667727E-02
  0.745952590301E-02  0.755373541815E-02  0.764912994311E-02  0.774572438348E-02
  0.784353383233E-02  0.794257357260E-02  0.804285907944E-02  0.814440602267E-02
  0.824723026920E-02  0.835134788554E-02  0.845677514027E-02  0.856352850661E-02
  0.867162466500E-02  0.878108050568E-02  0.889191313134E-02  0.900413985982E-02
  0.911777822676E-02  0.923284598839E-02  0.934936112429E-02  0.946734184018E-02
  0.958680657079E-02  0.970777398272E-02  0.983026297738E-02  0.995429269392E-02
  0.100798825122E-01  0.102070520560E-01  0.103358211957E-01  0.104662100518E-01
  0.105982389978E-01  0.107319286635E-01  0.108672999382E-01  0.110043739739E-01
  0.111431721887E-01  0.112837162701E-01  0.114260281785E-01  0.115701301503E-01
  0.117160447018E-01  0.118637946323E-01  0.120134030283E-01  0.121648932661E-01
  0.123182890166E-01  0.124736142481E-01  0.126308932306E-01  0.127901505390E-01
  0.129514110578E-01  0.131146999842E-01  0.132800428325E-01  0.134474654378E-01
  0.136169939602E-01  0.137886548889E-01  0.139624750463E-01  0.141384815921E-01
  0.143167020277E-01  0.144971642004E-01  0.146798963079E-01  0.148649269022E-01
  0.150522848950E-01  0.152419995612E-01  0.154341005441E-01  0.156286178599E-01
  0.158255819023E-01  0.160250234475E-01  0.162269736584E-01  0.164314640902E-01
  0.166385266951E-01  0.168481938269E-01  0.170604982465E-01  0.172754731270E-01
  0.174931520587E-01  0.177135690542E-01  0.179367585542E-01  0.181627554325E-01
  0.183915950016E-01  0.186233130181E-01  0.188579456885E-01  0.190955296746E-01
  0.193361020993E-01  0.195797005526E-01  0.198263630972E-01  0.200761282747E-01
  0.203290351114E-01  0.205851231244E-01  0.208444323281E-01  0.211070032401E-01
  0.213728768876E-01  0.216420948139E-01  0.219146990848E-01  0.221907322953E-01
  0.224702375762E-01  0.227532586007E-01  0.230398395914E-01  0.233300253273E-01
  0.236238611504E-01  0.239213929731E-01  0.242226672854E-01  0.245277311621E-01
  0.248366322700E-01  0.251494188755E-01  0.254661398521E-01  0.257868446882E-01
  0.261115834946E-01  0.264404070123E-01  0.267733666206E-01  0.271105143453E-01
  0.274519028663E-01  0.277975855263E-01  0.281476163388E-01  0.285020499969E-01
  0.288609418817E-01  0.292243480706E-01  0.295923253467E-01  0.299649312071E-01
  0.303422238722E-01  0.307242622949E-01  0.311111061693E-01  0.315028159407E-01
  0.318994528145E-01  0.323010787659E-01  0.327077565499E-01  0.331195497108E-01
  0.335365225919E-01  0.339587403462E-01  0.343862689461E-01  0.348191751937E-01
  0.352575267316E-01  0.357013920531E-01  0.361508405131E-01  0.366059423387E-01
  0.370667686405E-01  0.375333914237E-01  0.380058835989E-01  0.384843189941E-01
  0.389687723657E-01  0.394593194105E-01  0.399560367776E-01  0.404590020800E-01
  0.409682939071E-01  0.414839918368E-01  0.420061764478E-01  0.425349293327E-01
  0.430703331102E-01  0.436124714381E-01  0.441614290267E-01  0.447172916517E-01
  0.452801461679E-01  0.458500805222E-01  0.464271837683E-01  0.470115460795E-01
  0.476032587638E-01  0.482024142774E-01  0.488091062395E-01  0.494234294472E-01
  0.500454798895E-01  0.506753547632E-01  0.513131524874E-01  0.519589727194E-01
  0.526129163699E-01  0.532750856189E-01  0.539455839318E-01  0.546245160751E-01
  0.553119881336E-01  0.560081075260E-01  0.567129830224E-01  0.574267247611E-01
  0.581494442657E-01  0.588812544626E-01  0.596222696986E-01  0.603726057588E-01
  0.611323798847E-01  0.619017107927E-01  0.626807186923E-01  0.634695253049E-01
  0.642682538833E-01  0.650770292304E-01  0.658959777191E-01  0.667252273116E-01
  0.675649075799E-01  0.684151497258E-01  0.692760866013E-01  0.701478527296E-01
  0.710305843259E-01  0.719244193188E-01  0.728294973718E-01  0.737459599053E-01
  0.746739501184E-01  0.756136130113E-01  0.765650954084E-01  0.775285459808E-01
  0.785041152695E-01  0.794919557092E-01  0.804922216520E-01  0.815050693915E-01
  0.825306571872E-01  0.835691452893E-01  0.846206959637E-01  0.856854735172E-01
  0.867636443237E-01  0.878553768493E-01  0.889608416796E-01  0.900802115458E-01
  0.912136613515E-01  0.923613682007E-01  0.935235114249E-01  0.947002726113E-01
  0.958918356313E-01  0.970983866690E-01  0.983201142504E-01  0.995572092731E-01
  0.100809865035      0.102078277268      0.103362644162      0.104663166402    
  0.105980047199      0.107313492317      0.108663710110      0.110030911552    
  0.111415310271      0.112817122582      0.114236567521      0.115673866880    
  0.117129245239      0.118602930005      0.120095151442      0.121606142715    
  0.123136139918      0.124685382117      0.126254111384      0.127842572836    
  0.129451014673      0.131079688218      0.132728847955      0.134398751567    
  0.136089659980      0.137801837404      0.139535551368      0.141291072769    
  0.143068675911      0.144868638548      0.146691241928      0.148536770836    
  0.150405513640      0.152297762335      0.154213812588      0.156153963786    
  0.158118519083      0.160107785443      0.162122073693      0.164161698571    
  0.166226978771      0.168318236999      0.170435800016      0.172579998698    
  0.174751168078      0.176949647407      0.179175780203      0.181429914301    
  0.183712401916      0.186023599691      0.188363868755      0.190733574781    
  0.193133088038      0.195562783457      0.198023040682      0.200514244133    
  0.203036783066      0.205591051633      0.208177448943      0.210796379127    
  0.213448251397      0.216133480113      0.218852484849      0.221605690454    
  0.224393527123      0.227216430460      0.230074841550      0.232969207025    
  0.235899979136      0.238867615822      0.241872580782      0.244915343549    
  0.247996379559      0.251116170232      0.254275203040      0.257473971590    
  0.260712975694      0.263992721455      0.267313721339      0.270676494259    
  0.274081565656      0.277529467577      0.281020738767      0.284555924741    
  0.288135577881      0.291760257515      0.295430530005      0.299146968841    
  0.302910154722      0.306720675654      0.310579127039      0.314486111768    
  0.318442240316      0.322448130834      0.326504409252      0.330611709372    
  0.334770672967      0.338981949884      0.343246198144      0.347564084044    
  0.351936282262      0.356363475964      0.360846356907      0.365385625551    
  0.369981991166      0.374636171943      0.379348895107      0.384120897031    
  0.388952923350      0.393845729078      0.398800078726      0.403816746421    
  0.408896516027      0.414040181269      0.419248545855      0.424522423603    
  0.429862638566      0.435270025164      0.440745428313      0.446289703555    
  0.451903717194      0.457588346432      0.463344479503      0.469173015815    
  0.475074866089      0.481050952500      0.487102208825      0.493229580584    
  0.499434025192      0.505716512106      0.512078022976      0.518519551803    
  0.525042105089      0.531646701994      0.538334374502      0.545106167575    
  0.551963139318      0.558906361148      0.565936917958      0.573055908285    
  0.580264444488      0.587563652914      0.594954674079      0.602438662846    
  0.610016788603      0.617690235447      0.625460202371      0.633327903447    
  0.641294568020      0.649361440897      0.657529782544      0.665800869280    
  0.674175993480      0.682656463774      0.691243605253      0.699938759674    
  0.708743285674      0.717658558978      0.726685972615      0.735826937136    
  0.745082880838      0.754455249978      0.763945509009      0.773555140804    
  0.783285646887      0.793138547669      0.803115382686      0.813217710838    
  0.823447110636      0.833805180444      0.844293538730      0.854913824323    
  0.865667696664      0.876556836067      0.887582943982      0.898747743261    
  0.910052978427      0.921500415946      0.933091844502      0.944829075282    
  0.956713942249      0.968748302440      0.980934036247      0.993273047717    
   1.00576726484       1.01841863988       1.03122914962       1.04420079573    
   1.05733560507       1.07063562997       1.08410294859       1.09773966522    
   1.11154791064       1.12552984240       1.13968764521       1.15402353125    
   1.16853974055       1.18323854128       1.19812223016       1.21319313280    
   1.22845360406       1.24390602842       1.25955282035       1.27539642469    
   1.29143931705       1.30768400414       1.32413302425       1.34078894756    
   1.35765437659       1.37473194661       1.39202432601       1.40953421677    
   1.42726435484       1.44521751059       1.46339648924       1.48180413130    
   1.50044331299       1.51931694672       1.53842798154       1.55777940358    
   1.57737423655       1.59721554218       1.61730642071       1.63765001138    
   1.65824949291       1.67910808403       1.70022904393       1.72161567280    
   1.74327131234       1.76519934629       1.78740320096       1.80988634574    
   1.83265229366       1.85570460196       1.87904687260       1.90268275286    
   1.92661593589       1.95085016131       1.97538921575       2.00023693351    
   2.02539719708       2.05087393780       2.07667113647       2.10279282396    
   2.12924308183       2.15602604298       2.18314589231       2.21060686735    
   2.23841325894       2.26656941188       2.29507972562       2.32394865496    
   2.35318071073       2.38278046049       2.41275252928       2.44310160028    
   2.47383241559       2.50494977698       2.53645854659       2.56836364774    
   2.60067006565       2.63338284827       2.66650710705       2.70004801771    
   2.73401082109       2.76840082394       2.80322339978       2.83848398970    
   2.87418810324       2.91034131925       2.94694928673       2.98401772576    
   3.02155242835       3.05955925937       3.09804415748       3.13701313602    
   3.17647228396       3.21642776689       3.25688582792       3.29785278871    
   3.33933505043       3.38133909477       3.42387148494       3.46693886673    
   3.51054796949       3.55470560723       3.59941867969       3.64469417335    
   3.69053916262       3.73696081087       3.78396637157       3.83156318943    
   3.87975870157       3.92856043861       3.97797602595       4.02801318485    
   4.07867973373       4.12998358934       4.18193276801       4.23453538691    
   4.28779966530       4.34173392584       4.39634659586       4.45164620870    
   4.50764140504       4.56434093425       4.62175365573       4.67988854035    
   4.73875467180       4.79836124804       4.85871758270       4.91983310659    
   4.98171736914       5.04438003989       5.10783091000       5.17207989381    
   5.23713703035       5.30301248493       5.36971655072       5.43725965037    
   5.50565233763       5.57490529898       5.64502935536       5.71603546378    
   5.78793471910       5.86073835571       5.93445774934       6.00910441879    
   6.08469002776       6.16122638664       6.23872545441       6.31719934044    
   6.39666030645       6.47712076836       6.55859329830       6.64109062651    
   6.72462564336       6.80921140138       6.89486111725       6.98158817392    
   7.06940612267       7.15832868524       7.24836975595       7.33954340390    
   7.43186387517       7.52534559501       7.62000317013       7.71585139098    
   7.81290523402       7.91117986413       8.01069063691       8.11145310112    
   8.21348300111       8.31679627925       8.42140907845       8.52733774468    
   8.63459882950       8.74320909268       8.85318550479       8.96454524988    
   9.07730572812       9.19148455857       9.30709958190       9.42416886321    
   9.54271069479       9.66274359906       9.78428633140       9.90735788311    
   10.0319774844       10.1581646072       10.2859389687       10.4153205338    
   10.5463295187       10.6789863937       10.8133118868       10.9493269866    
   11.0870529457       11.2265112841       11.3677237925       11.5107125356    
   11.6554998557       11.8021083760       11.9505610045       12.1008809372    
   12.2530916619       12.4072169619       12.5632809194       12.7213079199    
   12.8813226553       13.0433501283       13.2074156561       13.3735448741    
   13.5417637405       13.7120985397       13.8845758869       14.0592227321    
   14.2360663642       14.4151344153       14.5964548652       14.7800560456    
   14.9659666446       15.1542157110       15.3448326592       15.5378472734    
   15.7332897126       15.9311905151       16.1315806032       16.3344912883    
   16.5399542757       16.7480016692       16.9586659769       17.1719801153    
   17.3879774152       17.6066916268       17.8281569244       18.0524079126    
   18.2794796309       18.5094075599       18.7422276262       18.9779762084    
   19.2166901427       19.4584067286       19.7031637349       19.9509994054    
   20.2019524648       20.4560621252       20.7133680916       20.9739105686    
   21.2377302665       21.5048684077       21.7753667331       22.0492675086    
   22.3266135317       22.6074481383       22.8918152094       23.1797591779    
   23.4713250357       23.7665583405       24.0655052231       24.3682123945    
   24.6747271535       24.9850973935       25.2993716105       25.6175989106    
   25.9398290173       26.2661122798       26.5964996805       26.9310428431    
   27.2697940407       27.6128062038       27.9601329287       28.3118284861    
   28.6679478290       29.0285466017       29.3936811487       29.7634085228    
   30.1377864949       30.5168735620       30.9007289576       31.2894126595    
   31.6829854006       32.0815086774       32.4850447599       32.8936567014    
   33.3074083485       33.7263643505       34.1505901704       34.5801520942    
   35.0151172418       35.4555535774       35.9015299202       36.3531159548    
   36.8103822424       37.2734002318       37.7422422706       38.2169816163    
   38.6976924478       39.1844498772       39.6773299614       40.1764097138    
   40.6817671167       41.1934811332       41.7116317196       42.2362998381    
   42.7675674691       43.3055176243       43.8502343594       44.4018027876    
   44.9603090925       45.5258405419       46.0984855012       46.6783334474    
   47.2654749829       47.8600018498       48.4620069440       49.0715843301    
   49.6888292559       50.3138381670       50.9467087224       51.5875398095    
   52.2364315593       52.8934853626       53.5588038853       54.2324910847    
   54.9146522260       55.6053938981       56.3048240309       57.0130519117    
   57.7301882026       58.4563449576       59.1916356401       59.9361751408    
   60.6900797956       61.4534674035       62.2264572455       63.0091701027    
   63.8017282757       64.6042556033       65.4168774819       66.2397208855    
   67.0729143850       67.9165881685       68.7708740618       69.6359055488    
   70.5118177925       71.3987476558       72.2968337235       73.2062163233    
   74.1270375480       75.0594412779       76.0035732029       76.9595808456    
   77.9276135841       78.9078226754       79.9003612794       80.9053844820    
   81.9230493203       82.9535148065       83.9969419529       85.0534937970    
   86.1233354273       87.2066340087       88.3035588089       89.4142812244    
   90.5389748081       91.6778152955       92.8309806328       93.9986510043    
   95.1810088611       96.3782389489       97.5905283373       98.8180664491    
   100.061045089       101.319658476       102.594103271       103.884578608    
   105.191286126       106.514430001       107.854216977       109.210856399    
   110.584560244       111.975543157       113.384022480       114.810218293    
   116.254353440       117.716653572       119.197347174    
Down potential follows (l on next line)
 0
  -163.966204585      -164.082293809      -163.919128449      -164.028097063    
  -163.989713199      -164.000948319      -163.989920494      -163.994996136    
  -163.992514273      -163.991967286      -163.991157132      -163.990355052    
  -163.989548075      -163.988742719      -163.987935654      -163.987128132    
  -163.986319519      -163.985509869      -163.984699024      -163.983886887    
  -163.983073348      -163.982258302      -163.981441647      -163.980623280    
  -163.979803099      -163.978981006      -163.978156903      -163.977330692    
  -163.976502277      -163.975671565      -163.974838463      -163.974002879    
  -163.973164723      -163.972323907      -163.971480343      -163.970633947    
  -163.969784633      -163.968932321      -163.968076930      -163.967218382    
  -163.966356600      -163.965491509      -163.964623038      -163.963751115    
  -163.962875674      -163.961996648      -163.961113973      -163.960227590    
  -163.959337440      -163.958443467      -163.957545619      -163.956643846    
  -163.955738101      -163.954828341      -163.953914524      -163.952996614    
  -163.952074577      -163.951148382      -163.950218004      -163.949283418    
  -163.948344607      -163.947401554      -163.946454250      -163.945502686    
  -163.944546862      -163.943586777      -163.942622440      -163.941653860    
  -163.940681053      -163.939704040      -163.938722845      -163.937737499    
  -163.936748036      -163.935754497      -163.934756925      -163.933755372    
  -163.932749892      -163.931740545      -163.930727397      -163.929710516    
  -163.928689979      -163.927665865      -163.926638258      -163.925607247    
  -163.924572927      -163.923535394      -163.922494750      -163.921451101    
  -163.920404555      -163.919355225      -163.918303224      -163.917248671    
  -163.916191683      -163.915132380      -163.914070884      -163.913007314    
  -163.911941792      -163.910874437      -163.909805364      -163.908734688    
  -163.907662519      -163.906588963      -163.905514118      -163.904438077    
  -163.903360925      -163.902282737      -163.901203577      -163.900123498    
  -163.899042540      -163.897960727      -163.896878069      -163.895794555    
  -163.894710158      -163.893624830      -163.892538498      -163.891451068    
  -163.890362419      -163.889272402      -163.888180842      -163.887087530    
  -163.885992227      -163.884894662      -163.883794525      -163.882691474    
  -163.881585128      -163.880475066      -163.879360829      -163.878241916    
  -163.877117786      -163.875987853      -163.874851492      -163.873708032    
  -163.872556761      -163.871396922      -163.870227716      -163.869048302    
  -163.867857796      -163.866655276      -163.865439776      -163.864210294    
  -163.862965791      -163.861705191      -163.860427388      -163.859131240    
  -163.857815579      -163.856479209      -163.855120910      -163.853739441    
  -163.852333542      -163.850901936      -163.849443334      -163.847956436    
  -163.846439937      -163.844892526      -163.843312891      -163.841699722    
  -163.840051715      -163.838367573      -163.836646007      -163.834885743    
  -163.833085522      -163.831244102      -163.829360261      -163.827432799    
  -163.825460536      -163.823442322      -163.821377029      -163.819263559    
  -163.817100842      -163.814887835      -163.812623528      -163.810306938    
  -163.807937115      -163.805513138      -163.803034115      -163.800499187    
  -163.797907522      -163.795258317      -163.792550797      -163.789784215    
  -163.786957849      -163.784071003      -163.781123004      -163.778113202    
  -163.775040968      -163.771905693      -163.768706788      -163.765443679    
  -163.762115808      -163.758722632      -163.755263621      -163.751738254    
  -163.748146022      -163.744486424      -163.740758964      -163.736963155    
  -163.733098510      -163.729164548      -163.725160789      -163.721086752    
  -163.716941956      -163.712725917      -163.708438149      -163.704078163    
  -163.699645460      -163.695139541      -163.690559895      -163.685906006    
  -163.681177347      -163.676373383      -163.671493569      -163.666537347    
  -163.661504148      -163.656393394      -163.651204490      -163.645936828    
  -163.640589790      -163.635162740      -163.629655027      -163.624065989    
  -163.618394944      -163.612641197      -163.606804035      -163.600882731    
  -163.594876537      -163.588784693      -163.582606419      -163.576340918    
  -163.569987375      -163.563544957      -163.557012815      -163.550390080    
  -163.543675863      -163.536869261      -163.529969349      -163.522975183    
  -163.515885801      -163.508700224      -163.501417450      -163.494036459    
  -163.486556214      -163.478975656      -163.471293706      -163.463509268    
  -163.455621222      -163.447628433      -163.439529741      -163.431323971    
  -163.423009922      -163.414586378      -163.406052099      -163.397405825    
  -163.388646277      -163.379772153      -163.370782131      -163.361674867    
  -163.352448998      -163.343103137      -163.333635878      -163.324045790    
  -163.314331424      -163.304491306      -163.294523942      -163.284427815    
  -163.274201385      -163.263843090      -163.253351346      -163.242724544    
  -163.231961054      -163.221059222      -163.210017371      -163.198833798    
  -163.187506780      -163.176034568      -163.164415388      -163.152647442    
  -163.140728909      -163.128657940      -163.116432665      -163.104051186    
  -163.091511579      -163.078811896      -163.065950162      -163.052924376    
  -163.039732512      -163.026372514      -163.012842302      -162.999139768    
  -162.985262776      -162.971209163      -162.956976737      -162.942563279    
  -162.927966541      -162.913184247      -162.898214089      -162.883053734    
  -162.867700816      -162.852152941      -162.836407684      -162.820462590    
  -162.804315172      -162.787962914      -162.771403266      -162.754633650    
  -162.737651452      -162.720454029      -162.703038704      -162.685402767    
  -162.667543474      -162.649458051      -162.631143685      -162.612597534    
  -162.593816717      -162.574798322      -162.555539400      -162.536036966    
  -162.516288001      -162.496289448      -162.476038216      -162.455531176    
  -162.434765160      -162.413736966      -162.392443352      -162.370881039    
  -162.349046710      -162.326937007      -162.304548536      -162.281877861    
  -162.258921509      -162.235675964      -162.212137671      -162.188303035    
  -162.164168420      -162.139730146      -162.114984495      -162.089927704    
  -162.064555970      -162.038865446      -162.012852241      -161.986512424    
  -161.959842017      -161.932836999      -161.905493306      -161.877806828    
  -161.849773411      -161.821388856      -161.792648918      -161.763549305    
  -161.734085682      -161.704253664      -161.674048823      -161.643466681    
  -161.612502714      -161.581152352      -161.549410975      -161.517273915    
  -161.484736458      -161.451793839      -161.418441246      -161.384673816    
  -161.350486640      -161.315874755      -161.280833153      -161.245356773    
  -161.209440504      -161.173079186      -161.136267607      -161.099000506    
  -161.061272570      -161.023078434      -160.984412683      -160.945269851    
  -160.905644419      -160.865530817      -160.824923423      -160.783816563    
  -160.742204510      -160.700081487      -160.657441661      -160.614279151    
  -160.570588020      -160.526362279      -160.481595887      -160.436282750    
  -160.390416721      -160.343991600      -160.297001134      -160.249439018    
  -160.201298892      -160.152574345      -160.103258911      -160.053346072    
  -160.002829257      -159.951701842      -159.899957150      -159.847588450    
  -159.794588958      -159.740951839      -159.686670202      -159.631737107    
  -159.576145556      -159.519888504      -159.462958848      -159.405349435    
  -159.347053059      -159.288062461      -159.228370330      -159.167969302    
  -159.106851960      -159.045010836      -158.982438408      -158.919127104    
  -158.855069297      -158.790257309      -158.724683411      -158.658339820    
  -158.591218703      -158.523312171      -158.454612288      -158.385111062    
  -158.314800451      -158.243672359      -158.171718640      -158.098931094    
  -158.025301471      -157.950821465      -157.875482721      -157.799276829    
  -157.722195329      -157.644229705      -157.565371389      -157.485611762    
  -157.404942148      -157.323353820      -157.240837997      -157.157385841    
  -157.072988463      -156.987636916      -156.901322202      -156.814035262    
  -156.725766986      -156.636508204      -156.546249691      -156.454982165    
  -156.362696284      -156.269382650      -156.175031806      -156.079634233    
  -155.983180355      -155.885660534      -155.787065071      -155.687384204    
  -155.586608110      -155.484726902      -155.381730630      -155.277609279    
  -155.172352768      -155.065950953      -154.958393619      -154.849670488    
  -154.739771212      -154.628685375      -154.516402493      -154.402912011    
  -154.288203305      -154.172265678      -154.055088366      -153.936660530    
  -153.816971259      -153.696009570      -153.573764409      -153.450224647    
  -153.325379081      -153.199216436      -153.071725362      -152.942894437    
  -152.812712162      -152.681166967      -152.548247206      -152.413941158    
  -152.278237031      -152.141122955      -152.002586990      -151.862617117    
  -151.721201246      -151.578327210      -151.433982770      -151.288155608    
  -151.140833334      -150.992003477      -150.841653493      -150.689770756    
  -150.536342564      -150.381356130      -150.224798588      -150.066656984    
  -149.906918281      -149.745569351      -149.582596976      -149.417987845    
  -149.251728551      -149.083805589      -148.914205358      -148.742914155    
  -148.569918177      -148.395203522      -148.218756192      -148.040562098    
  -147.860607063      -147.678876836      -147.495357104      -147.310033509    
  -147.122891671      -146.933917213      -146.743095800      -146.550413179    
  -146.355855226      -146.159408006      -145.961057839      -145.760791374    
  -145.558595679      -145.354458328      -145.148367509      -144.940312127    
  -144.730281925      -144.518267594      -144.304260894      -144.088254766    
  -143.870243433      -143.650222497      -143.428189007      -143.204141509    
  -142.978080066      -142.750006239      -142.519923034      -142.287834803    
  -142.053747089      -141.817666443      -141.579600183      -141.339556106    
  -141.097542174      -140.853566164      -140.607635302      -140.359755877    
  -140.109932874      -139.858169613      -139.604467415      -139.348825306    
  -139.091239781      -138.831704605      -138.570210687      -138.306746016    
  -138.041295653      -137.773841791      -137.504363864      -137.232838716    
  -136.959240803      -136.683542444      -136.405714096      -136.125724652    
  -135.843541765      -135.559132174      -135.272462041      -134.983497280    
  -134.692203885      -134.398548238      -134.102497397      -133.804019355    
  -133.503083275      -133.199659679      -132.893720614      -132.585239769    
  -132.274192563      -131.960556201      -131.644309692      -131.325433853    
  -131.003911280      -130.679726306      -130.352864943      -130.023314809    
  -129.691065057      -129.356106283      -129.018430439      -128.678030742    
  -128.334901577      -127.989038404      -127.640437665      -127.289096690    
  -126.935013605      -126.578187249      -126.218617088      -125.856303138    
  -125.491245886      -125.123446226      -124.752905394      -124.379624906    
  -124.003606514      -123.624852150      -123.243363896      -122.859143944    
  -122.472194571      -122.082518117      -121.690116973      -121.294993568    
  -120.897150369      -120.496589885      -120.093314674      -119.687327362    
  -119.278630659      -118.867227389      -118.453120522      -118.036313211    
  -117.616808840      -117.194611067      -116.769723891      -116.342151708    
  -115.911899391      -115.478972371      -115.043376732      -114.605119320    
  -114.164207866      -113.720651132      -113.274459073      -112.825643021    
  -112.374215904      -111.920192480      -111.463589606      -111.004426528    
  -110.542725190      -110.078510563      -109.611810967      -109.142658386    
  -108.671088749      -108.197142150      -107.720862995      -107.242300027    
  -106.761506215      -106.278538479      -105.793457222      -105.306325638    
  -104.817208842      -104.326172774      -103.833282917      -103.338602867    
  -102.842192802      -102.344107898      -101.844396773      -101.343100032    
  -100.840249005      -100.335864774      -99.8299575679      -99.3225266168    
  -98.8135605401      -98.3030382798      -97.7909305740      -97.2772018970    
  -96.7618127308      -96.2447219929      -95.7258894135      -95.2052776659    
  -94.6828540869      -94.1585918857      -93.6324708149      -93.1044773463    
  -92.5746044491      -92.0428510973      -91.5092216393      -90.9737251425    
  -90.4363747966      -89.8971874204      -89.3561830840      -88.8133848307    
  -88.2688184675      -87.7225123867      -87.1744973842      -86.6248064473    
  -86.0734744965      -85.5205380768      -84.9660350022      -84.4100039661    
  -83.8524841333      -83.2935147300      -82.7331346498      -82.1713820911    
  -81.6082942378      -81.0439069940      -80.4782547783      -79.9113703827    
  -79.3432848971      -78.7740276978      -78.2036264990      -77.6321074601    
  -77.0594953454      -76.4858137272      -75.9110852252      -75.3353317742    
  -74.7585749122      -74.1808360840      -73.6021369568      -73.0224997526    
  -72.4419476043      -71.8605049584      -71.2781980526      -70.6950555154    
  -70.1111091448      -69.5263949373      -68.9409544506      -68.3548365644    
  -67.7680997301      -67.1808147166      -66.5930678125      -66.0049644361    
  -65.4166328748      -64.8282278273      -64.2399332997      -63.6519642362    
  -63.0645662336      -62.4780126326      -61.8925983584      -61.3086299706    
  -60.7264116456      -60.1462272223      -59.5683188636      -58.9928639040    
  -58.4199525375      -57.8495701352      -57.2815890163      -56.7157741303    
  -56.1518050663      -55.5893130565      -55.0279271241      -54.4673202902    
  -53.9072463782      -53.3475608279      -52.7882237374      -52.2292879772    
  -51.6708779781      -51.1131652351      -50.5563453078      -50.0006191703    
  -49.4461800070      -48.8932053380      -48.3418537026      -47.7922648699    
  -47.2445625007      -46.6988582515      -46.1552564341      -45.6138585057    
  -45.0747668555      -44.5380875651      -44.0039320111      -43.4724173497    
  -42.9436660371      -42.4178046073      -41.8949619517      -41.3752673273    
  -40.8588482878      -40.3458286842      -39.8363268408      -39.3304539670    
  -38.8283128412      -38.3299967729      -37.8355888399      -37.3451613848    
  -36.8587757513      -36.3764822390      -35.8983202547      -35.4243186402    
  -34.9544961546      -34.4888620924      -34.0274170171      -33.5701535885    
  -33.1170574624      -32.6681082393      -32.2232804342      -31.7825444421    
  -31.3458674689      -30.9132143998      -30.4845485781      -30.0598324734    
  -29.6390282246      -29.2220980590      -28.8090046062      -28.3997111465    
  -27.9941818569      -27.5923821706      -27.1942793754      -26.7998435876    
  -26.4090492811      -26.0218775359      -25.6383190938      -25.2583782421    
  -24.8820773976      -24.5094620589      -24.1406055610      -23.7756128139    
  -23.4146219994      -23.0578031011      -22.7053522253      -22.3574810086    
  -22.0144010225      -21.6763039539      -21.3433393483      -21.0155926584    
  -20.6930669854      -20.3756719602      -20.0632224954      -19.7554486240    
  -19.4520155930      -19.1525512914      -18.8566766000      -18.5640338226    
  -18.2743091302      -17.9872466122      -17.7026535038      -17.4203978411    
  -17.1404008040      -16.8626262718      -16.5870697893      -16.3137485112    
  -16.0426930022      -15.7739411825      -15.5075343039      -15.2435146111    
  -14.9819242529      -14.7228050186      -14.4661985337      -14.2121466362    
  -13.9606917401      -13.7118770703      -13.4657467172      -13.2223454998    
  -12.9817186622      -12.7439114380      -12.5089685291      -12.2769335415    
  -12.0478484172      -11.8217528946      -11.5986840193      -11.3786757235    
  -11.1617584826      -10.9479590522      -10.7373002880      -10.5298010374    
  -10.3254761165      -10.1243363310      -9.92638856024      -9.73163592113    
  -9.54007791139      -9.35171063815      -9.16652703710      -8.98451710139    
  -8.80566819203      -8.62996524169      -8.45739101084      -8.28792635412    
  -8.12155042681      -7.95824090190      -7.79797415428      -7.64072542434    
  -7.48646895625      -7.33517811148      -7.18682546111      -7.04138285023    
  -6.89882146444      -6.75911185554      -6.62222397185      -6.48812722914    
  -6.35679051752      -6.22818226045      -6.10227050602      -5.97902301078    
  -5.85840737043      -5.74039116852      -5.62494215143      -5.51202841990    
  -5.40161862819      -5.29368217694      -5.18818938296      -5.08511160669    
  -4.98442131685      -4.88609207200      -4.79009840175      -4.69641557434    
  -4.60501924513      -4.51588498888      -4.42898772961      -4.34430109258    
  -4.26179671300      -4.18144354488      -4.10320721777      -4.02704949061    
  -3.95292784726      -3.88079527022      -3.81060021571      -3.74228679840    
  -3.67579517732      -3.61106211956      -3.54802170508      -3.48660612769    
  -3.42674654298      -3.36837391466      -3.31141981565      -3.25581714847    
  -3.20150075893      -3.14840792816      -3.09647873746      -3.04565630932    
  -2.99588693448      -2.94712009957      -2.89930843208      -2.85240758089    
  -2.80637604984      -2.76117499903      -2.71676802881      -2.67312095836    
  -2.63020160656      -2.58797958317      -2.54642609689      -2.50551378260    
  -2.46521655118      -2.42550946448      -2.38636863651      -2.34777116039    
  -2.30969506593      -2.27211930097      -2.23502374169      -2.19838923676    
  -2.16219766862      -2.12643204474      -2.09107661497      -2.05611700553    
  -2.02154037272      -1.98733556865      -1.95349331427      -1.92000637320    
  -1.88686971895      -1.85408068773      -1.82163910824      -1.78954740024    
  -1.75781063374      -1.72643654144      -1.69543547851      -1.66482032518    
  -1.63460632927      -1.60481089019      -1.57545328299      -1.54655432977    
  -1.51813602714      -1.49022113166      -1.46283271802      -1.43599372093    
  -1.40972646971      -1.38405222837      -1.35899075120      -1.33455986342    
  -1.31077507524      -1.28764923581      -1.26519223200      -1.24341073545    
  -1.22230799938      -1.20188370570      -1.18213386151      -1.16305074328    
  -1.14462288650      -1.12683511804      -1.10966862849      -1.09310108180    
  -1.07710675976      -1.06165673929      -1.04671910074      -1.03225916606    
  -1.01823976559      -1.00462153299     -0.991363227350     -0.978422081671    
 -0.965754176586     -0.953314837446     -0.941059052338     -0.928941907527    
 -0.916919035875     -0.904947072620     -0.892984111821     -0.880990155826    
 -0.868927549304     -0.856761388911     -0.844459899486     -0.831994767985    
 -0.819341426972     -0.806479280684     -0.793391868066     -0.780066959062    
 -0.766496582369     -0.752676985018     -0.738608526168     -0.724295509504    
 -0.709745960285     -0.694971354504     -0.679986308630     -0.664808239003    
 -0.649457000184     -0.633954511402     -0.618324379747     -0.602591528004    
 -0.586781834106     -0.570921788045     -0.555038171000     -0.539157760251    
 -0.523307062357     -0.507512076065     -0.491798085498     -0.476189483387    
 -0.460709623458     -0.445380700606     -0.430223657025     -0.415258112276    
 -0.400502315073     -0.385973114446     -0.371685948026     -0.357654845156    
 -0.343892442711     -0.330410011579     -0.317217491945     -0.304323535695    
 -0.291735554369     -0.279459771364     -0.267501277157     -0.255864086549    
 -0.244551197033     -0.233564647563     -0.222905577113     -0.212574282493    
 -0.202570275070     -0.192892336030     -0.183538569969     -0.174506456632    
 -0.165792900666     -0.157394279334     -0.149306488121     -0.141524984252    
 -0.134044828112     -0.126860722640     -0.119967050686     -0.113357910454    
 -0.107027149055     -0.100968394253     -0.951750844761E-01 -0.896404971773E-01
 -0.843577755771E-01 -0.793199539197E-01 -0.745199812573E-01 -0.699507438417E-01
 -0.656050862061E-01 -0.614758309622E-01 -0.575557973810E-01 -0.538378188021E-01
 -0.503147589417E-01 -0.469795270852E-01 -0.438250922800E-01 -0.408444964976E-01
 -0.380308668389E-01 -0.353774268019E-01 -0.328775066614E-01 -0.305245529387E-01
 -0.283121370668E-01 -0.262339632085E-01 -0.242838752874E-01 -0.224558632518E-01
 -0.207440686140E-01 -0.191427892381E-01 -0.176464834830E-01 -0.162497736289E-01
 -0.149474487087E-01 -0.137344667159E-01 -0.126059561895E-01 -0.115572174106E-01
 -0.105837222833E-01 -0.968115215827E-02 -0.884529588393E-02 -0.807214915787E-02
 -0.793260165659E-02 -0.803235243848E-02 -0.813337200677E-02 -0.823565981747E-02
 -0.833924971604E-02 -0.844414529678E-02 -0.855036015776E-02 -0.865791092988E-02
 -0.876681443222E-02 -0.887708771131E-02 -0.898874801706E-02 -0.910181280167E-02
 -0.921629973877E-02 -0.933222672893E-02 -0.944961188901E-02 -0.956847355650E-02
 -0.968883031203E-02 -0.981070096390E-02 -0.993410455422E-02 -0.100590603688E-01
 -0.101855879325E-01 -0.103137070178E-01 -0.104434376426E-01 -0.105748000685E-01
 -0.107078148303E-01 -0.108425027159E-01 -0.109788847572E-01 -0.111169822778E-01
 -0.112568168489E-01 -0.113984103224E-01 -0.115417848192E-01 -0.116869627434E-01
 -0.118339667856E-01 -0.119828199126E-01 -0.121335453721E-01 -0.122861667296E-01
 -0.124407078238E-01 -0.125971928102E-01 -0.127556461341E-01 -0.129160925520E-01
 -0.130785571370E-01 -0.132430652812E-01 -0.134096426766E-01 -0.135783153548E-01
 -0.137491096761E-01 -0.139220523253E-01 -0.140971703193E-01 -0.142744910376E-01
 -0.144540421633E-01 -0.146358517771E-01 -0.148199482624E-01 -0.150063604006E-01
 -0.151951173130E-01 -0.153862484980E-01 -0.155797838170E-01 -0.157757535108E-01
 -0.159741881991E-01 -0.161751188863E-01 -0.163785769706E-01 -0.165845942457E-01
 -0.167932028900E-01 -0.170044355127E-01 -0.172183251243E-01 -0.174349051183E-01
 -0.176542093646E-01 -0.178762721175E-01 -0.181011280774E-01 -0.183288123773E-01
 -0.185593605925E-01 -0.187928087460E-01 -0.190291933086E-01 -0.192685512326E-01
 -0.195109199095E-01 -0.197563371963E-01 -0.200048414617E-01 -0.202564715356E-01
 -0.205112667146E-01 -0.207692668272E-01 -0.210305121786E-01 -0.212950435903E-01
 -0.215629023912E-01 -0.218341304562E-01 -0.221087701446E-01 -0.223868643702E-01
 -0.226684565984E-01 -0.229535908171E-01 -0.232423115761E-01 -0.235346639967E-01
 -0.238306937661E-01 -0.241304471258E-01 -0.244339709331E-01 -0.247413125859E-01
 -0.250525201211E-01 -0.253676421639E-01 -0.256867279580E-01 -0.260098273515E-01
 -0.263369908405E-01 -0.266682695458E-01 -0.270037152189E-01 -0.273433802632E-01
 -0.276873177886E-01 -0.280355815121E-01 -0.283882258424E-01 -0.287453059074E-01
 -0.291068774827E-01 -0.294729970583E-01 -0.298437218707E-01 -0.302191098108E-01
 -0.305992195467E-01 -0.309841104882E-01 -0.313738427577E-01 -0.317684772583E-01
 -0.321680756326E-01 -0.325727003494E-01 -0.329824146198E-01 -0.333972824650E-01
 -0.338173687053E-01 -0.342427389554E-01 -0.346734597278E-01 -0.351095982920E-01
 -0.355512228239E-01 -0.359984022917E-01 -0.364512065736E-01 -0.369097064603E-01
 -0.373739735463E-01 -0.378440803997E-01 -0.383201004631E-01 -0.388021081200E-01
 -0.392901786909E-01 -0.397843884373E-01 -0.402848145723E-01 -0.407915352951E-01
 -0.413046297868E-01 -0.418241781889E-01 -0.423502617377E-01
Up potential follows (l on next line)
 0
  -163.966204585      -164.082293809      -163.919128449      -164.028097063    
  -163.989713199      -164.000948319      -163.989920494      -163.994996136    
  -163.992514273      -163.991967286      -163.991157132      -163.990355052    
  -163.989548075      -163.988742719      -163.987935654      -163.987128132    
  -163.986319519      -163.985509869      -163.984699024      -163.983886887    
  -163.983073348      -163.982258302      -163.981441647      -163.980623280    
  -163.979803099      -163.978981006      -163.978156903      -163.977330692    
  -163.976502277      -163.975671565      -163.974838463      -163.974002879    
  -163.973164723      -163.972323907      -163.971480343      -163.970633947    
  -163.969784633      -163.968932321      -163.968076930      -163.967218382    
  -163.966356600      -163.965491509      -163.964623038      -163.963751115    
  -163.962875674      -163.961996648      -163.961113973      -163.960227590    
  -163.959337440      -163.958443467      -163.957545619      -163.956643846    
  -163.955738101      -163.954828341      -163.953914524      -163.952996614    
  -163.952074577      -163.951148382      -163.950218004      -163.949283418    
  -163.948344607      -163.947401554      -163.946454250      -163.945502686    
  -163.944546862      -163.943586777      -163.942622440      -163.941653860    
  -163.940681053      -163.939704040      -163.938722845      -163.937737499    
  -163.936748036      -163.935754497      -163.934756925      -163.933755372    
  -163.932749892      -163.931740545      -163.930727397      -163.929710516    
  -163.928689979      -163.927665865      -163.926638258      -163.925607247    
  -163.924572927      -163.923535394      -163.922494750      -163.921451101    
  -163.920404555      -163.919355225      -163.918303224      -163.917248671    
  -163.916191683      -163.915132380      -163.914070884      -163.913007314    
  -163.911941792      -163.910874437      -163.909805364      -163.908734688    
  -163.907662519      -163.906588963      -163.905514118      -163.904438077    
  -163.903360925      -163.902282737      -163.901203577      -163.900123498    
  -163.899042540      -163.897960727      -163.896878069      -163.895794555    
  -163.894710158      -163.893624830      -163.892538498      -163.891451068    
  -163.890362419      -163.889272402      -163.888180842      -163.887087530    
  -163.885992227      -163.884894662      -163.883794525      -163.882691474    
  -163.881585128      -163.880475066      -163.879360829      -163.878241916    
  -163.877117786      -163.875987853      -163.874851492      -163.873708032    
  -163.872556761      -163.871396922      -163.870227716      -163.869048302    
  -163.867857796      -163.866655276      -163.865439776      -163.864210294    
  -163.862965791      -163.861705191      -163.860427388      -163.859131240    
  -163.857815579      -163.856479209      -163.855120910      -163.853739441    
  -163.852333542      -163.850901936      -163.849443334      -163.847956436    
  -163.846439937      -163.844892526      -163.843312891      -163.841699722    
  -163.840051715      -163.838367573      -163.836646007      -163.834885743    
  -163.833085522      -163.831244102      -163.829360261      -163.827432799    
  -163.825460536      -163.823442322      -163.821377029      -163.819263559    
  -163.817100842      -163.814887835      -163.812623528      -163.810306938    
  -163.807937115      -163.805513138      -163.803034115      -163.800499187    
  -163.797907522      -163.795258317      -163.792550797      -163.789784215    
  -163.786957849      -163.784071003      -163.781123004      -163.778113202    
  -163.775040968      -163.771905693      -163.768706788      -163.765443679    
  -163.762115808      -163.758722632      -163.755263621      -163.751738254    
  -163.748146022      -163.744486424      -163.740758964      -163.736963155    
  -163.733098510      -163.729164548      -163.725160789      -163.721086752    
  -163.716941956      -163.712725917      -163.708438149      -163.704078163    
  -163.699645460      -163.695139541      -163.690559895      -163.685906006    
  -163.681177347      -163.676373383      -163.671493569      -163.666537347    
  -163.661504148      -163.656393394      -163.651204490      -163.645936828    
  -163.640589790      -163.635162740      -163.629655027      -163.624065989    
  -163.618394944      -163.612641197      -163.606804035      -163.600882731    
  -163.594876537      -163.588784693      -163.582606419      -163.576340918    
  -163.569987375      -163.563544957      -163.557012815      -163.550390080    
  -163.543675863      -163.536869261      -163.529969349      -163.522975183    
  -163.515885801      -163.508700224      -163.501417450      -163.494036459    
  -163.486556214      -163.478975656      -163.471293706      -163.463509268    
  -163.455621222      -163.447628433      -163.439529741      -163.431323971    
  -163.423009922      -163.414586378      -163.406052099      -163.397405825    
  -163.388646277      -163.379772153      -163.370782131      -163.361674867    
  -163.352448998      -163.343103137      -163.333635878      -163.324045790    
  -163.314331424      -163.304491306      -163.294523942      -163.284427815    
  -163.274201385      -163.263843090      -163.253351346      -163.242724544    
  -163.231961054      -163.221059222      -163.210017371      -163.198833798    
  -163.187506780      -163.176034568      -163.164415388      -163.152647442    
  -163.140728909      -163.128657940      -163.116432665      -163.104051186    
  -163.091511579      -163.078811896      -163.065950162      -163.052924376    
  -163.039732512      -163.026372514      -163.012842302      -162.999139768    
  -162.985262776      -162.971209163      -162.956976737      -162.942563279    
  -162.927966541      -162.913184247      -162.898214089      -162.883053734    
  -162.867700816      -162.852152941      -162.836407684      -162.820462590    
  -162.804315172      -162.787962914      -162.771403266      -162.754633650    
  -162.737651452      -162.720454029      -162.703038704      -162.685402767    
  -162.667543474      -162.649458051      -162.631143685      -162.612597534    
  -162.593816717      -162.574798322      -162.555539400      -162.536036966    
  -162.516288001      -162.496289448      -162.476038216      -162.455531176    
  -162.434765160      -162.413736966      -162.392443352      -162.370881039    
  -162.349046710      -162.326937007      -162.304548536      -162.281877861    
  -162.258921509      -162.235675964      -162.212137671      -162.188303035    
  -162.164168420      -162.139730146      -162.114984495      -162.089927704    
  -162.064555970      -162.038865446      -162.012852241      -161.986512424    
  -161.959842017      -161.932836999      -161.905493306      -161.877806828    
  -161.849773411      -161.821388856      -161.792648918      -161.763549305    
  -161.734085682      -161.704253664      -161.674048823      -161.643466681    
  -161.612502714      -161.581152352      -161.549410975      -161.517273915    
  -161.484736458      -161.451793839      -161.418441246      -161.384673816    
  -161.350486640      -161.315874755      -161.280833153      -161.245356773    
  -161.209440504      -161.173079186      -161.136267607      -161.099000506    
  -161.061272570      -161.023078434      -160.984412683      -160.945269851    
  -160.905644419      -160.865530817      -160.824923423      -160.783816563    
  -160.742204510      -160.700081487      -160.657441661      -160.614279151    
  -160.570588020      -160.526362279      -160.481595887      -160.436282750    
  -160.390416721      -160.343991600      -160.297001134      -160.249439018    
  -160.201298892      -160.152574345      -160.103258911      -160.053346072    
  -160.002829257      -159.951701842      -159.899957150      -159.847588450    
  -159.794588958      -159.740951839      -159.686670202      -159.631737107    
  -159.576145556      -159.519888504      -159.462958848      -159.405349435    
  -159.347053059      -159.288062461      -159.228370330      -159.167969302    
  -159.106851960      -159.045010836      -158.982438408      -158.919127104    
  -158.855069297      -158.790257309      -158.724683411      -158.658339820    
  -158.591218703      -158.523312171      -158.454612288      -158.385111062    
  -158.314800451      -158.243672359      -158.171718640      -158.098931094    
  -158.025301471      -157.950821465      -157.875482721      -157.799276829    
  -157.722195329      -157.644229705      -157.565371389      -157.485611762    
  -157.404942148      -157.323353820      -157.240837997      -157.157385841    
  -157.072988463      -156.987636916      -156.901322202      -156.814035262    
  -156.725766986      -156.636508204      -156.546249691      -156.454982165    
  -156.362696284      -156.269382650      -156.175031806      -156.079634233    
  -155.983180355      -155.885660534      -155.787065071      -155.687384204    
  -155.586608110      -155.484726902      -155.381730630      -155.277609279    
  -155.172352768      -155.065950953      -154.958393619      -154.849670488    
  -154.739771212      -154.628685375      -154.516402493      -154.402912011    
  -154.288203305      -154.172265678      -154.055088366      -153.936660530    
  -153.816971259      -153.696009570      -153.573764409      -153.450224647    
  -153.325379081      -153.199216436      -153.071725362      -152.942894437    
  -152.812712162      -152.681166967      -152.548247206      -152.413941158    
  -152.278237031      -152.141122955      -152.002586990      -151.862617117    
  -151.721201246      -151.578327210      -151.433982770      -151.288155608    
  -151.140833334      -150.992003477      -150.841653493      -150.689770756    
  -150.536342564      -150.381356130      -150.224798588      -150.066656984    
  -149.906918281      -149.745569351      -149.582596976      -149.417987845    
  -149.251728551      -149.083805589      -148.914205358      -148.742914155    
  -148.569918177      -148.395203522      -148.218756192      -148.040562098    
  -147.860607063      -147.678876836      -147.495357104      -147.310033509    
  -147.122891671      -146.933917213      -146.743095800      -146.550413179    
  -146.355855226      -146.159408006      -145.961057839      -145.760791374    
  -145.558595679      -145.354458328      -145.148367509      -144.940312127    
  -144.730281925      -144.518267594      -144.304260894      -144.088254766    
  -143.870243433      -143.650222497      -143.428189007      -143.204141509    
  -142.978080066      -142.750006239      -142.519923034      -142.287834803    
  -142.053747089      -141.817666443      -141.579600183      -141.339556106    
  -141.097542174      -140.853566164      -140.607635302      -140.359755877    
  -140.109932874      -139.858169613      -139.604467415      -139.348825306    
  -139.091239781      -138.831704605      -138.570210687      -138.306746016    
  -138.041295653      -137.773841791      -137.504363864      -137.232838716    
  -136.959240803      -136.683542444      -136.405714096      -136.125724652    
  -135.843541765      -135.559132174      -135.272462041      -134.983497280    
  -134.692203885      -134.398548238      -134.102497397      -133.804019355    
  -133.503083275      -133.199659679      -132.893720614      -132.585239769    
  -132.274192563      -131.960556201      -131.644309692      -131.325433853    
  -131.003911280      -130.679726306      -130.352864943      -130.023314809    
  -129.691065057      -129.356106283      -129.018430439      -128.678030742    
  -128.334901577      -127.989038404      -127.640437665      -127.289096690    
  -126.935013605      -126.578187249      -126.218617088      -125.856303138    
  -125.491245886      -125.123446226      -124.752905394      -124.379624906    
  -124.003606514      -123.624852150      -123.243363896      -122.859143944    
  -122.472194571      -122.082518117      -121.690116973      -121.294993568    
  -120.897150369      -120.496589885      -120.093314674      -119.687327362    
  -119.278630659      -118.867227389      -118.453120522      -118.036313211    
  -117.616808840      -117.194611067      -116.769723891      -116.342151708    
  -115.911899391      -115.478972371      -115.043376732      -114.605119320    
  -114.164207866      -113.720651132      -113.274459073      -112.825643021    
  -112.374215904      -111.920192480      -111.463589606      -111.004426528    
  -110.542725190      -110.078510563      -109.611810967      -109.142658386    
  -108.671088749      -108.197142150      -107.720862995      -107.242300027    
  -106.761506215      -106.278538479      -105.793457222      -105.306325638    
  -104.817208842      -104.326172774      -103.833282917      -103.338602867    
  -102.842192802      -102.344107898      -101.844396773      -101.343100032    
  -100.840249005      -100.335864774      -99.8299575679      -99.3225266168    
  -98.8135605401      -98.3030382798      -97.7909305740      -97.2772018970    
  -96.7618127308      -96.2447219929      -95.7258894135      -95.2052776659    
  -94.6828540869      -94.1585918857      -93.6324708149      -93.1044773463    
  -92.5746044491      -92.0428510973      -91.5092216393      -90.9737251425    
  -90.4363747966      -89.8971874204      -89.3561830840      -88.8133848307    
  -88.2688184675      -87.7225123867      -87.1744973842      -86.6248064473    
  -86.0734744965      -85.5205380768      -84.9660350022      -84.4100039661    
  -83.8524841333      -83.2935147300      -82.7331346498      -82.1713820911    
  -81.6082942378      -81.0439069940      -80.4782547783      -79.9113703827    
  -79.3432848971      -78.7740276978      -78.2036264990      -77.6321074601    
  -77.0594953454      -76.4858137272      -75.9110852252      -75.3353317742    
  -74.7585749122      -74.1808360840      -73.6021369568      -73.0224997526    
  -72.4419476043      -71.8605049584      -71.2781980526      -70.6950555154    
  -70.1111091448      -69.5263949373      -68.9409544506      -68.3548365644    
  -67.7680997301      -67.1808147166      -66.5930678125      -66.0049644361    
  -65.4166328748      -64.8282278273      -64.2399332997      -63.6519642362    
  -63.0645662336      -62.4780126326      -61.8925983584      -61.3086299706    
  -60.7264116456      -60.1462272223      -59.5683188636      -58.9928639040    
  -58.4199525375      -57.8495701352      -57.2815890163      -56.7157741303    
  -56.1518050663      -55.5893130565      -55.0279271241      -54.4673202902    
  -53.9072463782      -53.3475608279      -52.7882237374      -52.2292879772    
  -51.6708779781      -51.1131652351      -50.5563453078      -50.0006191703    
  -49.4461800070      -48.8932053380      -48.3418537026      -47.7922648699    
  -47.2445625007      -46.6988582515      -46.1552564341      -45.6138585057    
  -45.0747668555      -44.5380875651      -44.0039320111      -43.4724173497    
  -42.9436660371      -42.4178046073      -41.8949619517      -41.3752673273    
  -40.8588482878      -40.3458286842      -39.8363268408      -39.3304539670    
  -38.8283128412      -38.3299967729      -37.8355888399      -37.3451613848    
  -36.8587757513      -36.3764822390      -35.8983202547      -35.4243186402    
  -34.9544961546      -34.4888620924      -34.0274170171      -33.5701535885    
  -33.1170574624      -32.6681082393      -32.2232804342      -31.7825444421    
  -31.3458674689      -30.9132143998      -30.4845485781      -30.0598324734    
  -29.6390282246      -29.2220980590      -28.8090046062      -28.3997111465    
  -27.9941818569      -27.5923821706      -27.1942793754      -26.7998435876    
  -26.4090492811      -26.0218775359      -25.6383190938      -25.2583782421    
  -24.8820773976      -24.5094620589      -24.1406055610      -23.7756128139    
  -23.4146219994      -23.0578031011      -22.7053522253      -22.3574810086    
  -22.0144010225      -21.6763039539      -21.3433393483      -21.0155926584    
  -20.6930669854      -20.3756719602      -20.0632224954      -19.7554486240    
  -19.4520155930      -19.1525512914      -18.8566766000      -18.5640338226    
  -18.2743091302      -17.9872466122      -17.7026535038      -17.4203978411    
  -17.1404008040      -16.8626262718      -16.5870697893      -16.3137485112    
  -16.0426930022      -15.7739411825      -15.5075343039      -15.2435146111    
  -14.9819242529      -14.7228050186      -14.4661985337      -14.2121466362    
  -13.9606917401      -13.7118770703      -13.4657467172      -13.2223454998    
  -12.9817186622      -12.7439114380      -12.5089685291      -12.2769335415    
  -12.0478484172      -11.8217528946      -11.5986840193      -11.3786757235    
  -11.1617584826      -10.9479590522      -10.7373002880      -10.5298010374    
  -10.3254761165      -10.1243363310      -9.92638856024      -9.73163592113    
  -9.54007791139      -9.35171063815      -9.16652703710      -8.98451710139    
  -8.80566819203      -8.62996524169      -8.45739101084      -8.28792635412    
  -8.12155042681      -7.95824090190      -7.79797415428      -7.64072542434    
  -7.48646895625      -7.33517811148      -7.18682546111      -7.04138285023    
  -6.89882146444      -6.75911185554      -6.62222397185      -6.48812722914    
  -6.35679051752      -6.22818226045      -6.10227050602      -5.97902301078    
  -5.85840737043      -5.74039116852      -5.62494215143      -5.51202841990    
  -5.40161862819      -5.29368217694      -5.18818938296      -5.08511160669    
  -4.98442131685      -4.88609207200      -4.79009840175      -4.69641557434    
  -4.60501924513      -4.51588498888      -4.42898772961      -4.34430109258    
  -4.26179671300      -4.18144354488      -4.10320721777      -4.02704949061    
  -3.95292784726      -3.88079527022      -3.81060021571      -3.74228679840    
  -3.67579517732      -3.61106211956      -3.54802170508      -3.48660612769    
  -3.42674654298      -3.36837391466      -3.31141981565      -3.25581714847    
  -3.20150075893      -3.14840792816      -3.09647873746      -3.04565630932    
  -2.99588693448      -2.94712009957      -2.89930843208      -2.85240758089    
  -2.80637604984      -2.76117499903      -2.71676802881      -2.67312095836    
  -2.63020160656      -2.58797958317      -2.54642609689      -2.50551378260    
  -2.46521655118      -2.42550946448      -2.38636863651      -2.34777116039    
  -2.30969506593      -2.27211930097      -2.23502374169      -2.19838923676    
  -2.16219766862      -2.12643204474      -2.09107661497      -2.05611700553    
  -2.02154037272      -1.98733556865      -1.95349331427      -1.92000637320    
  -1.88686971895      -1.85408068773      -1.82163910824      -1.78954740024    
  -1.75781063374      -1.72643654144      -1.69543547851      -1.66482032518    
  -1.63460632927      -1.60481089019      -1.57545328299      -1.54655432977    
  -1.51813602714      -1.49022113166      -1.46283271802      -1.43599372093    
  -1.40972646971      -1.38405222837      -1.35899075120      -1.33455986342    
  -1.31077507524      -1.28764923581      -1.26519223200      -1.24341073545    
  -1.22230799938      -1.20188370570      -1.18213386151      -1.16305074328    
  -1.14462288650      -1.12683511804      -1.10966862849      -1.09310108180    
  -1.07710675976      -1.06165673929      -1.04671910074      -1.03225916606    
  -1.01823976559      -1.00462153299     -0.991363227350     -0.978422081671    
 -0.965754176586     -0.953314837446     -0.941059052338     -0.928941907527    
 -0.916919035875     -0.904947072620     -0.892984111821     -0.880990155826    
 -0.868927549304     -0.856761388911     -0.844459899486     -0.831994767985    
 -0.819341426972     -0.806479280684     -0.793391868066     -0.780066959062    
 -0.766496582369     -0.752676985018     -0.738608526168     -0.724295509504    
 -0.709745960285     -0.694971354504     -0.679986308630     -0.664808239003    
 -0.649457000184     -0.633954511402     -0.618324379747     -0.602591528004    
 -0.586781834106     -0.570921788045     -0.555038171000     -0.539157760251    
 -0.523307062357     -0.507512076065     -0.491798085498     -0.476189483387    
 -0.460709623458     -0.445380700606     -0.430223657025     -0.415258112276    
 -0.400502315073     -0.385973114446     -0.371685948026     -0.357654845156    
 -0.343892442711     -0.330410011579     -0.317217491945     -0.304323535695    
 -0.291735554369     -0.279459771364     -0.267501277157     -0.255864086549    
 -0.244551197033     -0.233564647563     -0.222905577113     -0.212574282493    
 -0.202570275070     -0.192892336030     -0.183538569969     -0.174506456632    
 -0.165792900666     -0.157394279334     -0.149306488121     -0.141524984252    
 -0.134044828112     -0.126860722640     -0.119967050686     -0.113357910454    
 -0.107027149055     -0.100968394253     -0.951750844761E-01 -0.896404971773E-01
 -0.843577755771E-01 -0.793199539197E-01 -0.745199812573E-01 -0.699507438417E-01
 -0.656050862061E-01 -0.614758309622E-01 -0.575557973810E-01 -0.538378188021E-01
 -0.503147589417E-01 -0.469795270852E-01 -0.438250922800E-01 -0.408444964976E-01
 -0.380308668389E-01 -0.353774268019E-01 -0.328775066614E-01 -0.305245529387E-01
 -0.283121370668E-01 -0.262339632085E-01 -0.242838752874E-01 -0.224558632518E-01
 -0.207440686140E-01 -0.191427892381E-01 -0.176464834830E-01 -0.162497736289E-01
 -0.149474487087E-01 -0.137344667159E-01 -0.126059561895E-01 -0.115572174106E-01
 -0.105837222833E-01 -0.968115215827E-02 -0.884529588393E-02 -0.807214915787E-02
 -0.793260165659E-02 -0.803235243848E-02 -0.813337200677E-02 -0.823565981747E-02
 -0.833924971604E-02 -0.844414529678E-02 -0.855036015776E-02 -0.865791092988E-02
 -0.876681443222E-02 -0.887708771131E-02 -0.898874801706E-02 -0.910181280167E-02
 -0.921629973877E-02 -0.933222672893E-02 -0.944961188901E-02 -0.956847355650E-02
 -0.968883031203E-02 -0.981070096390E-02 -0.993410455422E-02 -0.100590603688E-01
 -0.101855879325E-01 -0.103137070178E-01 -0.104434376426E-01 -0.105748000685E-01
 -0.107078148303E-01 -0.108425027159E-01 -0.109788847572E-01 -0.111169822778E-01
 -0.112568168489E-01 -0.113984103224E-01 -0.115417848192E-01 -0.116869627434E-01
 -0.118339667856E-01 -0.119828199126E-01 -0.121335453721E-01 -0.122861667296E-01
 -0.124407078238E-01 -0.125971928102E-01 -0.127556461341E-01 -0.129160925520E-01
 -0.130785571370E-01 -0.132430652812E-01 -0.134096426766E-01 -0.135783153548E-01
 -0.137491096761E-01 -0.139220523253E-01 -0.140971703193E-01 -0.142744910376E-01
 -0.144540421633E-01 -0.146358517771E-01 -0.148199482624E-01 -0.150063604006E-01
 -0.151951173130E-01 -0.153862484980E-01 -0.155797838170E-01 -0.157757535108E-01
 -0.159741881991E-01 -0.161751188863E-01 -0.163785769706E-01 -0.165845942457E-01
 -0.167932028900E-01 -0.170044355127E-01 -0.172183251243E-01 -0.174349051183E-01
 -0.176542093646E-01 -0.178762721175E-01 -0.181011280774E-01 -0.183288123773E-01
 -0.185593605925E-01 -0.187928087460E-01 -0.190291933086E-01 -0.192685512326E-01
 -0.195109199095E-01 -0.197563371963E-01 -0.200048414617E-01 -0.202564715356E-01
 -0.205112667146E-01 -0.207692668272E-01 -0.210305121786E-01 -0.212950435903E-01
 -0.215629023912E-01 -0.218341304562E-01 -0.221087701446E-01 -0.223868643702E-01
 -0.226684565984E-01 -0.229535908171E-01 -0.232423115761E-01 -0.235346639967E-01
 -0.238306937661E-01 -0.241304471258E-01 -0.244339709331E-01 -0.247413125859E-01
 -0.250525201211E-01 -0.253676421639E-01 -0.256867279580E-01 -0.260098273515E-01
 -0.263369908405E-01 -0.266682695458E-01 -0.270037152189E-01 -0.273433802632E-01
 -0.276873177886E-01 -0.280355815121E-01 -0.283882258424E-01 -0.287453059074E-01
 -0.291068774827E-01 -0.294729970583E-01 -0.298437218707E-01 -0.302191098108E-01
 -0.305992195467E-01 -0.309841104882E-01 -0.313738427577E-01 -0.317684772583E-01
 -0.321680756326E-01 -0.325727003494E-01 -0.329824146198E-01 -0.333972824650E-01
 -0.338173687053E-01 -0.342427389554E-01 -0.346734597278E-01 -0.351095982920E-01
 -0.355512228239E-01 -0.359984022917E-01 -0.364512065736E-01 -0.369097064603E-01
 -0.373739735463E-01 -0.378440803997E-01 -0.383201004631E-01 -0.388021081200E-01
 -0.392901786909E-01 -0.397843884373E-01 -0.402848145723E-01 -0.407915352951E-01
 -0.413046297868E-01 -0.418241781889E-01 -0.423502617377E-01
