 Raios
  0.725089863615E-06  0.145930023494E-05  0.220274583585E-05  0.295554283121E-05
  0.371780884711E-05  0.448966298914E-05  0.527122586110E-05  0.606261958377E-05
  0.686396781403E-05  0.767539576417E-05  0.849703022146E-05  0.932899956795E-05
  0.101714338006E-04  0.110244645513E-04  0.118882251081E-04  0.127628504351E-04
  0.136484771944E-04  0.145452437670E-04  0.154532902745E-04  0.163727586010E-04
  0.173037924153E-04  0.182465371933E-04  0.192011402407E-04  0.201677507164E-04
  0.211465196551E-04  0.221375999914E-04  0.231411465838E-04  0.241573162383E-04
  0.251862677335E-04  0.262281618453E-04  0.272831613717E-04  0.283514311585E-04
  0.294331381251E-04  0.305284512903E-04  0.316375417991E-04  0.327605829491E-04
  0.338977502177E-04  0.350492212898E-04  0.362151760850E-04  0.373957967860E-04
  0.385912678673E-04  0.398017761237E-04  0.410275106995E-04  0.422686631183E-04
  0.435254273126E-04  0.447979996545E-04  0.460865789859E-04  0.473913666499E-04
  0.487125665224E-04  0.500503850434E-04  0.514050312499E-04  0.527767168080E-04
  0.541656560465E-04  0.555720659898E-04  0.569961663925E-04  0.584381797731E-04
  0.598983314491E-04  0.613768495722E-04  0.628739651639E-04  0.643899121515E-04
  0.659249274048E-04  0.674792507731E-04  0.690531251226E-04  0.706467963743E-04
  0.722605135426E-04  0.738945287741E-04  0.755490973870E-04  0.772244779111E-04
  0.789209321278E-04  0.806387251118E-04  0.823781252715E-04  0.841394043918E-04
  0.859228376763E-04  0.877287037898E-04  0.895572849028E-04  0.914088667347E-04
  0.932837385989E-04  0.951821934480E-04  0.971045279194E-04  0.990510423818E-04
  0.101022040982E-03  0.103017831693E-03  0.105038726360E-03  0.107085040753E-03
  0.109157094613E-03  0.111255211701E-03  0.113379719854E-03  0.115530951029E-03
  0.117709241362E-03  0.119914931214E-03  0.122148365229E-03  0.124409892385E-03
  0.126699866051E-03  0.129018644040E-03  0.131366588666E-03  0.133744066799E-03
  0.136151449926E-03  0.138589114204E-03  0.141057440525E-03  0.143556814569E-03
  0.146087626868E-03  0.148650272867E-03  0.151245152984E-03  0.153872672675E-03
  0.156533242495E-03  0.159227278164E-03  0.161955200630E-03  0.164717436137E-03
  0.167514416289E-03  0.170346578120E-03  0.173214364162E-03  0.176118222511E-03
  0.179058606902E-03  0.182035976775E-03  0.185050797351E-03  0.188103539702E-03
  0.191194680824E-03  0.194324703716E-03  0.197494097448E-03  0.200703357246E-03
  0.203952984563E-03  0.207243487159E-03  0.210575379183E-03  0.213949181250E-03
  0.217365420522E-03  0.220824630794E-03  0.224327352575E-03  0.227874133172E-03
  0.231465526777E-03  0.235102094553E-03  0.238784404720E-03  0.242513032647E-03
  0.246288560940E-03  0.250111579532E-03  0.253982685778E-03  0.257902484547E-03
  0.261871588315E-03  0.265890617262E-03  0.269960199370E-03  0.274080970519E-03
  0.278253574589E-03  0.282478663556E-03  0.286756897601E-03  0.291088945205E-03
  0.295475483260E-03  0.299917197171E-03  0.304414780965E-03  0.308968937400E-03
  0.313580378070E-03  0.318249823523E-03  0.322978003370E-03  0.327765656398E-03
  0.332613530687E-03  0.337522383728E-03  0.342492982539E-03  0.347526103787E-03
  0.352622533906E-03  0.357783069224E-03  0.363008516086E-03  0.368299690978E-03
  0.373657420657E-03  0.379082542279E-03  0.384575903531E-03  0.390138362761E-03
  0.395770789115E-03  0.401474062670E-03  0.407249074576E-03  0.413096727189E-03
  0.419017934217E-03  0.425013620861E-03  0.431084723959E-03  0.437232192133E-03
  0.443456985937E-03  0.449760078009E-03  0.456142453219E-03  0.462605108826E-03
  0.469149054633E-03  0.475775313146E-03  0.482484919730E-03  0.489278922775E-03
  0.496158383859E-03  0.503124377910E-03  0.510177993381E-03  0.517320332411E-03
  0.524552511007E-03  0.531875659211E-03  0.539290921279E-03  0.546799455863E-03
  0.554402436184E-03  0.562101050225E-03  0.569896500910E-03  0.577790006294E-03
  0.585782799752E-03  0.593876130176E-03  0.602071262164E-03  0.610369476223E-03
  0.618772068965E-03  0.627280353313E-03  0.635895658703E-03  0.644619331294E-03
  0.653452734179E-03  0.662397247593E-03  0.671454269136E-03  0.680625213986E-03
  0.689911515121E-03  0.699314623545E-03  0.708836008513E-03  0.718477157760E-03
  0.728239577735E-03  0.738124793837E-03  0.748134350651E-03  0.758269812190E-03
  0.768532762141E-03  0.778924804111E-03  0.789447561877E-03  0.800102679641E-03
  0.810891822288E-03  0.821816675643E-03  0.832878946737E-03  0.844080364071E-03
  0.855422677891E-03  0.866907660455E-03  0.878537106316E-03  0.890312832598E-03
  0.902236679282E-03  0.914310509494E-03  0.926536209795E-03  0.938915690474E-03
  0.951450885851E-03  0.964143754575E-03  0.976996279934E-03  0.990010470160E-03
  0.100318835875E-02  0.101653200477E-02  0.103004349319E-02  0.104372493522E-02
  0.105757846860E-02  0.107160625798E-02  0.108581049524E-02  0.110019339980E-02
  0.111475721902E-02  0.112950422855E-02  0.114443673261E-02  0.115955706446E-02
  0.117486758667E-02  0.119037069154E-02  0.120606880146E-02  0.122196436930E-02
  0.123805987876E-02  0.125435784482E-02  0.127086081405E-02  0.128757136507E-02
  0.130449210896E-02  0.132162568960E-02  0.133897478415E-02  0.135654210345E-02
  0.137433039243E-02  0.139234243054E-02  0.141058103219E-02  0.142904904721E-02
  0.144774936126E-02  0.146668489631E-02  0.148585861107E-02  0.150527350147E-02
  0.152493260112E-02  0.154483898181E-02  0.156499575395E-02  0.158540606706E-02
  0.160607311031E-02  0.162700011297E-02  0.164819034491E-02  0.166964711716E-02
  0.169137378237E-02  0.171337373539E-02  0.173565041376E-02  0.175820729824E-02
  0.178104791341E-02  0.180417582814E-02  0.182759465623E-02  0.185130805691E-02
  0.187531973546E-02  0.189963344374E-02  0.192425298082E-02  0.194918219355E-02
  0.197442497718E-02  0.199998527594E-02  0.202586708368E-02  0.205207444448E-02
  0.207861145330E-02  0.210548225660E-02  0.213269105300E-02  0.216024209393E-02
  0.218813968429E-02  0.221638818313E-02  0.224499200435E-02  0.227395561735E-02
  0.230328354775E-02  0.233298037811E-02  0.236305074860E-02  0.239349935780E-02
  0.242433096334E-02  0.245555038275E-02  0.248716249411E-02  0.251917223688E-02
  0.255158461264E-02  0.258440468591E-02  0.261763758488E-02  0.265128850225E-02
  0.268536269606E-02  0.271986549047E-02  0.275480227660E-02  0.279017851340E-02
  0.282599972849E-02  0.286227151899E-02  0.289899955245E-02  0.293618956770E-02
  0.297384737576E-02  0.301197886072E-02  0.305058998073E-02  0.308968676884E-02
  0.312927533400E-02  0.316936186201E-02  0.320995261647E-02  0.325105393976E-02
  0.329267225406E-02  0.333481406232E-02  0.337748594926E-02  0.342069458246E-02
  0.346444671337E-02  0.350874917833E-02  0.355360889970E-02  0.359903288691E-02
  0.364502823753E-02  0.369160213844E-02  0.373876186691E-02  0.378651479174E-02
  0.383486837442E-02  0.388383017030E-02  0.393340782975E-02  0.398360909939E-02
  0.403444182327E-02  0.408591394410E-02  0.413803350451E-02  0.419080864828E-02
  0.424424762164E-02  0.429835877454E-02  0.435315056196E-02  0.440863154521E-02
  0.446481039333E-02  0.452169588436E-02  0.457929690679E-02  0.463762246088E-02
  0.469668166014E-02  0.475648373266E-02  0.481703802266E-02  0.487835399186E-02
  0.494044122101E-02  0.500330941136E-02  0.506696838620E-02  0.513142809237E-02
  0.519669860182E-02  0.526279011322E-02  0.532971295349E-02  0.539747757947E-02
  0.546609457951E-02  0.553557467516E-02  0.560592872282E-02  0.567716771546E-02
  0.574930278432E-02  0.582234520065E-02  0.589630637748E-02  0.597119787138E-02
  0.604703138431E-02  0.612381876540E-02  0.620157201285E-02  0.628030327575E-02
  0.636002485603E-02  0.644074921034E-02  0.652248895203E-02  0.660525685311E-02
  0.668906584621E-02  0.677392902667E-02  0.685985965454E-02  0.694687115664E-02
  0.703497712871E-02  0.712419133747E-02  0.721452772284E-02  0.730600040006E-02
  0.739862366191E-02  0.749241198097E-02  0.758738001186E-02  0.768354259352E-02
  0.778091475156E-02  0.787951170057E-02  0.797934884652E-02  0.808044178917E-02
  0.818280632451E-02  0.828645844719E-02  0.839141435308E-02  0.849769044174E-02
  0.860530331903E-02  0.871426979969E-02  0.882460690994E-02  0.893633189018E-02
  0.904946219768E-02  0.916401550926E-02  0.928000972413E-02  0.939746296660E-02
  0.951639358900E-02  0.963682017446E-02  0.975876153990E-02  0.988223673889E-02
  0.100072650647E-01  0.101338660532E-01  0.102620594861E-01  0.103918653940E-01
  0.105233040591E-01  0.106563960191E-01  0.107911620699E-01  0.109276232689E-01
  0.110658009385E-01  0.112057166693E-01  0.113473923232E-01  0.114908500376E-01
  0.116361122278E-01  0.117832015914E-01  0.119321411115E-01  0.120829540601E-01
  0.122356640021E-01  0.123902947987E-01  0.125468706112E-01  0.127054159051E-01
  0.128659554532E-01  0.130285143402E-01  0.131931179664E-01  0.133597920513E-01
  0.135285626380E-01  0.136994560974E-01  0.138724991320E-01  0.140477187799E-01
  0.142251424197E-01  0.144047977741E-01  0.145867129148E-01  0.147709162662E-01
  0.149574366105E-01  0.151463030919E-01  0.153375452213E-01  0.155311928804E-01
  0.157272763273E-01  0.159258262003E-01  0.161268735233E-01  0.163304497103E-01
  0.165365865705E-01  0.167453163131E-01  0.169566715528E-01  0.171706853141E-01
  0.173873910371E-01  0.176068225825E-01  0.178290142370E-01  0.180540007185E-01
  0.182818171815E-01  0.185124992229E-01  0.187460828871E-01  0.189826046721E-01
  0.192221015350E-01  0.194646108975E-01  0.197101706523E-01  0.199588191686E-01
  0.202105952982E-01  0.204655383816E-01  0.207236882542E-01  0.209850852525E-01
  0.212497702203E-01  0.215177845152E-01  0.217891700148E-01  0.220639691238E-01
  0.223422247801E-01  0.226239804617E-01  0.229092801934E-01  0.231981685540E-01
  0.234906906829E-01  0.237868922872E-01  0.240868196490E-01  0.243905196325E-01
  0.246980396917E-01  0.250094278769E-01  0.253247328434E-01  0.256440038581E-01
  0.259672908078E-01  0.262946442067E-01  0.266261152045E-01  0.269617555942E-01
  0.273016178203E-01  0.276457549869E-01  0.279942208661E-01  0.283470699066E-01
  0.287043572416E-01  0.290661386980E-01  0.294324708050E-01  0.298034108026E-01
  0.301790166510E-01  0.305593470393E-01  0.309444613950E-01  0.313344198930E-01
  0.317292834650E-01  0.321291138094E-01  0.325339734004E-01  0.329439254981E-01
  0.333590341584E-01  0.337793642428E-01  0.342049814289E-01  0.346359522201E-01
  0.350723439565E-01  0.355142248253E-01  0.359616638711E-01  0.364147310073E-01
  0.368734970265E-01  0.373380336118E-01  0.378084133481E-01  0.382847097331E-01
  0.387669971891E-01  0.392553510745E-01  0.397498476955E-01  0.402505643184E-01
  0.407575791810E-01  0.412709715055E-01  0.417908215105E-01  0.423172104236E-01
  0.428502204941E-01  0.433899350059E-01  0.439364382906E-01  0.444898157404E-01
  0.450501538216E-01  0.456175400882E-01  0.461920631955E-01  0.467738129138E-01
  0.473628801428E-01  0.479593569253E-01  0.485633364622E-01  0.491749131264E-01
  0.497941824781E-01  0.504212412792E-01  0.510561875091E-01  0.516991203794E-01
  0.523501403497E-01  0.530093491431E-01  0.536768497623E-01  0.543527465058E-01
  0.550371449837E-01  0.557301521347E-01  0.564318762425E-01  0.571424269530E-01
  0.578619152912E-01  0.585904536786E-01  0.593281559508E-01  0.600751373753E-01
  0.608315146695E-01  0.615974060187E-01  0.623729310952E-01  0.631582110763E-01
  0.639533686636E-01  0.647585281021E-01  0.655738151995E-01  0.663993573462E-01
  0.672352835348E-01  0.680817243804E-01  0.689388121412E-01  0.698066807388E-01
  0.706854657796E-01  0.715753045754E-01  0.724763361654E-01  0.733887013375E-01
  0.743125426508E-01  0.752480044572E-01  0.761952329247E-01  0.771543760595E-01
  0.781255837298E-01  0.791090076887E-01  0.801048015982E-01  0.811131210531E-01
  0.821341236055E-01  0.831679687890E-01  0.842148181440E-01  0.852748352429E-01
  0.863481857155E-01  0.874350372750E-01  0.885355597441E-01  0.896499250819E-01
  0.907783074100E-01  0.919208830406E-01  0.930778305033E-01  0.942493305737E-01
  0.954355663009E-01  0.966367230367E-01  0.978529884644E-01  0.990845526277E-01
  0.100331607961      0.101594349320      0.102872974009      0.104167681818    
  0.105478675045      0.106806158538      0.108150339717      0.109511428614    
  0.110889637902      0.112285182929      0.113698281751      0.115129155168    
  0.116578026757      0.118045122907      0.119530672855      0.121034908721    
  0.122558065545      0.124100381323      0.125662097046      0.127243456734    
  0.128844707478      0.130466099477      0.132107886077      0.133770323810    
  0.135453672435      0.137158194980      0.138884157779      0.140631830517    
  0.142401486272      0.144193401556      0.146007856360      0.147845134196    
  0.149705522142      0.151589310887      0.153496794778      0.155428271863    
  0.157384043938      0.159364416598      0.161369699280      0.163400205312    
  0.165456251966      0.167538160503      0.169646256226      0.171780868529    
  0.173942330949      0.176130981220      0.178347161322      0.180591217538    
  0.182863500506      0.185164365276      0.187494171361      0.189853282800    
  0.192242068207      0.194660900836      0.197110158634      0.199590224302    
  0.202101485357      0.204644334186      0.207219168117      0.209826389471    
  0.212466405633      0.215139629110      0.217846477599      0.220587374051    
  0.223362746736      0.226173029311      0.229018660890      0.231900086108    
  0.234817755193      0.237772124038      0.240763654267      0.243792813315    
  0.246860074493      0.249965917067      0.253110826332      0.256295293685    
  0.259519816707      0.262784899235      0.266091051445      0.269438789931    
  0.272828637784      0.276261124673      0.279736786932      0.283256167640    
  0.286819816708      0.290428290963      0.294082154237      0.297781977453    
  0.301528338716      0.305321823403      0.309163024252      0.313052541461    
  0.316990982773      0.320978963579      0.325017107008      0.329106044028    
  0.333246413544      0.337438862498      0.341684045968      0.345982627272    
  0.350335278073      0.354742678481      0.359205517162      0.363724491442    
  0.368300307422      0.372933680081      0.377625333394      0.382376000440    
  0.387186423522      0.392057354277      0.396989553799      0.401983792753    
  0.407040851500      0.412161520216      0.417346599015      0.422596898076    
  0.427913237769      0.433296448784      0.438747372258      0.444266859908    
  0.449855774167      0.455514988312      0.461245386608      0.467047864442    
  0.472923328462      0.478872696721      0.484896898821      0.490996876055    
  0.497173581557      0.503427980450      0.509761049996      0.516173779750    
  0.522667171715      0.529242240497      0.535900013462      0.542641530902    
  0.549467846192      0.556380025958      0.563379150243      0.570466312673    
  0.577642620632      0.584909195434      0.592267172494      0.599717701512    
  0.607261946648      0.614901086707      0.622636315318      0.630468841127    
  0.638399887983      0.646430695128      0.654562517391      0.662796625386    
  0.671134305709      0.679576861141      0.688125610847      0.696781890587    
  0.705547052922      0.714422467426      0.723409520902      0.732509617595    
  0.741724179413      0.751054646150      0.760502475710      0.770069144338    
  0.779756146842      0.789564996839      0.799497226980      0.809554389196    
  0.819738054940      0.830049815430      0.840491281899      0.851064085849    
  0.861769879301      0.872610335056      0.883587146960      0.894702030159    
  0.905956721379      0.917352979187      0.928892584271      0.940577339718    
  0.952409071296      0.964389627736      0.976520881025      0.988804726695    
   1.00124308412       1.01383789683       1.02659113277       1.03950478468    
   1.05258087033       1.06582143289       1.07922854122       1.09280429022    
   1.10655080112       1.12047022184       1.13456472731       1.14883651985    
   1.16328782943       1.17792091411       1.19273806034       1.20774158332    
   1.22293382739       1.23831716636       1.25389400392       1.26966677398    
   1.28563794106       1.30181000069       1.31818547978       1.33476693705    
   1.35155696338       1.36855818224       1.38577325010       1.40320485686    
   1.42085572625       1.43872861624       1.45682631951       1.47515166386    
   1.49370751267       1.51249676532       1.53152235768       1.55078726253    
   1.57029449005       1.59004708829       1.61004814363       1.63030078127    
   1.65080816573       1.67157350134       1.69260003271       1.71389104529    
   1.73544986584       1.75727986297       1.77938444766       1.80176707379    
   1.82443123871       1.84738048372       1.87061839470       1.89414860262    
   1.91797478412       1.94210066209       1.96653000624       1.99126663372    
   2.01631440967       2.04167724785       2.06735911126       2.09336401275    
   2.11969601563       2.14635923434       2.17335783504       2.20069603634    
   2.22837810988       2.25640838104       2.28479122961       2.31353109046    
   2.34263245426       2.37209986815       2.40193793648       2.43215132151    
   2.46274474414       2.49372298465       2.52509088346       2.55685334186    
   2.58901532281       2.62158185167       2.65455801704       2.68794897151    
   2.72175993248       2.75599618299       2.79066307251       2.82576601783    
   2.86131050384       2.89730208444       2.93374638340       2.97064909521    
   3.00801598598       3.04585289439       3.08416573251       3.12296048681    
   3.16224321904       3.20202006723       3.24229724656       3.28308105045    
   3.32437785144       3.36619410223       3.40853633671       3.45141117094    
   3.49482530419       3.53878552001       3.58329868728       3.62837176126    
   3.67401178472       3.72022588900       3.76702129516       3.81440531506    
   3.86238535257       3.91096890464       3.96016356258       4.00997701313    
   4.06041703976       4.11149152382       4.16320844580       4.21557588658    
   4.26860202868       4.32229515753       4.37666366280       4.43171603968    
   4.48746089022       4.54390692466       4.60106296281       4.65893793541    
   4.71754088555       4.77688097006       4.83696746095       4.89780974685    
   4.95941733449       5.02179985020       5.08496704135       5.14892877795    
   5.21369505416       5.27927598984       5.34568183214       5.41292295710    
   5.48100987130       5.54995321345       5.61976375609       5.69045240726    
   5.76203021220       5.83450835509       5.90789816078       5.98221109660    
   6.05745877407       6.13365295081       6.21080553231       6.28892857381    
   6.36803428221       6.44813501793       6.52924329687       6.61137179237    
   6.69453333716       6.77874092542       6.86400771475       6.95034702825    
   7.03777235663       7.12629736026       7.21593587136       7.30670189613    
   7.39860961694       7.49167339457       7.58590777041       7.68132746878    
   7.77794739920       7.87578265874       7.97484853435       8.07516050527    
   8.17673424546       8.27958562601       8.38373071768       8.48918579333    
   8.59596733054       8.70409201414       8.81357673884       8.92443861184    
   9.03669495553       9.15036331021       9.26546143677       9.38200731955    
   9.50001916906       9.61951542490       9.74051475861       9.86303607657    
   9.98709852299       10.1127214829       10.2399245851       10.3687277054    
   10.4991509694       10.6312147562       10.7649397009       10.9003466984    
   11.0374569062       11.1762917481       11.3168729174       11.4592223800    
   11.6033623785       11.7493154350       11.8971043549       12.0467522306    
   12.1982824449       12.3517186746       12.5070848944       12.6644053808    
   12.8237047152       12.9850077887       13.1483398050       13.3137262852    
   13.4811930711       13.6507663300       13.8224725579       13.9963385842    
   14.1723915759       14.3506590416       14.5311688361       14.7139491642    
   14.8990285858       15.0864360200       15.2762007495       15.4683524254    
   15.6629210719       15.8599370907       16.0594312659       16.2614347689    
   16.4659791632       16.6730964093       16.8828188696       17.0951793137    
   17.3102109234       17.5279472977       17.7484224585       17.9716708554    
   18.1977273715       18.4266273284       18.6584064924       18.8931010794    
   19.1307477609       19.3713836696       19.6150464055       19.8617740413    
   20.1116051286       20.3645787042       20.6207342957       20.8801119279    
   21.1427521290       21.4086959372       21.6779849067       21.9506611144    
   22.2267671666       22.5063462054       22.7894419156       23.0760985315    
   23.3663608437       23.6602742063       23.9578845440       24.2592383588    
   24.5643827380       24.8733653610       25.1862345069       25.5030390622    
   25.8238285283       26.1486530291       26.4775633192       26.8106107914    
   27.1478474851       27.4893260942       27.8350999755       28.1852231568    
   28.5397503455       28.8987369373       29.2622390245       29.6303134051    
   30.0030175915       30.3804098195       30.7625490573       31.1494950149    
   31.5413081536       31.9380496948       32.3397816303       32.7465667315    
   33.1584685593       33.5755514743       33.9978806466       34.4255220659    
   34.8585425520       35.2970097654       35.7409922173       36.1905592810    
   36.6457812023       37.1067291104       37.5734750294       38.0460918894    
   38.5246535376       39.0092347504       39.4999112444       39.9967596889    
   40.4998577175       41.0092839403       41.5251179562       42.0474403652    
   42.5763327813       43.1118778451       43.6541592365       44.2032616881    
   44.7592709983       45.3222740446       45.8923587975       46.4696143338    
   47.0541308509       47.6459996806       48.2453133038       48.8521653644    
   49.4666506842       50.0888652778       50.7189063675       51.3568723985    
   52.0028630543       52.6569792723       53.3193232595       53.9899985083    
   54.6691098134       55.3567632870       56.0530663765       56.7581278808    
   57.4720579669       58.1949681881       58.9269715004       59.6681822810    
   60.4187163454       61.1786909662       61.9482248909       62.7274383608    
   63.5164531296       64.3153924824       65.1243812552       65.9435458540    
   66.7730142750       67.6129161244       68.4633826385       69.3245467044    
   70.1965428808       71.0795074188       71.9735782835       72.8788951753    
   73.7955995516       74.7238346496       75.6637455078       76.6154789891    
   77.5791838039       78.5550105331       79.5431116514       80.5436415518    
   81.5567565691       82.5826150045       83.6213771505       84.6732053158    
   85.7382638508       86.8167191729       87.9087397930       89.0144963416    
   90.1341615953       91.2679105042       92.4159202188       93.5783701179    
   94.7554418368       95.9473192952       97.1541887265       98.3762387065    
   99.6136601829       100.866646505       102.135393456       103.420099278    
   104.720964710       106.038193015       107.371990012       108.722564111    
   110.090126340       111.474890384       112.877072616       114.296892129    
   115.734570773       117.190333188       118.664406840    
Down potential follows (l on next line)
 1
  -85.9666464334      -86.0816081353      -85.9202303585      -86.0281783396    
  -85.9903267392      -86.0014953527      -85.9906933806      -85.9958242882    
  -85.9934601254      -85.9930339776      -85.9923362829      -85.9916571991    
  -85.9909719018      -85.9902931869      -85.9896148492      -85.9889395358    
  -85.9882662493      -85.9875953345      -85.9869267246      -85.9862604801    
  -85.9855966414      -85.9849352645      -85.9842764123      -85.9836201568    
  -85.9829665785      -85.9823157666      -85.9816678190      -85.9810228425    
  -85.9803809531      -85.9797422759      -85.9791069451      -85.9784751047    
  -85.9778469083      -85.9772225190      -85.9766021098      -85.9759858639    
  -85.9753739741      -85.9747666436      -85.9741640855      -85.9735665230    
  -85.9729741893      -85.9723873276      -85.9718061908      -85.9712310416    
  -85.9706621518      -85.9700998028      -85.9695442845      -85.9689958951    
  -85.9684549410      -85.9679217357      -85.9673965998      -85.9668798597    
  -85.9663718472      -85.9658728985      -85.9653833531      -85.9649035532    
  -85.9644338418      -85.9639745621      -85.9635260559      -85.9630886619    
  -85.9626627142      -85.9622485411      -85.9618464624      -85.9614567884    
  -85.9610798171      -85.9607158326      -85.9603651027      -85.9600278769    
  -85.9597043835      -85.9593948275      -85.9590993883      -85.9588182167    
  -85.9585514329      -85.9582991236      -85.9580613392      -85.9578380921    
  -85.9576293534      -85.9574350509      -85.9572550669      -85.9570892356    
  -85.9569373416      -85.9567991175      -85.9566742425      -85.9565623413    
  -85.9564629820      -85.9563756759      -85.9562998765      -85.9562349795    
  -85.9561803221      -85.9561351840      -85.9560987874      -85.9560702987    
  -85.9560488291      -85.9560334369      -85.9560231294      -85.9560168649    
  -85.9560135563      -85.9560120732      -85.9560112459      -85.9560098689    
  -85.9560067046      -85.9560004875      -85.9559899287      -85.9559737197    
  -85.9559505376      -85.9559190495      -85.9558779167      -85.9558257999    
  -85.9557613636      -85.9556832802      -85.9555902348      -85.9554809293    
  -85.9553540864      -85.9552084530      -85.9550428046      -85.9548559476    
  -85.9546467229      -85.9544140086      -85.9541567219      -85.9538738216    
  -85.9535643097      -85.9532272329      -85.9528616833      -85.9524667996    
  -85.9520417676      -85.9515858200      -85.9510982365      -85.9505783435    
  -85.9500255135      -85.9494391641      -85.9488187571      -85.9481637972    
  -85.9474738308      -85.9467484442      -85.9459872620      -85.9451899455    
  -85.9443561908      -85.9434857267      -85.9425783129      -85.9416337380    
  -85.9406518175      -85.9396323917      -85.9385753237      -85.9374804975    
  -85.9363478159      -85.9351771988      -85.9339685811      -85.9327219110    
  -85.9314371482      -85.9301142623      -85.9287532311      -85.9273540391    
  -85.9259166759      -85.9244411351      -85.9229274126      -85.9213755056    
  -85.9197854113      -85.9181571260      -85.9164906438      -85.9147859558    
  -85.9130430492      -85.9112619066      -85.9094425049      -85.9075848150    
  -85.9056888008      -85.9037544189      -85.9017816181      -85.8997703385    
  -85.8977205116      -85.8956320595      -85.8935048949      -85.8913389204    
  -85.8891340286      -85.8868901016      -85.8846070109      -85.8822846172    
  -85.8799227704      -85.8775213089      -85.8750800605      -85.8725988411    
  -85.8700774557      -85.8675156977      -85.8649133490      -85.8622701800    
  -85.8595859497      -85.8568604055      -85.8540932833      -85.8512843076    
  -85.8484331911      -85.8455396354      -85.8426033303      -85.8396239544    
  -85.8366011749      -85.8335346475      -85.8304240166      -85.8272689155    
  -85.8240689659      -85.8208237787      -85.8175329533      -85.8141960780    
  -85.8108127300      -85.8073824755      -85.8039048696      -85.8003794563    
  -85.7968057686      -85.7931833286      -85.7895116473      -85.7857902250    
  -85.7820185507      -85.7781961028      -85.7743223486      -85.7703967446    
  -85.7664187362      -85.7623877581      -85.7583032338      -85.7541645761    
  -85.7499711867      -85.7457224564      -85.7414177651      -85.7370564813    
  -85.7326379628      -85.7281615563      -85.7236265971      -85.7190324096    
  -85.7143783069      -85.7096635907      -85.7048875517      -85.7000494689    
  -85.6951486100      -85.6901842314      -85.6851555776      -85.6800618817    
  -85.6749023651      -85.6696762374      -85.6643826962      -85.6590209274    
  -85.6535901047      -85.6480893898      -85.6425179322      -85.6368748690    
  -85.6311593251      -85.6253704127      -85.6195072314      -85.6135688683    
  -85.6075543976      -85.6014628804      -85.5952933650      -85.5890448864    
  -85.5827164663      -85.5763071131      -85.5698158216      -85.5632415730    
  -85.5565833345      -85.5498400596      -85.5430106878      -85.5360941440    
  -85.5290893391      -85.5219951694      -85.5148105165      -85.5075342474    
  -85.5001652139      -85.4927022529      -85.4851441860      -85.4774898192    
  -85.4697379433      -85.4618873329      -85.4539367470      -85.4458849286    
  -85.4377306041      -85.4294724838      -85.4211092613      -85.4126396134    
  -85.4040621999      -85.3953756636      -85.3865786299      -85.3776697067    
  -85.3686474842      -85.3595105349      -85.3502574128      -85.3408866542    
  -85.3313967764      -85.3217862785      -85.3120536404      -85.3021973231    
  -85.2922157684      -85.2821073984      -85.2718706158      -85.2615038034    
  -85.2510053236      -85.2403735189      -85.2296067111      -85.2187032012    
  -85.2076612695      -85.1964791749      -85.1851551552      -85.1736874262    
  -85.1620741824      -85.1503135959      -85.1384038166      -85.1263429721    
  -85.1141291671      -85.1017604835      -85.0892349800      -85.0765506920    
  -85.0637056312      -85.0506977854      -85.0375251186      -85.0241855702    
  -85.0106770553      -84.9969974642      -84.9831446621      -84.9691164892    
  -84.9549107601      -84.9405252639      -84.9259577635      -84.9112059960    
  -84.8962676720      -84.8811404755      -84.8658220636      -84.8503100666    
  -84.8346020874      -84.8186957014      -84.8025884562      -84.7862778716    
  -84.7697614393      -84.7530366224      -84.7361008555      -84.7189515445    
  -84.7015860660      -84.6840017677      -84.6661959674      -84.6481659538    
  -84.6299089851      -84.6114222900      -84.5927030665      -84.5737484824    
  -84.5545556746      -84.5351217493      -84.5154437816      -84.4955188154    
  -84.4753438631      -84.4549159056      -84.4342318920      -84.4132887394    
  -84.3920833330      -84.3706125255      -84.3488731374      -84.3268619565    
  -84.3045757380      -84.2820112041      -84.2591650443      -84.2360339148    
  -84.2126144386      -84.1889032054      -84.1648967715      -84.1405916597    
  -84.1159843589      -84.0910713248      -84.0658489787      -84.0403137085    
  -84.0144618679      -83.9882897768      -83.9617937209      -83.9349699520    
  -83.9078146876      -83.8803241111      -83.8524943721      -83.8243215855    
  -83.7958018325      -83.7669311600      -83.7377055807      -83.7081210735    
  -83.6781735830      -83.6478590201      -83.6171732614      -83.5861121500    
  -83.5546714952      -83.5228470724      -83.4906346237      -83.4580298575    
  -83.4250284493      -83.3916260408      -83.3578182412      -83.3236006265    
  -83.2889687400      -83.2539180926      -83.2184441627      -83.1825423965    
  -83.1462082083      -83.1094369807      -83.0722240647      -83.0345647799    
  -82.9964544151      -82.9578882282      -82.9188614464      -82.8793692669    
  -82.8394068568      -82.7989693534      -82.7580518649      -82.7166494700    
  -82.6747572189      -82.6323701332      -82.5894832065      -82.5460914043    
  -82.5021896648      -82.4577728991      -82.4128359912      -82.3673737989    
  -82.3213811536      -82.2748528610      -82.2277837016      -82.1801684303    
  -82.1320017777      -82.0832784495      -82.0339931279      -81.9841404707    
  -81.9337151129      -81.8827116658      -81.8311247185      -81.7789488372    
  -81.7261785662      -81.6728084278      -81.6188329227      -81.5642465303    
  -81.5090437091      -81.4532188965      -81.3967665096      -81.3396809450    
  -81.2819565789      -81.2235877680      -81.1645688488      -81.1048941382    
  -81.0445579334      -80.9835545124      -80.9218781336      -80.8595230360    
  -80.7964834395      -80.7327535444      -80.6683275319      -80.6031995636    
  -80.5373637818      -80.4708143092      -80.4035452487      -80.3355506835    
  -80.2668246768      -80.1973612714      -80.1271544899      -80.0561983341    
  -79.9844867848      -79.9120138016      -79.8387733225      -79.7647592637    
  -79.6899655190      -79.6143859598      -79.5380144344      -79.4608447677    
  -79.3828707610      -79.3040861913      -79.2244848113      -79.1440603485    
  -79.0628065055      -78.9807169588      -78.8977853592      -78.8140053312    
  -78.7293704725      -78.6438743541      -78.5575105196      -78.4702724856    
  -78.3821537410      -78.2931477472      -78.2032479380      -78.1124477196    
  -78.0207404705      -77.9281195419      -77.8345782578      -77.7401099152    
  -77.6447077844      -77.5483651096      -77.4510751089      -77.3528309755    
  -77.2536258776      -77.1534529591      -77.0523053408      -76.9501761202    
  -76.8470583727      -76.7429451521      -76.6378294912      -76.5317044021    
  -76.4245628768      -76.3163978876      -76.2072023869      -76.0969693076    
  -75.9856915624      -75.8733620431      -75.7599736203      -75.6455191416    
  -75.5299914301      -75.4133832824      -75.2956874657      -75.1768967153    
  -75.0570037305      -74.9360011707      -74.8138816510      -74.6906377371    
  -74.5662619403      -74.4407467112      -74.3140844353      -74.1862674262    
  -74.0572879218      -73.9271380792      -73.7958099716      -73.6632955875    
  -73.5295868305      -73.3946755239      -73.2585534177      -73.1212122004    
  -72.9826435172      -72.8428389938      -72.7017902687      -72.5594890341    
  -72.4159270869      -72.2710963913      -72.1249891534      -71.9775979088    
  -71.8289156243      -71.6789358130      -71.5276526630      -71.3750611792    
  -71.2211573352      -71.0659382340      -70.9094022737      -70.7515493135    
  -70.5923808342      -70.4319000886      -70.2701122291      -70.1070244146    
  -69.9426458803      -69.7769879534      -69.6100640361      -69.4418895197    
  -69.2724816342      -69.1018592386      -68.9300425407      -68.7570527560    
  -68.5829117077      -68.4076413796      -68.2312634318      -68.0537986949    
  -67.8752666575      -67.6956849640      -67.5150689403      -67.3334311610    
  -67.1507810740      -66.9671246923      -66.7824643625      -66.5967986162    
  -66.4101221061      -66.2224256300      -66.0336962390      -65.8439174292    
  -65.6530694105      -65.4611294488      -65.2680722701      -65.0738705203    
  -64.8784952655      -64.6819165191      -64.4841037793      -64.2850265585    
  -64.0846548873      -63.8829597749      -63.6799136135      -63.4754905146    
  -63.2696665715      -63.0624200472      -62.8537314905      -62.6435837877    
  -62.4319621587      -62.2188541101      -62.0042493552      -61.7881397129    
  -61.5705189930      -61.3513828765      -61.1307287956      -60.9085558162    
  -60.6848645249      -60.4596569214      -60.2329363146      -60.0047072233    
  -59.7749752793      -59.5437471318      -59.3110303542      -59.0768333506    
  -58.8411652638      -58.6040358837      -58.3654555573      -58.1254351004    
  -57.8839857116      -57.6411188897      -57.3968463542      -57.1511799707    
  -56.9041316805      -56.6557134360      -56.4059371414      -56.1548145995    
  -55.9023574649      -55.6485772029      -55.3934850563      -55.1370920173    
  -54.8794088075      -54.6204458632      -54.3602133287      -54.0987210548    
  -53.8359786040      -53.5719952618      -53.3067800528      -53.0403417621    
  -52.7726889611      -52.5038300365      -52.2337732216      -51.9625266304    
  -51.6900982913      -51.4164961808      -51.1417282565      -50.8658024870    
  -50.5887268802      -50.3105095090      -50.0311585345      -49.7506822291    
  -49.4690890021      -49.1863874307      -48.9025863035      -48.6176946826    
  -48.3317219956      -48.0446781673      -47.7565738066      -47.4674204634    
  -47.1772309721      -46.8860198977      -46.5938040993      -46.3006034252    
  -46.0064415312      -45.7113468404      -45.4153536068      -45.1185030307    
  -44.8208444322      -44.5224363498      -44.2233474842      -43.9236573993    
  -43.6234568303      -43.3228474878      -43.0219412335      -42.7208585283    
  -42.4197260892      -42.1186737264      -41.8178303912      -41.5173195415    
  -41.2172539787      -40.9177304175      -40.6188241357      -40.3205841369    
  -40.0230293486      -39.7261464111      -39.4298895737      -39.1341830711    
  -38.8389260819      -38.5440000080      -38.2492774214      -37.9546317034    
  -37.6599462448      -37.3651221400      -37.0700835880      -36.7747806240    
  -36.4791892479      -36.1833093821      -35.8871613094      -35.5907813088    
  -35.2942171379      -34.9975238674      -34.7007603917      -34.4039867767    
  -34.1072624652      -33.8106452676      -33.5141910016      -33.2179536223    
  -32.9219856750      -32.6263389219      -32.3310650107      -32.0362160896    
  -31.7418452960      -31.4480070816      -31.1547573570      -30.8621534594    
  -30.5702539640      -30.2791183631      -29.9888066464      -29.6993788129    
  -29.4108943440      -29.1234116632      -28.8369876048      -28.5516769066    
  -28.2675317403      -27.9846012887      -27.7029313743      -27.4225641438    
  -27.1435378108      -26.8658864573      -26.5896398927      -26.3148235737    
  -26.0414585802      -25.7695616506      -25.4991452734      -25.2302178360    
  -24.9627838292      -24.6968441054      -24.4323961908      -24.1694346462    
  -23.9079514737      -23.6479365643      -23.3893781766      -23.1322634376    
  -22.8765788527      -22.6223108068      -22.3694460374      -22.1179720546    
  -21.8678774798      -21.6191522741      -21.3717878170      -21.1257768103    
  -20.8811129676      -20.6377904548      -20.3958030902      -20.1551432742    
  -19.9158006763      -19.6777607504      -19.4410031551      -19.2055002260    
  -18.9712157281      -18.7381041659      -18.5061110172      -18.2751743385    
  -18.0452282346      -17.8162087001      -17.5880622602      -17.3607576370    
  -17.1343002860      -16.9087490665      -16.6842335300      -16.4609694165    
  -16.2392690999      -16.0195431856      -15.8022895203      -15.5880668154    
  -15.3774520448      -15.1709836958      -14.9690964941      -14.7720567678    
  -14.5799102002      -14.3924541637      -14.2092440011      -14.0296361945    
  -13.8528625132      -13.6781208294      -13.5046637789      -13.3318679388    
  -13.1592730341      -12.9865897718      -12.8136825238      -12.6405369670    
  -12.4672227603      -12.2938587902      -12.1205851741      -11.9475433456    
  -11.7748636707      -11.6026591438      -11.4310234935      -11.2600321832    
  -11.0897450983      -10.9202100201      -10.7514662677      -10.5835480983    
  -10.4164876252      -10.2503171348      -10.0850707706      -9.92078561573    
  -9.75750224578      -9.59526484285      -9.43412097149      -9.27412111287    
  -9.11531804419      -8.95776613640      -8.80152062837      -8.64663692098    
  -8.49316992117      -8.34117345496      -8.19069975971      -8.04179905894    
  -7.89451921831      -7.74890547841      -7.60500025762      -7.46284301781    
  -7.32247018460      -7.18391511614      -7.04720810750      -6.91237643875    
  -6.77944443435      -6.64843354932      -6.51936249471      -6.39224733654    
  -6.26710162534      -6.14393653026      -6.02276097939      -5.90358177812    
  -5.78640373225      -5.67122981121      -5.55806122837      -5.44689755411    
  -5.33773683498      -5.23057567003      -5.12540929845      -5.02223166899    
  -4.92103550188      -4.82181234104      -4.72455259811      -4.62924558910    
  -4.53587956514      -4.44444173854      -4.35491830593      -4.26729446973    
  -4.18155445958      -4.09768155476      -4.01565810968      -3.93546557956    
  -3.85708455673      -3.78049479946      -3.70567526819      -3.63260417937    
  -3.56125903349      -3.49161665812      -3.42365325385      -3.35734442498    
  -3.29266521273      -3.22959011835      -3.16809311910      -3.10814767479    
  -3.04972672501      -2.99280267714      -2.93734738597      -2.88333212666    
  -2.83072756295      -2.77950371346      -2.72962991903      -2.68107481411    
  -2.63380630570      -2.58779156241      -2.54299701649      -2.49938838050    
  -2.45693068000      -2.41558830269      -2.37532506352      -2.33610428481    
  -2.29788888954      -2.26064150546      -2.22432457756      -2.18890048603    
  -2.15433166699      -2.12058073350      -2.08761059483      -2.05538457211    
  -2.02386650949      -1.99302088013      -1.96281288721      -1.93320856045    
  -1.90417484922      -1.87567971368      -1.84769221542      -1.82018260935    
  -1.79312243838      -1.76648463241      -1.74024361228      -1.71437539956    
  -1.68885773168      -1.66367018175      -1.63879428120      -1.61421364281    
  -1.58991408075      -1.56588372356      -1.54211311529      -1.51859529959    
  -1.49532588134      -1.47230306035      -1.44952763189      -1.42700294963    
  -1.40473484708      -1.38273151515      -1.36100333445      -1.33956266263    
  -1.31842357847      -1.29760158614      -1.27711328364      -1.25697600237    
  -1.23720742480      -1.21782518439      -1.19884646066      -1.18028757463    
  -1.16216359117      -1.14448793846      -1.12727204881      -1.11052502785    
  -1.09425335675      -1.07846063184      -1.06314734484      -1.04831070658    
  -1.03394451622      -1.02003907735      -1.00658116236     -0.993554025584    
 -0.980937465763     -0.968707938361     -0.956838716564     -0.945300102452    
 -0.934059685063     -0.923082645394     -0.912332107467     -0.901769526277    
 -0.891355119592     -0.881048325622     -0.870808287281     -0.860594362979    
 -0.850366627600     -0.840086395458     -0.829716721859     -0.819222865611    
 -0.808572761820     -0.797737414933     -0.786691234682     -0.775412353087    
 -0.763882839548     -0.752088847692     -0.740020703710     -0.727672909686    
 -0.715044080059     -0.702136810906     -0.688957488676     -0.675516046349    
 -0.661825675554     -0.647902504061     -0.633765248245     -0.619434849967    
 -0.604934106833     -0.590287304039     -0.575519855070     -0.560657957403    
 -0.545728268251     -0.530757604213     -0.515772667575     -0.500799801007    
 -0.485864771461     -0.470992583272     -0.456207319830     -0.441532012632    
 -0.426988536120     -0.412597526451     -0.398378322100     -0.384348924158    
 -0.370525974122     -0.356924747002     -0.343559157697     -0.330441778645    
 -0.317583866914     -0.304995399083     -0.292685112362     -0.280660550606    
 -0.268928114026     -0.257493111535     -0.246359814840     -0.235531513490    
 -0.225010570248     -0.214798476222     -0.204895905341     -0.195302767793    
 -0.186018262159     -0.177040926033     -0.168368684952     -0.159998899541    
 -0.151928410796     -0.144153583463     -0.136670347515     -0.129474237716    
 -0.122560431316     -0.115923783910     -0.109558863514     -0.103459982904    
 -0.976212302811E-01 -0.920364983396E-01 -0.866995117756E-01 -0.816038533169E-01
 -0.767429883249E-01 -0.721102880421E-01 -0.676990515138E-01 -0.635025262715E-01
 -0.595139278007E-01 -0.557264578513E-01 -0.521333216395E-01 -0.487277439748E-01
 -0.455029843503E-01 -0.424523510392E-01 -0.395692142265E-01 -0.368470182000E-01
 -0.342792926540E-01 -0.318596631004E-01 -0.295818604416E-01 -0.274397297215E-01
 -0.254272380744E-01 -0.235384819008E-01 -0.217676933054E-01 -0.201092457861E-01
 -0.185576592546E-01 -0.171076043459E-01 -0.157539061028E-01 -0.144915470139E-01
 -0.133156694522E-01 -0.122215775310E-01 -0.112047385375E-01 -0.102607848242E-01
 -0.938551214445E-02 -0.857487219839E-02 -0.782500379417E-02 -0.779897611544E-02
 -0.789706460429E-02 -0.799640048781E-02 -0.809698182331E-02 -0.819882904830E-02
 -0.830195712581E-02 -0.840638302337E-02 -0.851212288738E-02 -0.861919271347E-02
 -0.872760925407E-02 -0.883738946662E-02 -0.894855050974E-02 -0.906110976442E-02
 -0.917508482561E-02 -0.929049350273E-02 -0.940735383318E-02 -0.952568407772E-02
 -0.964550273146E-02 -0.976682851471E-02 -0.988968038604E-02 -0.100140775413E-01
 -0.101400394187E-01 -0.102675857005E-01 -0.103967363144E-01 -0.105275114414E-01
 -0.106599315180E-01 -0.107940172320E-01 -0.109297895361E-01 -0.110672696452E-01
 -0.112064790398E-01 -0.113474394756E-01 -0.114901729735E-01 -0.116347018375E-01
 -0.117810486501E-01 -0.119292362788E-01 -0.120792878786E-01 -0.122312268954E-01
 -0.123850770690E-01 -0.125408624389E-01 -0.126986073461E-01 -0.128583364400E-01
 -0.130200746800E-01 -0.131838473361E-01 -0.133496799978E-01 -0.135175985776E-01
 -0.136876293115E-01 -0.138597987699E-01 -0.140341338518E-01 -0.142106617990E-01
 -0.143894101951E-01 -0.145704069691E-01 -0.147536804014E-01 -0.149392591279E-01
 -0.151271721507E-01 -0.153174488262E-01 -0.155101188875E-01 -0.157052124386E-01
 -0.159027599645E-01 -0.161027923333E-01 -0.163053407965E-01 -0.165104370092E-01
 -0.167181130101E-01 -0.169284012586E-01 -0.171413346041E-01 -0.173569463211E-01
 -0.175752700989E-01 -0.177963400529E-01 -0.180201907244E-01 -0.182468570894E-01
 -0.184763745659E-01 -0.187087790189E-01 -0.189441067579E-01 -0.191823945558E-01
 -0.194236796445E-01 -0.196679997227E-01 -0.199153929743E-01 -0.201658980486E-01
 -0.204195540865E-01 -0.206764007230E-01 -0.209364780964E-01 -0.211998268394E-01
 -0.214664881006E-01 -0.217365035471E-01 -0.220099153708E-01 -0.222867662900E-01
 -0.225670995642E-01 -0.228509589980E-01 -0.231383889425E-01 -0.234294343153E-01
 -0.237241405850E-01 -0.240225537982E-01 -0.243247205948E-01 -0.246306881772E-01
 -0.249405043615E-01 -0.252542175499E-01 -0.255718767656E-01 -0.258935316424E-01
 -0.262192324372E-01 -0.265490300452E-01 -0.268829759949E-01 -0.272211224721E-01
 -0.275635223006E-01 -0.279102289962E-01 -0.282612967194E-01 -0.286167803289E-01
 -0.289767353729E-01 -0.293412180919E-01 -0.297102854403E-01 -0.300839950854E-01
 -0.304624054145E-01 -0.308455755661E-01 -0.312335654013E-01 -0.316264355458E-01
 -0.320242473894E-01 -0.324270630923E-01 -0.328349455940E-01 -0.332479586213E-01
 -0.336661667127E-01 -0.340896352183E-01 -0.345184303035E-01 -0.349526189648E-01
 -0.353922690461E-01 -0.358374492429E-01 -0.362882291189E-01 -0.367446791087E-01
 -0.372068705330E-01 -0.376748756071E-01 -0.381487674643E-01 -0.386286201400E-01
 -0.391145086227E-01 -0.396065088374E-01 -0.401046976442E-01 -0.406091528982E-01
 -0.411199534175E-01 -0.416371790152E-01 -0.421609105147E-01
Up potential follows (l on next line)
 1
  -85.9666464334      -86.0816081353      -85.9202303585      -86.0281783396    
  -85.9903267392      -86.0014953527      -85.9906933806      -85.9958242882    
  -85.9934601254      -85.9930339776      -85.9923362829      -85.9916571991    
  -85.9909719018      -85.9902931869      -85.9896148492      -85.9889395358    
  -85.9882662493      -85.9875953345      -85.9869267246      -85.9862604801    
  -85.9855966414      -85.9849352645      -85.9842764123      -85.9836201568    
  -85.9829665785      -85.9823157666      -85.9816678190      -85.9810228425    
  -85.9803809531      -85.9797422759      -85.9791069451      -85.9784751047    
  -85.9778469083      -85.9772225190      -85.9766021098      -85.9759858639    
  -85.9753739741      -85.9747666436      -85.9741640855      -85.9735665230    
  -85.9729741893      -85.9723873276      -85.9718061908      -85.9712310416    
  -85.9706621518      -85.9700998028      -85.9695442845      -85.9689958951    
  -85.9684549410      -85.9679217357      -85.9673965998      -85.9668798597    
  -85.9663718472      -85.9658728985      -85.9653833531      -85.9649035532    
  -85.9644338418      -85.9639745621      -85.9635260559      -85.9630886619    
  -85.9626627142      -85.9622485411      -85.9618464624      -85.9614567884    
  -85.9610798171      -85.9607158326      -85.9603651027      -85.9600278769    
  -85.9597043835      -85.9593948275      -85.9590993883      -85.9588182167    
  -85.9585514329      -85.9582991236      -85.9580613392      -85.9578380921    
  -85.9576293534      -85.9574350509      -85.9572550669      -85.9570892356    
  -85.9569373416      -85.9567991175      -85.9566742425      -85.9565623413    
  -85.9564629820      -85.9563756759      -85.9562998765      -85.9562349795    
  -85.9561803221      -85.9561351840      -85.9560987874      -85.9560702987    
  -85.9560488291      -85.9560334369      -85.9560231294      -85.9560168649    
  -85.9560135563      -85.9560120732      -85.9560112459      -85.9560098689    
  -85.9560067046      -85.9560004875      -85.9559899287      -85.9559737197    
  -85.9559505376      -85.9559190495      -85.9558779167      -85.9558257999    
  -85.9557613636      -85.9556832802      -85.9555902348      -85.9554809293    
  -85.9553540864      -85.9552084530      -85.9550428046      -85.9548559476    
  -85.9546467229      -85.9544140086      -85.9541567219      -85.9538738216    
  -85.9535643097      -85.9532272329      -85.9528616833      -85.9524667996    
  -85.9520417676      -85.9515858200      -85.9510982365      -85.9505783435    
  -85.9500255135      -85.9494391641      -85.9488187571      -85.9481637972    
  -85.9474738308      -85.9467484442      -85.9459872620      -85.9451899455    
  -85.9443561908      -85.9434857267      -85.9425783129      -85.9416337380    
  -85.9406518175      -85.9396323917      -85.9385753237      -85.9374804975    
  -85.9363478159      -85.9351771988      -85.9339685811      -85.9327219110    
  -85.9314371482      -85.9301142623      -85.9287532311      -85.9273540391    
  -85.9259166759      -85.9244411351      -85.9229274126      -85.9213755056    
  -85.9197854113      -85.9181571260      -85.9164906438      -85.9147859558    
  -85.9130430492      -85.9112619066      -85.9094425049      -85.9075848150    
  -85.9056888008      -85.9037544189      -85.9017816181      -85.8997703385    
  -85.8977205116      -85.8956320595      -85.8935048949      -85.8913389204    
  -85.8891340286      -85.8868901016      -85.8846070109      -85.8822846172    
  -85.8799227704      -85.8775213089      -85.8750800605      -85.8725988411    
  -85.8700774557      -85.8675156977      -85.8649133490      -85.8622701800    
  -85.8595859497      -85.8568604055      -85.8540932833      -85.8512843076    
  -85.8484331911      -85.8455396354      -85.8426033303      -85.8396239544    
  -85.8366011749      -85.8335346475      -85.8304240166      -85.8272689155    
  -85.8240689659      -85.8208237787      -85.8175329533      -85.8141960780    
  -85.8108127300      -85.8073824755      -85.8039048696      -85.8003794563    
  -85.7968057686      -85.7931833286      -85.7895116473      -85.7857902250    
  -85.7820185507      -85.7781961028      -85.7743223486      -85.7703967446    
  -85.7664187362      -85.7623877581      -85.7583032338      -85.7541645761    
  -85.7499711867      -85.7457224564      -85.7414177651      -85.7370564813    
  -85.7326379628      -85.7281615563      -85.7236265971      -85.7190324096    
  -85.7143783069      -85.7096635907      -85.7048875517      -85.7000494689    
  -85.6951486100      -85.6901842314      -85.6851555776      -85.6800618817    
  -85.6749023651      -85.6696762374      -85.6643826962      -85.6590209274    
  -85.6535901047      -85.6480893898      -85.6425179322      -85.6368748690    
  -85.6311593251      -85.6253704127      -85.6195072314      -85.6135688683    
  -85.6075543976      -85.6014628804      -85.5952933650      -85.5890448864    
  -85.5827164663      -85.5763071131      -85.5698158216      -85.5632415730    
  -85.5565833345      -85.5498400596      -85.5430106878      -85.5360941440    
  -85.5290893391      -85.5219951694      -85.5148105165      -85.5075342474    
  -85.5001652139      -85.4927022529      -85.4851441860      -85.4774898192    
  -85.4697379433      -85.4618873329      -85.4539367470      -85.4458849286    
  -85.4377306041      -85.4294724838      -85.4211092613      -85.4126396134    
  -85.4040621999      -85.3953756636      -85.3865786299      -85.3776697067    
  -85.3686474842      -85.3595105349      -85.3502574128      -85.3408866542    
  -85.3313967764      -85.3217862785      -85.3120536404      -85.3021973231    
  -85.2922157684      -85.2821073984      -85.2718706158      -85.2615038034    
  -85.2510053236      -85.2403735189      -85.2296067111      -85.2187032012    
  -85.2076612695      -85.1964791749      -85.1851551552      -85.1736874262    
  -85.1620741824      -85.1503135959      -85.1384038166      -85.1263429721    
  -85.1141291671      -85.1017604835      -85.0892349800      -85.0765506920    
  -85.0637056312      -85.0506977854      -85.0375251186      -85.0241855702    
  -85.0106770553      -84.9969974642      -84.9831446621      -84.9691164892    
  -84.9549107601      -84.9405252639      -84.9259577635      -84.9112059960    
  -84.8962676720      -84.8811404755      -84.8658220636      -84.8503100666    
  -84.8346020874      -84.8186957014      -84.8025884562      -84.7862778716    
  -84.7697614393      -84.7530366224      -84.7361008555      -84.7189515445    
  -84.7015860660      -84.6840017677      -84.6661959674      -84.6481659538    
  -84.6299089851      -84.6114222900      -84.5927030665      -84.5737484824    
  -84.5545556746      -84.5351217493      -84.5154437816      -84.4955188154    
  -84.4753438631      -84.4549159056      -84.4342318920      -84.4132887394    
  -84.3920833330      -84.3706125255      -84.3488731374      -84.3268619565    
  -84.3045757380      -84.2820112041      -84.2591650443      -84.2360339148    
  -84.2126144386      -84.1889032054      -84.1648967715      -84.1405916597    
  -84.1159843589      -84.0910713248      -84.0658489787      -84.0403137085    
  -84.0144618679      -83.9882897768      -83.9617937209      -83.9349699520    
  -83.9078146876      -83.8803241111      -83.8524943721      -83.8243215855    
  -83.7958018325      -83.7669311600      -83.7377055807      -83.7081210735    
  -83.6781735830      -83.6478590201      -83.6171732614      -83.5861121500    
  -83.5546714952      -83.5228470724      -83.4906346237      -83.4580298575    
  -83.4250284493      -83.3916260408      -83.3578182412      -83.3236006265    
  -83.2889687400      -83.2539180926      -83.2184441627      -83.1825423965    
  -83.1462082083      -83.1094369807      -83.0722240647      -83.0345647799    
  -82.9964544151      -82.9578882282      -82.9188614464      -82.8793692669    
  -82.8394068568      -82.7989693534      -82.7580518649      -82.7166494700    
  -82.6747572189      -82.6323701332      -82.5894832065      -82.5460914043    
  -82.5021896648      -82.4577728991      -82.4128359912      -82.3673737989    
  -82.3213811536      -82.2748528610      -82.2277837016      -82.1801684303    
  -82.1320017777      -82.0832784495      -82.0339931279      -81.9841404707    
  -81.9337151129      -81.8827116658      -81.8311247185      -81.7789488372    
  -81.7261785662      -81.6728084278      -81.6188329227      -81.5642465303    
  -81.5090437091      -81.4532188965      -81.3967665096      -81.3396809450    
  -81.2819565789      -81.2235877680      -81.1645688488      -81.1048941382    
  -81.0445579334      -80.9835545124      -80.9218781336      -80.8595230360    
  -80.7964834395      -80.7327535444      -80.6683275319      -80.6031995636    
  -80.5373637818      -80.4708143092      -80.4035452487      -80.3355506835    
  -80.2668246768      -80.1973612714      -80.1271544899      -80.0561983341    
  -79.9844867848      -79.9120138016      -79.8387733225      -79.7647592637    
  -79.6899655190      -79.6143859598      -79.5380144344      -79.4608447677    
  -79.3828707610      -79.3040861913      -79.2244848113      -79.1440603485    
  -79.0628065055      -78.9807169588      -78.8977853592      -78.8140053312    
  -78.7293704725      -78.6438743541      -78.5575105196      -78.4702724856    
  -78.3821537410      -78.2931477472      -78.2032479380      -78.1124477196    
  -78.0207404705      -77.9281195419      -77.8345782578      -77.7401099152    
  -77.6447077844      -77.5483651096      -77.4510751089      -77.3528309755    
  -77.2536258776      -77.1534529591      -77.0523053408      -76.9501761202    
  -76.8470583727      -76.7429451521      -76.6378294912      -76.5317044021    
  -76.4245628768      -76.3163978876      -76.2072023869      -76.0969693076    
  -75.9856915624      -75.8733620431      -75.7599736203      -75.6455191416    
  -75.5299914301      -75.4133832824      -75.2956874657      -75.1768967153    
  -75.0570037305      -74.9360011707      -74.8138816510      -74.6906377371    
  -74.5662619403      -74.4407467112      -74.3140844353      -74.1862674262    
  -74.0572879218      -73.9271380792      -73.7958099716      -73.6632955875    
  -73.5295868305      -73.3946755239      -73.2585534177      -73.1212122004    
  -72.9826435172      -72.8428389938      -72.7017902687      -72.5594890341    
  -72.4159270869      -72.2710963913      -72.1249891534      -71.9775979088    
  -71.8289156243      -71.6789358130      -71.5276526630      -71.3750611792    
  -71.2211573352      -71.0659382340      -70.9094022737      -70.7515493135    
  -70.5923808342      -70.4319000886      -70.2701122291      -70.1070244146    
  -69.9426458803      -69.7769879534      -69.6100640361      -69.4418895197    
  -69.2724816342      -69.1018592386      -68.9300425407      -68.7570527560    
  -68.5829117077      -68.4076413796      -68.2312634318      -68.0537986949    
  -67.8752666575      -67.6956849640      -67.5150689403      -67.3334311610    
  -67.1507810740      -66.9671246923      -66.7824643625      -66.5967986162    
  -66.4101221061      -66.2224256300      -66.0336962390      -65.8439174292    
  -65.6530694105      -65.4611294488      -65.2680722701      -65.0738705203    
  -64.8784952655      -64.6819165191      -64.4841037793      -64.2850265585    
  -64.0846548873      -63.8829597749      -63.6799136135      -63.4754905146    
  -63.2696665715      -63.0624200472      -62.8537314905      -62.6435837877    
  -62.4319621587      -62.2188541101      -62.0042493552      -61.7881397129    
  -61.5705189930      -61.3513828765      -61.1307287956      -60.9085558162    
  -60.6848645249      -60.4596569214      -60.2329363146      -60.0047072233    
  -59.7749752793      -59.5437471318      -59.3110303542      -59.0768333506    
  -58.8411652638      -58.6040358837      -58.3654555573      -58.1254351004    
  -57.8839857116      -57.6411188897      -57.3968463542      -57.1511799707    
  -56.9041316805      -56.6557134360      -56.4059371414      -56.1548145995    
  -55.9023574649      -55.6485772029      -55.3934850563      -55.1370920173    
  -54.8794088075      -54.6204458632      -54.3602133287      -54.0987210548    
  -53.8359786040      -53.5719952618      -53.3067800528      -53.0403417621    
  -52.7726889611      -52.5038300365      -52.2337732216      -51.9625266304    
  -51.6900982913      -51.4164961808      -51.1417282565      -50.8658024870    
  -50.5887268802      -50.3105095090      -50.0311585345      -49.7506822291    
  -49.4690890021      -49.1863874307      -48.9025863035      -48.6176946826    
  -48.3317219956      -48.0446781673      -47.7565738066      -47.4674204634    
  -47.1772309721      -46.8860198977      -46.5938040993      -46.3006034252    
  -46.0064415312      -45.7113468404      -45.4153536068      -45.1185030307    
  -44.8208444322      -44.5224363498      -44.2233474842      -43.9236573993    
  -43.6234568303      -43.3228474878      -43.0219412335      -42.7208585283    
  -42.4197260892      -42.1186737264      -41.8178303912      -41.5173195415    
  -41.2172539787      -40.9177304175      -40.6188241357      -40.3205841369    
  -40.0230293486      -39.7261464111      -39.4298895737      -39.1341830711    
  -38.8389260819      -38.5440000080      -38.2492774214      -37.9546317034    
  -37.6599462448      -37.3651221400      -37.0700835880      -36.7747806240    
  -36.4791892479      -36.1833093821      -35.8871613094      -35.5907813088    
  -35.2942171379      -34.9975238674      -34.7007603917      -34.4039867767    
  -34.1072624652      -33.8106452676      -33.5141910016      -33.2179536223    
  -32.9219856750      -32.6263389219      -32.3310650107      -32.0362160896    
  -31.7418452960      -31.4480070816      -31.1547573570      -30.8621534594    
  -30.5702539640      -30.2791183631      -29.9888066464      -29.6993788129    
  -29.4108943440      -29.1234116632      -28.8369876048      -28.5516769066    
  -28.2675317403      -27.9846012887      -27.7029313743      -27.4225641438    
  -27.1435378108      -26.8658864573      -26.5896398927      -26.3148235737    
  -26.0414585802      -25.7695616506      -25.4991452734      -25.2302178360    
  -24.9627838292      -24.6968441054      -24.4323961908      -24.1694346462    
  -23.9079514737      -23.6479365643      -23.3893781766      -23.1322634376    
  -22.8765788527      -22.6223108068      -22.3694460374      -22.1179720546    
  -21.8678774798      -21.6191522741      -21.3717878170      -21.1257768103    
  -20.8811129676      -20.6377904548      -20.3958030902      -20.1551432742    
  -19.9158006763      -19.6777607504      -19.4410031551      -19.2055002260    
  -18.9712157281      -18.7381041659      -18.5061110172      -18.2751743385    
  -18.0452282346      -17.8162087001      -17.5880622602      -17.3607576370    
  -17.1343002860      -16.9087490665      -16.6842335300      -16.4609694165    
  -16.2392690999      -16.0195431856      -15.8022895203      -15.5880668154    
  -15.3774520448      -15.1709836958      -14.9690964941      -14.7720567678    
  -14.5799102002      -14.3924541637      -14.2092440011      -14.0296361945    
  -13.8528625132      -13.6781208294      -13.5046637789      -13.3318679388    
  -13.1592730341      -12.9865897718      -12.8136825238      -12.6405369670    
  -12.4672227603      -12.2938587902      -12.1205851741      -11.9475433456    
  -11.7748636707      -11.6026591438      -11.4310234935      -11.2600321832    
  -11.0897450983      -10.9202100201      -10.7514662677      -10.5835480983    
  -10.4164876252      -10.2503171348      -10.0850707706      -9.92078561573    
  -9.75750224578      -9.59526484285      -9.43412097149      -9.27412111287    
  -9.11531804419      -8.95776613640      -8.80152062837      -8.64663692098    
  -8.49316992117      -8.34117345496      -8.19069975971      -8.04179905894    
  -7.89451921831      -7.74890547841      -7.60500025762      -7.46284301781    
  -7.32247018460      -7.18391511614      -7.04720810750      -6.91237643875    
  -6.77944443435      -6.64843354932      -6.51936249471      -6.39224733654    
  -6.26710162534      -6.14393653026      -6.02276097939      -5.90358177812    
  -5.78640373225      -5.67122981121      -5.55806122837      -5.44689755411    
  -5.33773683498      -5.23057567003      -5.12540929845      -5.02223166899    
  -4.92103550188      -4.82181234104      -4.72455259811      -4.62924558910    
  -4.53587956514      -4.44444173854      -4.35491830593      -4.26729446973    
  -4.18155445958      -4.09768155476      -4.01565810968      -3.93546557956    
  -3.85708455673      -3.78049479946      -3.70567526819      -3.63260417937    
  -3.56125903349      -3.49161665812      -3.42365325385      -3.35734442498    
  -3.29266521273      -3.22959011835      -3.16809311910      -3.10814767479    
  -3.04972672501      -2.99280267714      -2.93734738597      -2.88333212666    
  -2.83072756295      -2.77950371346      -2.72962991903      -2.68107481411    
  -2.63380630570      -2.58779156241      -2.54299701649      -2.49938838050    
  -2.45693068000      -2.41558830269      -2.37532506352      -2.33610428481    
  -2.29788888954      -2.26064150546      -2.22432457756      -2.18890048603    
  -2.15433166699      -2.12058073350      -2.08761059483      -2.05538457211    
  -2.02386650949      -1.99302088013      -1.96281288721      -1.93320856045    
  -1.90417484922      -1.87567971368      -1.84769221542      -1.82018260935    
  -1.79312243838      -1.76648463241      -1.74024361228      -1.71437539956    
  -1.68885773168      -1.66367018175      -1.63879428120      -1.61421364281    
  -1.58991408075      -1.56588372356      -1.54211311529      -1.51859529959    
  -1.49532588134      -1.47230306035      -1.44952763189      -1.42700294963    
  -1.40473484708      -1.38273151515      -1.36100333445      -1.33956266263    
  -1.31842357847      -1.29760158614      -1.27711328364      -1.25697600237    
  -1.23720742480      -1.21782518439      -1.19884646066      -1.18028757463    
  -1.16216359117      -1.14448793846      -1.12727204881      -1.11052502785    
  -1.09425335675      -1.07846063184      -1.06314734484      -1.04831070658    
  -1.03394451622      -1.02003907735      -1.00658116236     -0.993554025584    
 -0.980937465763     -0.968707938361     -0.956838716564     -0.945300102452    
 -0.934059685063     -0.923082645394     -0.912332107467     -0.901769526277    
 -0.891355119592     -0.881048325622     -0.870808287281     -0.860594362979    
 -0.850366627600     -0.840086395458     -0.829716721859     -0.819222865611    
 -0.808572761820     -0.797737414933     -0.786691234682     -0.775412353087    
 -0.763882839548     -0.752088847692     -0.740020703710     -0.727672909686    
 -0.715044080059     -0.702136810906     -0.688957488676     -0.675516046349    
 -0.661825675554     -0.647902504061     -0.633765248245     -0.619434849967    
 -0.604934106833     -0.590287304039     -0.575519855070     -0.560657957403    
 -0.545728268251     -0.530757604213     -0.515772667575     -0.500799801007    
 -0.485864771461     -0.470992583272     -0.456207319830     -0.441532012632    
 -0.426988536120     -0.412597526451     -0.398378322100     -0.384348924158    
 -0.370525974122     -0.356924747002     -0.343559157697     -0.330441778645    
 -0.317583866914     -0.304995399083     -0.292685112362     -0.280660550606    
 -0.268928114026     -0.257493111535     -0.246359814840     -0.235531513490    
 -0.225010570248     -0.214798476222     -0.204895905341     -0.195302767793    
 -0.186018262159     -0.177040926033     -0.168368684952     -0.159998899541    
 -0.151928410796     -0.144153583463     -0.136670347515     -0.129474237716    
 -0.122560431316     -0.115923783910     -0.109558863514     -0.103459982904    
 -0.976212302811E-01 -0.920364983396E-01 -0.866995117756E-01 -0.816038533169E-01
 -0.767429883249E-01 -0.721102880421E-01 -0.676990515138E-01 -0.635025262715E-01
 -0.595139278007E-01 -0.557264578513E-01 -0.521333216395E-01 -0.487277439748E-01
 -0.455029843503E-01 -0.424523510392E-01 -0.395692142265E-01 -0.368470182000E-01
 -0.342792926540E-01 -0.318596631004E-01 -0.295818604416E-01 -0.274397297215E-01
 -0.254272380744E-01 -0.235384819008E-01 -0.217676933054E-01 -0.201092457861E-01
 -0.185576592546E-01 -0.171076043459E-01 -0.157539061028E-01 -0.144915470139E-01
 -0.133156694522E-01 -0.122215775310E-01 -0.112047385375E-01 -0.102607848242E-01
 -0.938551214445E-02 -0.857487219839E-02 -0.782500379417E-02 -0.779897611544E-02
 -0.789706460429E-02 -0.799640048781E-02 -0.809698182331E-02 -0.819882904830E-02
 -0.830195712581E-02 -0.840638302337E-02 -0.851212288738E-02 -0.861919271347E-02
 -0.872760925407E-02 -0.883738946662E-02 -0.894855050974E-02 -0.906110976442E-02
 -0.917508482561E-02 -0.929049350273E-02 -0.940735383318E-02 -0.952568407772E-02
 -0.964550273146E-02 -0.976682851471E-02 -0.988968038604E-02 -0.100140775413E-01
 -0.101400394187E-01 -0.102675857005E-01 -0.103967363144E-01 -0.105275114414E-01
 -0.106599315180E-01 -0.107940172320E-01 -0.109297895361E-01 -0.110672696452E-01
 -0.112064790398E-01 -0.113474394756E-01 -0.114901729735E-01 -0.116347018375E-01
 -0.117810486501E-01 -0.119292362788E-01 -0.120792878786E-01 -0.122312268954E-01
 -0.123850770690E-01 -0.125408624389E-01 -0.126986073461E-01 -0.128583364400E-01
 -0.130200746800E-01 -0.131838473361E-01 -0.133496799978E-01 -0.135175985776E-01
 -0.136876293115E-01 -0.138597987699E-01 -0.140341338518E-01 -0.142106617990E-01
 -0.143894101951E-01 -0.145704069691E-01 -0.147536804014E-01 -0.149392591279E-01
 -0.151271721507E-01 -0.153174488262E-01 -0.155101188875E-01 -0.157052124386E-01
 -0.159027599645E-01 -0.161027923333E-01 -0.163053407965E-01 -0.165104370092E-01
 -0.167181130101E-01 -0.169284012586E-01 -0.171413346041E-01 -0.173569463211E-01
 -0.175752700989E-01 -0.177963400529E-01 -0.180201907244E-01 -0.182468570894E-01
 -0.184763745659E-01 -0.187087790189E-01 -0.189441067579E-01 -0.191823945558E-01
 -0.194236796445E-01 -0.196679997227E-01 -0.199153929743E-01 -0.201658980486E-01
 -0.204195540865E-01 -0.206764007230E-01 -0.209364780964E-01 -0.211998268394E-01
 -0.214664881006E-01 -0.217365035471E-01 -0.220099153708E-01 -0.222867662900E-01
 -0.225670995642E-01 -0.228509589980E-01 -0.231383889425E-01 -0.234294343153E-01
 -0.237241405850E-01 -0.240225537982E-01 -0.243247205948E-01 -0.246306881772E-01
 -0.249405043615E-01 -0.252542175499E-01 -0.255718767656E-01 -0.258935316424E-01
 -0.262192324372E-01 -0.265490300452E-01 -0.268829759949E-01 -0.272211224721E-01
 -0.275635223006E-01 -0.279102289962E-01 -0.282612967194E-01 -0.286167803289E-01
 -0.289767353729E-01 -0.293412180919E-01 -0.297102854403E-01 -0.300839950854E-01
 -0.304624054145E-01 -0.308455755661E-01 -0.312335654013E-01 -0.316264355458E-01
 -0.320242473894E-01 -0.324270630923E-01 -0.328349455940E-01 -0.332479586213E-01
 -0.336661667127E-01 -0.340896352183E-01 -0.345184303035E-01 -0.349526189648E-01
 -0.353922690461E-01 -0.358374492429E-01 -0.362882291189E-01 -0.367446791087E-01
 -0.372068705330E-01 -0.376748756071E-01 -0.381487674643E-01 -0.386286201400E-01
 -0.391145086227E-01 -0.396065088374E-01 -0.401046976442E-01 -0.406091528982E-01
 -0.411199534175E-01 -0.416371790152E-01 -0.421609105147E-01
